   1.0000000000000000e+00   4.1192486882209778e-02
   2.0000000000000000e+00   4.6487186104059219e-02
   3.0000000000000000e+00   5.1645189523696899e-02
   4.0000000000000000e+00   5.7420954108238220e-02
   5.0000000000000000e+00   6.2903828918933868e-02
   6.0000000000000000e+00   6.8845853209495544e-02
   7.0000000000000000e+00   7.4296556413173676e-02
   8.0000000000000000e+00   7.9408302903175354e-02
   9.0000000000000000e+00   8.9230321347713470e-02
   1.0000000000000000e+01   9.9117398262023926e-02
   1.1000000000000000e+01   1.0870597511529922e-01
   1.2000000000000000e+01   1.1803822964429855e-01
   1.3000000000000000e+01   1.2717381119728088e-01
   1.4000000000000000e+01   1.3541336357593536e-01
   1.5000000000000000e+01   1.4296700060367584e-01
   1.6000000000000000e+01   1.4969871938228607e-01
   1.7000000000000000e+01   1.5603193640708923e-01
   1.8000000000000000e+01   1.6186586022377014e-01
   1.9000000000000000e+01   1.6652749478816986e-01
   2.0000000000000000e+01   1.7044022679328918e-01
   2.1000000000000000e+01   1.7309902608394623e-01
   2.2000000000000000e+01   1.7568956315517426e-01
   2.3000000000000000e+01   1.7781667411327362e-01
   2.4000000000000000e+01   1.7933347821235657e-01
   2.5000000000000000e+01   1.8065357208251953e-01
   2.6000000000000000e+01   1.8143589794635773e-01
   2.7000000000000000e+01   1.8154181540012360e-01
   2.8000000000000000e+01   1.8119250237941742e-01
   2.9000000000000000e+01   1.8037550151348114e-01
   3.0000000000000000e+01   1.7973484098911285e-01
   3.1000000000000000e+01   1.7876854538917542e-01
   3.2000000000000000e+01   1.7730872333049774e-01
   3.3000000000000000e+01   1.7610619962215424e-01
   3.4000000000000000e+01   1.7470207810401917e-01
   3.5000000000000000e+01   1.7304651439189911e-01
   3.6000000000000000e+01   1.7155981063842773e-01
   3.7000000000000000e+01   1.6985668241977692e-01
   3.8000000000000000e+01   1.6773435473442078e-01
   3.9000000000000000e+01   1.6573186218738556e-01
   4.0000000000000000e+01   1.6321229934692383e-01
   4.1000000000000000e+01   1.6133137047290802e-01
   4.2000000000000000e+01   1.5931105613708496e-01
   4.3000000000000000e+01   1.5740469098091125e-01
   4.4000000000000000e+01   1.5565444529056549e-01
   4.5000000000000000e+01   1.5349993109703064e-01
   4.6000000000000000e+01   1.5124464035034180e-01
   4.7000000000000000e+01   1.4936171472072601e-01
   4.8000000000000000e+01   1.4713789522647858e-01
   4.9000000000000000e+01   1.4482736587524414e-01
   5.0000000000000000e+01   1.4301986992359161e-01
   5.1000000000000000e+01   1.4095573127269745e-01
   5.2000000000000000e+01   1.3827532529830933e-01
   5.3000000000000000e+01   1.3613012433052063e-01
   5.4000000000000000e+01   1.3406871259212494e-01
   5.5000000000000000e+01   1.3232509791851044e-01
   5.6000000000000000e+01   1.2976047396659851e-01
   5.7000000000000000e+01   1.2774914503097534e-01
   5.8000000000000000e+01   1.2545411288738251e-01
   5.9000000000000000e+01   1.2320122867822647e-01
   6.0000000000000000e+01   1.2083906680345535e-01
   6.1000000000000000e+01   1.1907365173101425e-01
   6.2000000000000000e+01   1.1709144711494446e-01
   6.3000000000000000e+01   1.1488861590623856e-01
   6.4000000000000000e+01   1.1297883838415146e-01
   6.5000000000000000e+01   1.1108640581369400e-01
   6.6000000000000000e+01   1.0924937576055527e-01
   6.7000000000000000e+01   1.0800595581531525e-01
   6.8000000000000000e+01   1.0635592788457870e-01
   6.9000000000000000e+01   1.0462285578250885e-01
   7.0000000000000000e+01   1.0261223465204239e-01
   7.1000000000000000e+01   1.0130485892295837e-01
   7.2000000000000000e+01   9.9628515541553497e-02
   7.3000000000000000e+01   9.8162919282913208e-02
   7.4000000000000000e+01   9.6685819327831268e-02
   7.5000000000000000e+01   9.5576919615268707e-02
   7.6000000000000000e+01   9.3871116638183594e-02
   7.7000000000000000e+01   9.2273458838462830e-02
   7.8000000000000000e+01   9.1166771948337555e-02
   7.9000000000000000e+01   8.9936383068561554e-02
   8.0000000000000000e+01   8.8506124913692474e-02
   8.1000000000000000e+01   8.7150529026985168e-02
   8.2000000000000000e+01   8.5655853152275085e-02
   8.3000000000000000e+01   8.4342814981937408e-02
   8.4000000000000000e+01   8.3217829465866089e-02
   8.5000000000000000e+01   8.2059368491172791e-02
   8.6000000000000000e+01   8.0567441880702972e-02
   8.7000000000000000e+01   7.9372964799404144e-02
   8.8000000000000000e+01   7.7914170920848846e-02
   8.9000000000000000e+01   7.6831527054309845e-02
   9.0000000000000000e+01   7.5620137155056000e-02
   9.1000000000000000e+01   7.4508577585220337e-02
   9.2000000000000000e+01   7.3343515396118164e-02
   9.3000000000000000e+01   7.1681804955005646e-02
   9.4000000000000000e+01   7.0418514311313629e-02
   9.5000000000000000e+01   6.8974524736404419e-02
   9.6000000000000000e+01   6.7686535418033600e-02
   9.7000000000000000e+01   6.6286630928516388e-02
   9.8000000000000000e+01   6.5088681876659393e-02
   9.9000000000000000e+01   6.3894286751747131e-02
   1.0000000000000000e+02   6.2500379979610443e-02
   1.0100000000000000e+02   6.1269234865903854e-02
   1.0200000000000000e+02   5.9925336390733719e-02
   1.0300000000000000e+02   5.8743979781866074e-02
   1.0400000000000000e+02   5.7345263659954071e-02
   1.0500000000000000e+02   5.5765654891729355e-02
   1.0600000000000000e+02   5.4551679641008377e-02
   1.0700000000000000e+02   5.3630191832780838e-02
   1.0800000000000000e+02   5.2765861153602600e-02
   1.0900000000000000e+02   5.1502782851457596e-02
   1.1000000000000000e+02   5.0512991845607758e-02
   1.1100000000000000e+02   4.9348872154951096e-02
   1.1200000000000000e+02   4.8097047954797745e-02
   1.1300000000000000e+02   4.6919785439968109e-02
   1.1400000000000000e+02   4.5449022203683853e-02
   1.1500000000000000e+02   4.4533658772706985e-02
   1.1600000000000000e+02   4.3795339763164520e-02
   1.1700000000000000e+02   4.2956147342920303e-02
   1.1800000000000000e+02   4.1891317814588547e-02
   1.1900000000000000e+02   4.0831126272678375e-02
   1.2000000000000000e+02   3.9995145052671432e-02
   1.2100000000000000e+02   3.8980256766080856e-02
   1.2200000000000000e+02   3.7836167961359024e-02
   1.2300000000000000e+02   3.6852009594440460e-02
   1.2400000000000000e+02   3.5894393920898438e-02
   1.2500000000000000e+02   3.4902609884738922e-02
   1.2600000000000000e+02   3.4001298248767853e-02
   1.2700000000000000e+02   3.3248465508222580e-02
   1.2800000000000000e+02   3.2380383461713791e-02
   1.2900000000000000e+02   3.1574573367834091e-02
   1.3000000000000000e+02   3.0602421611547470e-02
   1.3100000000000000e+02   2.9551973566412926e-02
   1.3200000000000000e+02   2.8596514835953712e-02
   1.3300000000000000e+02   2.7751069515943527e-02
   1.3400000000000000e+02   2.7060080319643021e-02
   1.3500000000000000e+02   2.6217494159936905e-02
   1.3600000000000000e+02   2.5356642901897430e-02
   1.3700000000000000e+02   2.4559080600738525e-02
   1.3800000000000000e+02   2.3602399975061417e-02
   1.3900000000000000e+02   2.2774381563067436e-02
   1.4000000000000000e+02   2.1981138736009598e-02
   1.4100000000000000e+02   2.1319603547453880e-02
   1.4200000000000000e+02   2.0647672936320305e-02
   1.4300000000000000e+02   1.9959373399615288e-02
   1.4400000000000000e+02   1.9334644079208374e-02
   1.4500000000000000e+02   1.8755963072180748e-02
   1.4600000000000000e+02   1.8113728612661362e-02
   1.4700000000000000e+02   1.7479369416832924e-02
   1.4800000000000000e+02   1.6903886571526527e-02
   1.4900000000000000e+02   1.6292773187160492e-02
   1.5000000000000000e+02   1.5715772286057472e-02
   1.5100000000000000e+02   1.5156726352870464e-02
   1.5200000000000000e+02   1.4515658840537071e-02
   1.5300000000000000e+02   1.4104733243584633e-02
   1.5400000000000000e+02   1.3485177420079708e-02
   1.5500000000000000e+02   1.2985656969249249e-02
   1.5600000000000000e+02   1.2342297472059727e-02
   1.5700000000000000e+02   1.1838412843644619e-02
   1.5800000000000000e+02   1.1329302564263344e-02
   1.5900000000000000e+02   1.0929895564913750e-02
   1.6000000000000000e+02   1.0445619933307171e-02
   1.6100000000000000e+02   9.9665513262152672e-03
   1.6200000000000000e+02   9.5127644017338753e-03
   1.6300000000000000e+02   9.1158142313361168e-03
   1.6400000000000000e+02   8.6840093135833740e-03
   1.6500000000000000e+02   8.3693992346525192e-03
   1.6600000000000000e+02   8.0589661374688148e-03
   1.6700000000000000e+02   7.7778738923370838e-03
   1.6800000000000000e+02   7.3887337930500507e-03
   1.6900000000000000e+02   7.2246510535478592e-03
   1.7000000000000000e+02   6.9197881966829300e-03
   1.7100000000000000e+02   6.6674179397523403e-03
   1.7200000000000000e+02   6.3855354674160480e-03
   1.7300000000000000e+02   6.1396849341690540e-03
   1.7400000000000000e+02   5.8166882954537868e-03
   1.7500000000000000e+02   5.5638044141232967e-03
   1.7600000000000000e+02   5.3318003192543983e-03
   1.7700000000000000e+02   5.1595154218375683e-03
   1.7800000000000000e+02   4.9911579117178917e-03
   1.7900000000000000e+02   4.8117171972990036e-03
   1.8000000000000000e+02   4.5937118120491505e-03
   1.8100000000000000e+02   4.3536545708775520e-03
   1.8200000000000000e+02   4.1560595855116844e-03
   1.8300000000000000e+02   3.9470586925745010e-03
   1.8400000000000000e+02   3.7230693269520998e-03
   1.8500000000000000e+02   3.6052200011909008e-03
   1.8600000000000000e+02   3.4074047580361366e-03
   1.8700000000000000e+02   3.2676164992153645e-03
   1.8800000000000000e+02   3.1274496577680111e-03
   1.8900000000000000e+02   2.9668055940419436e-03
   1.9000000000000000e+02   2.8104961384087801e-03
   1.9100000000000000e+02   2.7226628735661507e-03
   1.9200000000000000e+02   2.5773900561034679e-03
   1.9300000000000000e+02   2.4486447218805552e-03
   1.9400000000000000e+02   2.3014999460428953e-03
   1.9500000000000000e+02   2.1898695267736912e-03
   1.9600000000000000e+02   2.0815667230635881e-03
   1.9700000000000000e+02   1.9902971107512712e-03
   1.9800000000000000e+02   1.9276406383141875e-03
   1.9900000000000000e+02   1.8581066979095340e-03
   2.0000000000000000e+02   1.7393211601302028e-03
   2.0100000000000000e+02   1.6761986771598458e-03
   2.0200000000000000e+02   1.6029202379286289e-03
   2.0300000000000000e+02   1.5451512299478054e-03
   2.0400000000000000e+02   1.4839377254247665e-03
   2.0500000000000000e+02   1.4345553936436772e-03
   2.0600000000000000e+02   1.3751793885603547e-03
   2.0700000000000000e+02   1.3296395773068070e-03
   2.0800000000000000e+02   1.2709640432149172e-03
   2.0900000000000000e+02   1.2410280760377645e-03
   2.1000000000000000e+02   1.2045807670801878e-03
   2.1100000000000000e+02   1.1792383156716824e-03
   2.1200000000000000e+02   1.1432860046625137e-03
   2.1300000000000000e+02   1.1191144585609436e-03
   2.1400000000000000e+02   1.0867490200325847e-03
   2.1500000000000000e+02   1.0687663452699780e-03
   2.1600000000000000e+02   1.0421086335554719e-03
   2.1700000000000000e+02   1.0323566384613514e-03
   2.1800000000000000e+02   1.0168541921302676e-03
   2.1900000000000000e+02   1.0023794602602720e-03
   2.2000000000000000e+02   9.8192179575562477e-04
   2.2100000000000000e+02   9.4433105550706387e-04
   2.2200000000000000e+02   9.1101578436791897e-04
   2.2300000000000000e+02   8.9575443416833878e-04
   2.2400000000000000e+02   8.7422592332586646e-04
   2.2500000000000000e+02   8.4992335177958012e-04
   2.2600000000000000e+02   8.3941058255732059e-04
   2.2700000000000000e+02   8.2858285168185830e-04
   2.2800000000000000e+02   8.0074672587215900e-04
   2.2900000000000000e+02   7.8959611710160971e-04
   2.3000000000000000e+02   7.6628278475254774e-04
   2.3100000000000000e+02   7.5089151505380869e-04
   2.3200000000000000e+02   7.2935520438477397e-04
   2.3300000000000000e+02   7.1660062531009316e-04
   2.3400000000000000e+02   7.0439960109069943e-04
   2.3500000000000000e+02   6.9608533522114158e-04
   2.3600000000000000e+02   7.0532015524804592e-04
   2.3700000000000000e+02   7.0371961919590831e-04
   2.3800000000000000e+02   6.9636502303183079e-04
   2.3900000000000000e+02   6.9342582719400525e-04
   2.4000000000000000e+02   6.8426172947511077e-04
   2.4100000000000000e+02   6.8671267945319414e-04
   2.4200000000000000e+02   6.7424750886857510e-04
   2.4300000000000000e+02   6.8596086930483580e-04
   2.4400000000000000e+02   6.8546563852578402e-04
   2.4500000000000000e+02   6.8197509972378612e-04
   2.4600000000000000e+02   6.8184651900082827e-04
   2.4700000000000000e+02   6.8565300898626447e-04
   2.4800000000000000e+02   6.8034778814762831e-04
   2.4900000000000000e+02   6.7934760591015220e-04
   2.5000000000000000e+02   6.8683462450280786e-04
   2.5100000000000000e+02   6.7166332155466080e-04
   2.5200000000000000e+02   6.7578250309452415e-04
   2.5300000000000000e+02   6.7381461849436164e-04
   2.5400000000000000e+02   6.6810991847887635e-04
   2.5500000000000000e+02   6.6790793789550662e-04
   2.5600000000000000e+02   6.5909442491829395e-04
   2.5700000000000000e+02   6.7035487154498696e-04
   2.5800000000000000e+02   6.6369195701554418e-04
   2.5900000000000000e+02   6.5069651464000344e-04
   2.6000000000000000e+02   6.4561894396319985e-04
   2.6100000000000000e+02   6.3665700145065784e-04
   2.6200000000000000e+02   6.3237606082111597e-04
   2.6300000000000000e+02   6.3139485428109765e-04
   2.6400000000000000e+02   6.2054913723841310e-04
   2.6500000000000000e+02   6.0142780421301723e-04
   2.6600000000000000e+02   6.0184980975463986e-04
   2.6700000000000000e+02   5.8790604816749692e-04
   2.6800000000000000e+02   5.8569415705278516e-04
   2.6900000000000000e+02   5.7737866882234812e-04
   2.7000000000000000e+02   5.7491683401167393e-04
   2.7100000000000000e+02   5.7913933414965868e-04
   2.7200000000000000e+02   5.6857825256884098e-04
   2.7300000000000000e+02   5.5512395920231938e-04
   2.7400000000000000e+02   5.3926761029288173e-04
   2.7500000000000000e+02   5.3917121840640903e-04
   2.7600000000000000e+02   5.3696043323725462e-04
   2.7700000000000000e+02   5.3436751477420330e-04
   2.7800000000000000e+02   5.2681309171020985e-04
   2.7900000000000000e+02   5.3133122855797410e-04
   2.8000000000000000e+02   5.4077722597867250e-04
   2.8100000000000000e+02   5.2999367471784353e-04
   2.8200000000000000e+02   5.3505809046328068e-04
   2.8300000000000000e+02   5.2834011148661375e-04
   2.8400000000000000e+02   5.3268217016011477e-04
   2.8500000000000000e+02   5.3512823069468141e-04
   2.8600000000000000e+02   5.1340874051675200e-04
   2.8700000000000000e+02   5.0301506416872144e-04
   2.8800000000000000e+02   4.9061950994655490e-04
   2.8900000000000000e+02   4.8662087647244334e-04
   2.9000000000000000e+02   4.8419571248814464e-04
   2.9100000000000000e+02   4.7356178401969373e-04
   2.9200000000000000e+02   4.5981368748471141e-04
   2.9300000000000000e+02   4.5312818838283420e-04
   2.9400000000000000e+02   4.4787381193600595e-04
   2.9500000000000000e+02   4.3349838233552873e-04
   2.9600000000000000e+02   4.3362309224903584e-04
   2.9700000000000000e+02   4.2165751801803708e-04
   2.9800000000000000e+02   4.1163479909300804e-04
   2.9900000000000000e+02   3.9980266592465341e-04
   3.0000000000000000e+02   3.8063607644289732e-04
