   1.0000000000000000e+00   1.4047423005104065e-01
   2.0000000000000000e+00   1.4104621112346649e-01
   3.0000000000000000e+00   1.4160959422588348e-01
   4.0000000000000000e+00   1.4240644872188568e-01
   5.0000000000000000e+00   1.4321315288543701e-01
   6.0000000000000000e+00   1.4409476518630981e-01
   7.0000000000000000e+00   1.4507982134819031e-01
   8.0000000000000000e+00   1.4600636065006256e-01
   9.0000000000000000e+00   1.4705279469490051e-01
   1.0000000000000000e+01   1.4835762977600098e-01
   1.1000000000000000e+01   1.5008766949176788e-01
   1.2000000000000000e+01   1.5217767655849457e-01
   1.3000000000000000e+01   1.5413007140159607e-01
   1.4000000000000000e+01   1.5600706636905670e-01
   1.5000000000000000e+01   1.5809607505798340e-01
   1.6000000000000000e+01   1.6001731157302856e-01
   1.7000000000000000e+01   1.6137224435806274e-01
   1.8000000000000000e+01   1.6269131004810333e-01
   1.9000000000000000e+01   1.6349244117736816e-01
   2.0000000000000000e+01   1.6394419968128204e-01
   2.1000000000000000e+01   1.6445814073085785e-01
   2.2000000000000000e+01   1.6439615190029144e-01
   2.3000000000000000e+01   1.6421458125114441e-01
   2.4000000000000000e+01   1.6376952826976776e-01
   2.5000000000000000e+01   1.6311317682266235e-01
   2.6000000000000000e+01   1.6224291920661926e-01
   2.7000000000000000e+01   1.6113205254077911e-01
   2.8000000000000000e+01   1.5982605516910553e-01
   2.9000000000000000e+01   1.5834037959575653e-01
   3.0000000000000000e+01   1.5686172246932983e-01
   3.1000000000000000e+01   1.5496949851512909e-01
   3.2000000000000000e+01   1.5344804525375366e-01
   3.3000000000000000e+01   1.5157194435596466e-01
   3.4000000000000000e+01   1.4979214966297150e-01
   3.5000000000000000e+01   1.4826528728008270e-01
   3.6000000000000000e+01   1.4641363918781281e-01
   3.7000000000000000e+01   1.4470382034778595e-01
   3.8000000000000000e+01   1.4270433783531189e-01
   3.9000000000000000e+01   1.4072622358798981e-01
   4.0000000000000000e+01   1.3887192308902740e-01
   4.1000000000000000e+01   1.3672976195812225e-01
   4.2000000000000000e+01   1.3493968546390533e-01
   4.3000000000000000e+01   1.3301554322242737e-01
   4.4000000000000000e+01   1.3107194006443024e-01
   4.5000000000000000e+01   1.2885694205760956e-01
   4.6000000000000000e+01   1.2711225450038910e-01
   4.7000000000000000e+01   1.2503769993782043e-01
   4.8000000000000000e+01   1.2329780310392380e-01
   4.9000000000000000e+01   1.2166749686002731e-01
   5.0000000000000000e+01   1.1975332349538803e-01
   5.1000000000000000e+01   1.1798501014709473e-01
   5.2000000000000000e+01   1.1638280749320984e-01
   5.3000000000000000e+01   1.1477991938591003e-01
   5.4000000000000000e+01   1.1306974291801453e-01
   5.5000000000000000e+01   1.1144194006919861e-01
   5.6000000000000000e+01   1.0993194580078125e-01
   5.7000000000000000e+01   1.0800482332706451e-01
   5.8000000000000000e+01   1.0621456056833267e-01
   5.9000000000000000e+01   1.0476641356945038e-01
   6.0000000000000000e+01   1.0316149890422821e-01
   6.1000000000000000e+01   1.0165759921073914e-01
   6.2000000000000000e+01   1.0001436620950699e-01
   6.3000000000000000e+01   9.8379157483577728e-02
   6.4000000000000000e+01   9.6664153039455414e-02
   6.5000000000000000e+01   9.4927959144115448e-02
   6.6000000000000000e+01   9.3214794993400574e-02
   6.7000000000000000e+01   9.1188833117485046e-02
   6.8000000000000000e+01   8.9701272547245026e-02
   6.9000000000000000e+01   8.8101774454116821e-02
   7.0000000000000000e+01   8.6589865386486053e-02
   7.1000000000000000e+01   8.4871500730514526e-02
   7.2000000000000000e+01   8.3249166607856750e-02
   7.3000000000000000e+01   8.1768885254859924e-02
   7.4000000000000000e+01   8.0105990171432495e-02
   7.5000000000000000e+01   7.8491643071174622e-02
   7.6000000000000000e+01   7.6657176017761230e-02
   7.7000000000000000e+01   7.5216598808765411e-02
   7.8000000000000000e+01   7.3533147573471069e-02
   7.9000000000000000e+01   7.1971826255321503e-02
   8.0000000000000000e+01   7.0665992796421051e-02
   8.1000000000000000e+01   6.9159761071205139e-02
   8.2000000000000000e+01   6.7947402596473694e-02
   8.3000000000000000e+01   6.6467359662055969e-02
   8.4000000000000000e+01   6.5262369811534882e-02
   8.5000000000000000e+01   6.3528202474117279e-02
   8.6000000000000000e+01   6.2103282660245895e-02
   8.7000000000000000e+01   6.0908980667591095e-02
   8.8000000000000000e+01   5.9344138950109482e-02
   8.9000000000000000e+01   5.8029368519783020e-02
   9.0000000000000000e+01   5.6601449847221375e-02
   9.1000000000000000e+01   5.5386047810316086e-02
   9.2000000000000000e+01   5.4135169833898544e-02
   9.3000000000000000e+01   5.2943967282772064e-02
   9.4000000000000000e+01   5.1731102168560028e-02
   9.5000000000000000e+01   5.0448130816221237e-02
   9.6000000000000000e+01   4.9233261495828629e-02
   9.7000000000000000e+01   4.8066653311252594e-02
   9.8000000000000000e+01   4.6755068004131317e-02
   9.9000000000000000e+01   4.5526325702667236e-02
   1.0000000000000000e+02   4.4645957648754120e-02
   1.0100000000000000e+02   4.3677948415279388e-02
   1.0200000000000000e+02   4.2659893631935120e-02
   1.0300000000000000e+02   4.1742309927940369e-02
   1.0400000000000000e+02   4.0744893252849579e-02
   1.0500000000000000e+02   3.9768967777490616e-02
   1.0600000000000000e+02   3.8649149239063263e-02
   1.0700000000000000e+02   3.7675939500331879e-02
   1.0800000000000000e+02   3.6665070801973343e-02
   1.0900000000000000e+02   3.5724420100450516e-02
   1.1000000000000000e+02   3.4731540828943253e-02
   1.1100000000000000e+02   3.3778373152017593e-02
   1.1200000000000000e+02   3.2850258052349091e-02
   1.1300000000000000e+02   3.2099936157464981e-02
   1.1400000000000000e+02   3.1149262562394142e-02
   1.1500000000000000e+02   3.0141053721308708e-02
   1.1600000000000000e+02   2.9172355309128761e-02
   1.1700000000000000e+02   2.8121557086706161e-02
   1.1800000000000000e+02   2.7315901592373848e-02
   1.1900000000000000e+02   2.6558497920632362e-02
   1.2000000000000000e+02   2.5747098028659821e-02
   1.2100000000000000e+02   2.5023868307471275e-02
   1.2200000000000000e+02   2.4043211713433266e-02
   1.2300000000000000e+02   2.3287465795874596e-02
   1.2400000000000000e+02   2.2467454895377159e-02
   1.2500000000000000e+02   2.1822232753038406e-02
   1.2600000000000000e+02   2.1046631038188934e-02
   1.2700000000000000e+02   2.0331997424364090e-02
   1.2800000000000000e+02   1.9582159817218781e-02
   1.2900000000000000e+02   1.8894331529736519e-02
   1.3000000000000000e+02   1.8258536234498024e-02
   1.3100000000000000e+02   1.7813187092542648e-02
   1.3200000000000000e+02   1.7339957877993584e-02
   1.3300000000000000e+02   1.6737870872020721e-02
   1.3400000000000000e+02   1.6000743955373764e-02
   1.3500000000000000e+02   1.5573656186461449e-02
   1.3600000000000000e+02   1.5054571442306042e-02
   1.3700000000000000e+02   1.4654977247118950e-02
   1.3800000000000000e+02   1.4254192821681499e-02
   1.3900000000000000e+02   1.3912102207541466e-02
   1.4000000000000000e+02   1.3480386696755886e-02
   1.4100000000000000e+02   1.3115664944052696e-02
   1.4200000000000000e+02   1.2724621221423149e-02
   1.4300000000000000e+02   1.2343368493020535e-02
   1.4400000000000000e+02   1.2001502327620983e-02
   1.4500000000000000e+02   1.1694435961544514e-02
   1.4600000000000000e+02   1.1316133663058281e-02
   1.4700000000000000e+02   1.1070189066231251e-02
   1.4800000000000000e+02   1.0848673991858959e-02
   1.4900000000000000e+02   1.0641916655004025e-02
   1.5000000000000000e+02   1.0304500348865986e-02
   1.5100000000000000e+02   1.0037931613624096e-02
   1.5200000000000000e+02   9.7985900938510895e-03
   1.5300000000000000e+02   9.4323167577385902e-03
   1.5400000000000000e+02   9.1660320758819580e-03
   1.5500000000000000e+02   8.9260460808873177e-03
   1.5600000000000000e+02   8.7323281913995743e-03
   1.5700000000000000e+02   8.4646297618746758e-03
   1.5800000000000000e+02   8.2896081730723381e-03
   1.5900000000000000e+02   8.0787595361471176e-03
   1.6000000000000000e+02   7.9026408493518829e-03
   1.6100000000000000e+02   7.7135642059147358e-03
   1.6200000000000000e+02   7.5000347569584846e-03
   1.6300000000000000e+02   7.2636520490050316e-03
   1.6400000000000000e+02   7.0504355244338512e-03
   1.6500000000000000e+02   6.8917823955416679e-03
   1.6600000000000000e+02   6.7048952914774418e-03
   1.6700000000000000e+02   6.5116318874061108e-03
   1.6800000000000000e+02   6.3857422210276127e-03
   1.6900000000000000e+02   6.1363554559648037e-03
   1.7000000000000000e+02   5.9405690990388393e-03
   1.7100000000000000e+02   5.7207820937037468e-03
   1.7200000000000000e+02   5.5507696233689785e-03
   1.7300000000000000e+02   5.3901346400380135e-03
   1.7400000000000000e+02   5.2427533082664013e-03
   1.7500000000000000e+02   5.0788614898920059e-03
   1.7600000000000000e+02   4.9360021948814392e-03
   1.7700000000000000e+02   4.7261337749660015e-03
   1.7800000000000000e+02   4.5139882713556290e-03
   1.7900000000000000e+02   4.3206191621720791e-03
   1.8000000000000000e+02   4.1751954704523087e-03
   1.8100000000000000e+02   4.0533347055315971e-03
   1.8200000000000000e+02   3.9400481618940830e-03
   1.8300000000000000e+02   3.8471040315926075e-03
   1.8400000000000000e+02   3.7542944774031639e-03
   1.8500000000000000e+02   3.6168089136481285e-03
   1.8600000000000000e+02   3.5445503890514374e-03
   1.8700000000000000e+02   3.4668412990868092e-03
   1.8800000000000000e+02   3.3303035888820887e-03
   1.8900000000000000e+02   3.2428929116576910e-03
   1.9000000000000000e+02   3.1729564070701599e-03
   1.9100000000000000e+02   3.0595720745623112e-03
   1.9200000000000000e+02   3.0152029357850552e-03
   1.9300000000000000e+02   2.9526355210691690e-03
   1.9400000000000000e+02   2.9114012140780687e-03
   1.9500000000000000e+02   2.8494936414062977e-03
   1.9600000000000000e+02   2.7665053494274616e-03
   1.9700000000000000e+02   2.6809275150299072e-03
   1.9800000000000000e+02   2.6151342317461967e-03
   1.9900000000000000e+02   2.5442801415920258e-03
   2.0000000000000000e+02   2.4984367191791534e-03
   2.0100000000000000e+02   2.4434453807771206e-03
   2.0200000000000000e+02   2.3747172672301531e-03
   2.0300000000000000e+02   2.3148942273110151e-03
   2.0400000000000000e+02   2.2700240369886160e-03
   2.0500000000000000e+02   2.1901798900216818e-03
   2.0600000000000000e+02   2.1527160424739122e-03
   2.0700000000000000e+02   2.0809068810194731e-03
   2.0800000000000000e+02   2.0389540586620569e-03
   2.0900000000000000e+02   2.0006562117487192e-03
   2.1000000000000000e+02   1.9410420209169388e-03
   2.1100000000000000e+02   1.9026264781132340e-03
   2.1200000000000000e+02   1.8756710924208164e-03
   2.1300000000000000e+02   1.8404016736894846e-03
   2.1400000000000000e+02   1.8107320647686720e-03
   2.1500000000000000e+02   1.7920286627486348e-03
   2.1600000000000000e+02   1.7586674075573683e-03
   2.1700000000000000e+02   1.7351851565763354e-03
   2.1800000000000000e+02   1.7247536452487111e-03
   2.1900000000000000e+02   1.6876439331099391e-03
   2.2000000000000000e+02   1.6784152248874307e-03
   2.2100000000000000e+02   1.6434811986982822e-03
   2.2200000000000000e+02   1.6238082898780704e-03
   2.2300000000000000e+02   1.6028957907110453e-03
   2.2400000000000000e+02   1.5782258706167340e-03
   2.2500000000000000e+02   1.5652035363018513e-03
   2.2600000000000000e+02   1.5671956352889538e-03
   2.2700000000000000e+02   1.5312656760215759e-03
   2.2800000000000000e+02   1.5105972997844219e-03
   2.2900000000000000e+02   1.4829119900241494e-03
   2.3000000000000000e+02   1.4422140084207058e-03
   2.3100000000000000e+02   1.4212469104677439e-03
   2.3200000000000000e+02   1.3988524442538619e-03
   2.3300000000000000e+02   1.3800414744764566e-03
   2.3400000000000000e+02   1.3696479145437479e-03
   2.3500000000000000e+02   1.3440896291285753e-03
   2.3600000000000000e+02   1.3502027140930295e-03
   2.3700000000000000e+02   1.3469151454046369e-03
   2.3800000000000000e+02   1.3267433969303966e-03
   2.3900000000000000e+02   1.3109428109601140e-03
   2.4000000000000000e+02   1.2931432574987411e-03
   2.4100000000000000e+02   1.2676711194217205e-03
   2.4200000000000000e+02   1.2471451191231608e-03
   2.4300000000000000e+02   1.2543892953544855e-03
   2.4400000000000000e+02   1.2547156075015664e-03
   2.4500000000000000e+02   1.2682895176112652e-03
   2.4600000000000000e+02   1.2639274355024099e-03
   2.4700000000000000e+02   1.2726208660751581e-03
   2.4800000000000000e+02   1.2686143163591623e-03
   2.4900000000000000e+02   1.2774046044796705e-03
   2.5000000000000000e+02   1.2762304395437241e-03
   2.5100000000000000e+02   1.2505109189078212e-03
   2.5200000000000000e+02   1.2570830294862390e-03
   2.5300000000000000e+02   1.2611788697540760e-03
   2.5400000000000000e+02   1.2845561141148210e-03
   2.5500000000000000e+02   1.2864542659372091e-03
   2.5600000000000000e+02   1.2878001434728503e-03
   2.5700000000000000e+02   1.3040039921179414e-03
   2.5800000000000000e+02   1.2908808421343565e-03
   2.5900000000000000e+02   1.2853763764724135e-03
   2.6000000000000000e+02   1.2642925139516592e-03
   2.6100000000000000e+02   1.2620597844943404e-03
   2.6200000000000000e+02   1.2268807040527463e-03
   2.6300000000000000e+02   1.2112010736018419e-03
   2.6400000000000000e+02   1.1892946204170585e-03
   2.6500000000000000e+02   1.1759508633986115e-03
   2.6600000000000000e+02   1.1846844572573900e-03
   2.6700000000000000e+02   1.1577445548027754e-03
   2.6800000000000000e+02   1.1705438373610377e-03
   2.6900000000000000e+02   1.1424948461353779e-03
   2.7000000000000000e+02   1.1326876701787114e-03
   2.7100000000000000e+02   1.1296947486698627e-03
   2.7200000000000000e+02   1.1093351058661938e-03
   2.7300000000000000e+02   1.0902344947680831e-03
   2.7400000000000000e+02   1.0585036361590028e-03
   2.7500000000000000e+02   1.0467574466019869e-03
   2.7600000000000000e+02   1.0543958051130176e-03
   2.7700000000000000e+02   1.0728955967351794e-03
   2.7800000000000000e+02   1.0669031180441380e-03
   2.7900000000000000e+02   1.0573689360171556e-03
   2.8000000000000000e+02   1.0583751136437058e-03
   2.8100000000000000e+02   1.0429017711430788e-03
   2.8200000000000000e+02   1.0380846215412021e-03
   2.8300000000000000e+02   1.0164381237700582e-03
   2.8400000000000000e+02   9.9772540852427483e-04
   2.8500000000000000e+02   1.0041747009381652e-03
   2.8600000000000000e+02   1.0074644815176725e-03
   2.8700000000000000e+02   1.0086133843287826e-03
   2.8800000000000000e+02   9.9573773331940174e-04
   2.8900000000000000e+02   9.9293678067624569e-04
   2.9000000000000000e+02   1.0065042879432440e-03
   2.9100000000000000e+02   9.9045154638588428e-04
   2.9200000000000000e+02   9.7943271975964308e-04
   2.9300000000000000e+02   9.7283924696967006e-04
   2.9400000000000000e+02   9.8008650820702314e-04
   2.9500000000000000e+02   9.6998736262321472e-04
   2.9600000000000000e+02   9.7192177781835198e-04
   2.9700000000000000e+02   9.6862000646069646e-04
   2.9800000000000000e+02   9.6692965598776937e-04
   2.9900000000000000e+02   9.8500505555421114e-04
   3.0000000000000000e+02   9.7013043705374002e-04
