   1.0000000000000000e+00   1.6070187557488680e-03
   2.0000000000000000e+00   1.8098118016496301e-03
   3.0000000000000000e+00   1.9930587150156498e-03
   4.0000000000000000e+00   2.1459960844367743e-03
   5.0000000000000000e+00   2.2695621009916067e-03
   6.0000000000000000e+00   2.4463208392262459e-03
   7.0000000000000000e+00   2.6483477558940649e-03
   8.0000000000000000e+00   2.8594946488738060e-03
   9.0000000000000000e+00   3.2006574328988791e-03
   1.0000000000000000e+01   3.5188652109354734e-03
   1.1000000000000000e+01   3.7962668575346470e-03
   1.2000000000000000e+01   4.0736324153840542e-03
   1.3000000000000000e+01   4.4276244007050991e-03
   1.4000000000000000e+01   4.7615929506719112e-03
   1.5000000000000000e+01   5.0619947724044323e-03
   1.6000000000000000e+01   5.3885905072093010e-03
   1.7000000000000000e+01   5.5941645987331867e-03
   1.8000000000000000e+01   5.8670374564826488e-03
   1.9000000000000000e+01   6.1785979196429253e-03
   2.0000000000000000e+01   6.4583662897348404e-03
   2.1000000000000000e+01   6.6115609370172024e-03
   2.2000000000000000e+01   6.7096822895109653e-03
   2.3000000000000000e+01   6.7974999547004700e-03
   2.4000000000000000e+01   6.9171544164419174e-03
   2.5000000000000000e+01   7.1130297146737576e-03
   2.6000000000000000e+01   7.2962967678904533e-03
   2.7000000000000000e+01   7.4044051580131054e-03
   2.8000000000000000e+01   7.3567102663218975e-03
   2.9000000000000000e+01   7.2818519547581673e-03
   3.0000000000000000e+01   7.2809988632798195e-03
   3.1000000000000000e+01   7.2407713159918785e-03
   3.2000000000000000e+01   7.2646359913051128e-03
   3.3000000000000000e+01   7.2444011457264423e-03
   3.4000000000000000e+01   7.1526682004332542e-03
   3.5000000000000000e+01   7.0788669399917126e-03
   3.6000000000000000e+01   7.1555986069142818e-03
   3.7000000000000000e+01   7.2057214565575123e-03
   3.8000000000000000e+01   7.2935265488922596e-03
   3.9000000000000000e+01   7.4494183063507080e-03
   4.0000000000000000e+01   7.5238407589495182e-03
   4.1000000000000000e+01   7.6806559227406979e-03
   4.2000000000000000e+01   7.9489499330520630e-03
   4.3000000000000000e+01   8.3967419341206551e-03
   4.4000000000000000e+01   8.8993553072214127e-03
   4.5000000000000000e+01   9.4908978790044785e-03
   4.6000000000000000e+01   1.0172450914978981e-02
   4.7000000000000000e+01   1.1114417575299740e-02
   4.8000000000000000e+01   1.2098590843379498e-02
   4.9000000000000000e+01   1.3276762329041958e-02
   5.0000000000000000e+01   1.4571275562047958e-02
   5.1000000000000000e+01   1.6110893338918686e-02
   5.2000000000000000e+01   1.7618248239159584e-02
   5.3000000000000000e+01   1.9247775897383690e-02
   5.4000000000000000e+01   2.0945280790328979e-02
   5.5000000000000000e+01   2.3091662675142288e-02
   5.6000000000000000e+01   2.5110926479101181e-02
   5.7000000000000000e+01   2.7382198721170425e-02
   5.8000000000000000e+01   2.9736949130892754e-02
   5.9000000000000000e+01   3.2261289656162262e-02
   6.0000000000000000e+01   3.5005033016204834e-02
   6.1000000000000000e+01   3.7755560129880905e-02
   6.2000000000000000e+01   4.0543876588344574e-02
   6.3000000000000000e+01   4.3435353785753250e-02
   6.4000000000000000e+01   4.6394065022468567e-02
   6.5000000000000000e+01   4.9575813114643097e-02
   6.6000000000000000e+01   5.2546326071023941e-02
   6.7000000000000000e+01   5.5914655327796936e-02
   6.8000000000000000e+01   5.9275399893522263e-02
   6.9000000000000000e+01   6.2497861683368683e-02
   7.0000000000000000e+01   6.5512850880622864e-02
   7.1000000000000000e+01   6.8649187684059143e-02
   7.2000000000000000e+01   7.1819655597209930e-02
   7.3000000000000000e+01   7.4722453951835632e-02
   7.4000000000000000e+01   7.7555410563945770e-02
   7.5000000000000000e+01   8.0093063414096832e-02
   7.6000000000000000e+01   8.2573622465133667e-02
   7.7000000000000000e+01   8.4902301430702209e-02
   7.8000000000000000e+01   8.7126739323139191e-02
   7.9000000000000000e+01   8.9111097157001495e-02
   8.0000000000000000e+01   9.0725421905517578e-02
   8.1000000000000000e+01   9.2330984771251678e-02
   8.2000000000000000e+01   9.3645863234996796e-02
   8.3000000000000000e+01   9.4612427055835724e-02
   8.4000000000000000e+01   9.5823965966701508e-02
   8.5000000000000000e+01   9.6717216074466705e-02
   8.6000000000000000e+01   9.7225710749626160e-02
   8.7000000000000000e+01   9.7427673637866974e-02
   8.8000000000000000e+01   9.7576826810836792e-02
   8.9000000000000000e+01   9.7689472138881683e-02
   9.0000000000000000e+01   9.8017401993274689e-02
   9.1000000000000000e+01   9.8160237073898315e-02
   9.2000000000000000e+01   9.7934029996395111e-02
   9.3000000000000000e+01   9.7559526562690735e-02
   9.4000000000000000e+01   9.7252339124679565e-02
   9.5000000000000000e+01   9.6823699772357941e-02
   9.6000000000000000e+01   9.6353389322757721e-02
   9.7000000000000000e+01   9.5401309430599213e-02
   9.8000000000000000e+01   9.4846926629543304e-02
   9.9000000000000000e+01   9.4078630208969116e-02
   1.0000000000000000e+02   9.3241326510906219e-02
   1.0100000000000000e+02   9.2703871428966522e-02
   1.0200000000000000e+02   9.2058166861534119e-02
   1.0300000000000000e+02   9.1122388839721680e-02
   1.0400000000000000e+02   9.0309135615825653e-02
   1.0500000000000000e+02   8.9218690991401672e-02
   1.0600000000000000e+02   8.7986826896667480e-02
   1.0700000000000000e+02   8.7179303169250488e-02
   1.0800000000000000e+02   8.6281977593898773e-02
   1.0900000000000000e+02   8.5537120699882507e-02
   1.1000000000000000e+02   8.4639519453048706e-02
   1.1100000000000000e+02   8.3461262285709381e-02
   1.1200000000000000e+02   8.2550086081027985e-02
   1.1300000000000000e+02   8.1254735589027405e-02
   1.1400000000000000e+02   7.9995140433311462e-02
   1.1500000000000000e+02   7.8852631151676178e-02
   1.1600000000000000e+02   7.7765949070453644e-02
   1.1700000000000000e+02   7.6538771390914917e-02
   1.1800000000000000e+02   7.5638003647327423e-02
   1.1900000000000000e+02   7.4572898447513580e-02
   1.2000000000000000e+02   7.3315903544425964e-02
   1.2100000000000000e+02   7.2426244616508484e-02
   1.2200000000000000e+02   7.0973679423332214e-02
   1.2300000000000000e+02   6.9985009729862213e-02
   1.2400000000000000e+02   6.8630814552307129e-02
   1.2500000000000000e+02   6.7420795559883118e-02
   1.2600000000000000e+02   6.6360257565975189e-02
   1.2700000000000000e+02   6.5339379012584686e-02
   1.2800000000000000e+02   6.4416922628879547e-02
   1.2900000000000000e+02   6.3253827393054962e-02
   1.3000000000000000e+02   6.2139194458723068e-02
   1.3100000000000000e+02   6.1139669269323349e-02
   1.3200000000000000e+02   6.0102839022874832e-02
   1.3300000000000000e+02   5.9004049748182297e-02
   1.3400000000000000e+02   5.7930540293455124e-02
   1.3500000000000000e+02   5.6926742196083069e-02
   1.3600000000000000e+02   5.5793359875679016e-02
   1.3700000000000000e+02   5.4943040013313293e-02
   1.3800000000000000e+02   5.3674265742301941e-02
   1.3900000000000000e+02   5.2509896457195282e-02
   1.4000000000000000e+02   5.1574014127254486e-02
   1.4100000000000000e+02   5.0591450184583664e-02
   1.4200000000000000e+02   4.9958672374486923e-02
   1.4300000000000000e+02   4.9097578972578049e-02
   1.4400000000000000e+02   4.8181094229221344e-02
   1.4500000000000000e+02   4.7462329268455505e-02
   1.4600000000000000e+02   4.6403177082538605e-02
   1.4700000000000000e+02   4.5608695596456528e-02
   1.4800000000000000e+02   4.4813308864831924e-02
   1.4900000000000000e+02   4.4194038957357407e-02
   1.5000000000000000e+02   4.3161612004041672e-02
   1.5100000000000000e+02   4.2099233716726303e-02
   1.5200000000000000e+02   4.1177764534950256e-02
   1.5300000000000000e+02   4.0376327931880951e-02
   1.5400000000000000e+02   3.9702720940113068e-02
   1.5500000000000000e+02   3.8878407329320908e-02
   1.5600000000000000e+02   3.8025751709938049e-02
   1.5700000000000000e+02   3.6904923617839813e-02
   1.5800000000000000e+02   3.5970229655504227e-02
   1.5900000000000000e+02   3.5298213362693787e-02
   1.6000000000000000e+02   3.4530255943536758e-02
   1.6100000000000000e+02   3.3860418945550919e-02
   1.6200000000000000e+02   3.3086307346820831e-02
   1.6300000000000000e+02   3.2432362437248230e-02
   1.6400000000000000e+02   3.1520053744316101e-02
   1.6500000000000000e+02   3.0981514602899551e-02
   1.6600000000000000e+02   3.0356623232364655e-02
   1.6700000000000000e+02   2.9636962339282036e-02
   1.6800000000000000e+02   2.9057627543807030e-02
   1.6900000000000000e+02   2.8274836018681526e-02
   1.7000000000000000e+02   2.7617413550615311e-02
   1.7100000000000000e+02   2.6874920353293419e-02
   1.7200000000000000e+02   2.6468550786375999e-02
   1.7300000000000000e+02   2.5935186073184013e-02
   1.7400000000000000e+02   2.5243813171982765e-02
   1.7500000000000000e+02   2.4400370195508003e-02
   1.7600000000000000e+02   2.3770742118358612e-02
   1.7700000000000000e+02   2.3079654201865196e-02
   1.7800000000000000e+02   2.2293480113148689e-02
   1.7900000000000000e+02   2.1561359986662865e-02
   1.8000000000000000e+02   2.0978236570954323e-02
   1.8100000000000000e+02   2.0518295466899872e-02
   1.8200000000000000e+02   2.0016012713313103e-02
   1.8300000000000000e+02   1.9338341429829597e-02
   1.8400000000000000e+02   1.8777348101139069e-02
   1.8500000000000000e+02   1.8270958214998245e-02
   1.8600000000000000e+02   1.7954714596271515e-02
   1.8700000000000000e+02   1.7334699630737305e-02
   1.8800000000000000e+02   1.6882421448826790e-02
   1.8900000000000000e+02   1.6529234126210213e-02
   1.9000000000000000e+02   1.6171837225556374e-02
   1.9100000000000000e+02   1.5639198943972588e-02
   1.9200000000000000e+02   1.5259489417076111e-02
   1.9300000000000000e+02   1.4976912178099155e-02
   1.9400000000000000e+02   1.4608805999159813e-02
   1.9500000000000000e+02   1.4296570792794228e-02
   1.9600000000000000e+02   1.3941348530352116e-02
   1.9700000000000000e+02   1.3652488589286804e-02
   1.9800000000000000e+02   1.3449357822537422e-02
   1.9900000000000000e+02   1.3191837817430496e-02
   2.0000000000000000e+02   1.2779098004102707e-02
   2.0100000000000000e+02   1.2393957935273647e-02
   2.0200000000000000e+02   1.2058501131832600e-02
   2.0300000000000000e+02   1.1755217798054218e-02
   2.0400000000000000e+02   1.1433990672230721e-02
   2.0500000000000000e+02   1.1223325505852699e-02
   2.0600000000000000e+02   1.1012303642928600e-02
   2.0700000000000000e+02   1.0755657218396664e-02
   2.0800000000000000e+02   1.0562908835709095e-02
   2.0900000000000000e+02   1.0303099639713764e-02
   2.1000000000000000e+02   9.9487202242016792e-03
   2.1100000000000000e+02   9.7984457388520241e-03
   2.1200000000000000e+02   9.5990393310785294e-03
   2.1300000000000000e+02   9.4264950603246689e-03
   2.1400000000000000e+02   9.2081809416413307e-03
   2.1500000000000000e+02   9.1106286272406578e-03
   2.1600000000000000e+02   8.9769279584288597e-03
   2.1700000000000000e+02   8.8291130959987640e-03
   2.1800000000000000e+02   8.6120637133717537e-03
   2.1900000000000000e+02   8.4427194669842720e-03
   2.2000000000000000e+02   8.2809338346123695e-03
   2.2100000000000000e+02   8.1059392541646957e-03
   2.2200000000000000e+02   8.0380346626043320e-03
   2.2300000000000000e+02   7.8380815684795380e-03
   2.2400000000000000e+02   7.7465199865400791e-03
   2.2500000000000000e+02   7.6893637888133526e-03
   2.2600000000000000e+02   7.5684683397412300e-03
   2.2700000000000000e+02   7.4104005470871925e-03
   2.2800000000000000e+02   7.2054010815918446e-03
   2.2900000000000000e+02   7.0780143141746521e-03
   2.3000000000000000e+02   6.8896012380719185e-03
   2.3100000000000000e+02   6.7037614062428474e-03
   2.3200000000000000e+02   6.5627009607851505e-03
   2.3300000000000000e+02   6.4952722750604153e-03
   2.3400000000000000e+02   6.3798427581787109e-03
   2.3500000000000000e+02   6.1865104362368584e-03
   2.3600000000000000e+02   6.1311773024499416e-03
   2.3700000000000000e+02   5.9516890905797482e-03
   2.3800000000000000e+02   5.8596273884177208e-03
   2.3900000000000000e+02   5.7348138652741909e-03
   2.4000000000000000e+02   5.6166043505072594e-03
   2.4100000000000000e+02   5.4312320426106453e-03
   2.4200000000000000e+02   5.3549641743302345e-03
   2.4300000000000000e+02   5.2635008469223976e-03
   2.4400000000000000e+02   5.1828264258801937e-03
   2.4500000000000000e+02   5.1608295179903507e-03
   2.4600000000000000e+02   5.1046949811279774e-03
   2.4700000000000000e+02   5.0396118313074112e-03
   2.4800000000000000e+02   4.9770940095186234e-03
   2.4900000000000000e+02   4.9255946651101112e-03
   2.5000000000000000e+02   4.8766331747174263e-03
   2.5100000000000000e+02   4.7697196714580059e-03
   2.5200000000000000e+02   4.6936697326600552e-03
   2.5300000000000000e+02   4.6444693580269814e-03
   2.5400000000000000e+02   4.5919162221252918e-03
   2.5500000000000000e+02   4.5474213548004627e-03
   2.5600000000000000e+02   4.4839861802756786e-03
   2.5700000000000000e+02   4.4368728995323181e-03
   2.5800000000000000e+02   4.3537109158933163e-03
   2.5900000000000000e+02   4.2490572668612003e-03
   2.6000000000000000e+02   4.0984009392559528e-03
   2.6100000000000000e+02   4.0310141630470753e-03
   2.6200000000000000e+02   3.8661970756947994e-03
   2.6300000000000000e+02   3.7822558078914881e-03
   2.6400000000000000e+02   3.6946563050150871e-03
   2.6500000000000000e+02   3.6203484050929546e-03
   2.6600000000000000e+02   3.5129587631672621e-03
   2.6700000000000000e+02   3.4431451931595802e-03
   2.6800000000000000e+02   3.3348882570862770e-03
   2.6900000000000000e+02   3.2562389969825745e-03
   2.7000000000000000e+02   3.1685088761150837e-03
   2.7100000000000000e+02   3.1078488100320101e-03
   2.7200000000000000e+02   3.0030624475330114e-03
   2.7300000000000000e+02   2.9211139772087336e-03
   2.7400000000000000e+02   2.8764826711267233e-03
   2.7500000000000000e+02   2.8290147893130779e-03
   2.7600000000000000e+02   2.8071105480194092e-03
   2.7700000000000000e+02   2.7737144846469164e-03
   2.7800000000000000e+02   2.6708100922405720e-03
   2.7900000000000000e+02   2.6021280791610479e-03
   2.8000000000000000e+02   2.5249586906284094e-03
   2.8100000000000000e+02   2.4908408522605896e-03
   2.8200000000000000e+02   2.4204973597079515e-03
   2.8300000000000000e+02   2.3459980729967356e-03
   2.8400000000000000e+02   2.2706002928316593e-03
   2.8500000000000000e+02   2.2227454464882612e-03
   2.8600000000000000e+02   2.1875544916838408e-03
   2.8700000000000000e+02   2.1427953615784645e-03
   2.8800000000000000e+02   2.0882310345768929e-03
   2.8900000000000000e+02   2.0310964901000261e-03
   2.9000000000000000e+02   1.9752678927034140e-03
   2.9100000000000000e+02   1.8884888850152493e-03
   2.9200000000000000e+02   1.8530576489865780e-03
   2.9300000000000000e+02   1.8569742096588016e-03
   2.9400000000000000e+02   1.8460573628544807e-03
   2.9500000000000000e+02   1.8297906499356031e-03
   2.9600000000000000e+02   1.7967311432585120e-03
   2.9700000000000000e+02   1.7923344857990742e-03
   2.9800000000000000e+02   1.8000341951847076e-03
   2.9900000000000000e+02   1.8064480973407626e-03
   3.0000000000000000e+02   1.7564321169629693e-03
