   1.0000000000000000e+00   2.5798464776016772e-04
   2.0000000000000000e+00   2.7482575387693942e-04
   3.0000000000000000e+00   2.8716906672343612e-04
   4.0000000000000000e+00   2.9261095914989710e-04
   5.0000000000000000e+00   2.9445151449181139e-04
   6.0000000000000000e+00   2.9926572460681200e-04
   7.0000000000000000e+00   3.0537878046743572e-04
   8.0000000000000000e+00   3.1428149668499827e-04
   9.0000000000000000e+00   3.3400396932847798e-04
   1.0000000000000000e+01   3.4912908449769020e-04
   1.1000000000000000e+01   3.5645658499561250e-04
   1.2000000000000000e+01   3.6191250546835363e-04
   1.3000000000000000e+01   3.6606317735277116e-04
   1.4000000000000000e+01   3.7420948501676321e-04
   1.5000000000000000e+01   3.8096759817562997e-04
   1.6000000000000000e+01   3.8780487375333905e-04
   1.7000000000000000e+01   3.8470132858492434e-04
   1.8000000000000000e+01   3.8443270022980869e-04
   1.9000000000000000e+01   3.9212379488162696e-04
   2.0000000000000000e+01   4.0083841304294765e-04
   2.1000000000000000e+01   4.0579275810159743e-04
   2.2000000000000000e+01   4.0336741949431598e-04
   2.3000000000000000e+01   4.0003695175983012e-04
   2.4000000000000000e+01   4.0263443952426314e-04
   2.5000000000000000e+01   4.0727845043875277e-04
   2.6000000000000000e+01   4.1658166446723044e-04
   2.7000000000000000e+01   4.2421519174240530e-04
   2.8000000000000000e+01   4.2655141442082822e-04
   2.9000000000000000e+01   4.2621250031515956e-04
   3.0000000000000000e+01   4.2740840581245720e-04
   3.1000000000000000e+01   4.3085761717520654e-04
   3.2000000000000000e+01   4.3957290472462773e-04
   3.3000000000000000e+01   4.4543147669173777e-04
   3.4000000000000000e+01   4.4686626642942429e-04
   3.5000000000000000e+01   4.5397953363135457e-04
   3.6000000000000000e+01   4.6763761201873422e-04
   3.7000000000000000e+01   4.8413334297947586e-04
   3.8000000000000000e+01   5.1050086040049791e-04
   3.9000000000000000e+01   5.4063572315499187e-04
   4.0000000000000000e+01   5.8380037080496550e-04
   4.1000000000000000e+01   6.2747573247179389e-04
   4.2000000000000000e+01   6.9207197520881891e-04
   4.3000000000000000e+01   7.8268640208989382e-04
   4.4000000000000000e+01   8.9640833903104067e-04
   4.5000000000000000e+01   1.0413256241008639e-03
   4.6000000000000000e+01   1.2311306782066822e-03
   4.7000000000000000e+01   1.4757715398445725e-03
   4.8000000000000000e+01   1.7759631155058742e-03
   4.9000000000000000e+01   2.1461767610162497e-03
   5.0000000000000000e+01   2.5813335087150335e-03
   5.1000000000000000e+01   3.1369389034807682e-03
   5.2000000000000000e+01   3.8234172388911247e-03
   5.3000000000000000e+01   4.6042860485613346e-03
   5.4000000000000000e+01   5.5188247933983803e-03
   5.5000000000000000e+01   6.5825344063341618e-03
   5.6000000000000000e+01   7.7631408348679543e-03
   5.7000000000000000e+01   9.2087173834443092e-03
   5.8000000000000000e+01   1.0834875516593456e-02
   5.9000000000000000e+01   1.2636675499379635e-02
   6.0000000000000000e+01   1.4720150269567966e-02
   6.1000000000000000e+01   1.6968050971627235e-02
   6.2000000000000000e+01   1.9392866641283035e-02
   6.3000000000000000e+01   2.2086184471845627e-02
   6.4000000000000000e+01   2.5039950385689735e-02
   6.5000000000000000e+01   2.8206733986735344e-02
   6.6000000000000000e+01   3.1518027186393738e-02
   6.7000000000000000e+01   3.4954208880662918e-02
   6.8000000000000000e+01   3.8608647882938385e-02
   6.9000000000000000e+01   4.2337443679571152e-02
   7.0000000000000000e+01   4.6131003648042679e-02
   7.1000000000000000e+01   5.0009541213512421e-02
   7.2000000000000000e+01   5.3954336792230606e-02
   7.3000000000000000e+01   5.7714495807886124e-02
   7.4000000000000000e+01   6.1469472944736481e-02
   7.5000000000000000e+01   6.5242581069469452e-02
   7.6000000000000000e+01   6.8896755576133728e-02
   7.7000000000000000e+01   7.2490677237510681e-02
   7.8000000000000000e+01   7.5737677514553070e-02
   7.9000000000000000e+01   7.8892149031162262e-02
   8.0000000000000000e+01   8.1829875707626343e-02
   8.1000000000000000e+01   8.4604255855083466e-02
   8.2000000000000000e+01   8.7269261479377747e-02
   8.3000000000000000e+01   8.9691728353500366e-02
   8.4000000000000000e+01   9.2023864388465881e-02
   8.5000000000000000e+01   9.4099834561347961e-02
   8.6000000000000000e+01   9.5956891775131226e-02
   8.7000000000000000e+01   9.7552694380283356e-02
   8.8000000000000000e+01   9.9106401205062866e-02
   8.9000000000000000e+01   1.0047401487827301e-01
   9.0000000000000000e+01   1.0151970386505127e-01
   9.1000000000000000e+01   1.0255144536495209e-01
   9.2000000000000000e+01   1.0328063368797302e-01
   9.3000000000000000e+01   1.0412337630987167e-01
   9.4000000000000000e+01   1.0476868599653244e-01
   9.5000000000000000e+01   1.0525915771722794e-01
   9.6000000000000000e+01   1.0562643408775330e-01
   9.7000000000000000e+01   1.0582456737756729e-01
   9.8000000000000000e+01   1.0603179782629013e-01
   9.9000000000000000e+01   1.0618326067924500e-01
   1.0000000000000000e+02   1.0613329708576202e-01
   1.0100000000000000e+02   1.0611940920352936e-01
   1.0200000000000000e+02   1.0595422238111496e-01
   1.0300000000000000e+02   1.0576511919498444e-01
   1.0400000000000000e+02   1.0567199438810349e-01
   1.0500000000000000e+02   1.0539116710424423e-01
   1.0600000000000000e+02   1.0501299053430557e-01
   1.0700000000000000e+02   1.0463527590036392e-01
   1.0800000000000000e+02   1.0419703274965286e-01
   1.0900000000000000e+02   1.0375353693962097e-01
   1.1000000000000000e+02   1.0325254499912262e-01
   1.1100000000000000e+02   1.0265293717384338e-01
   1.1200000000000000e+02   1.0204215347766876e-01
   1.1300000000000000e+02   1.0117577016353607e-01
   1.1400000000000000e+02   1.0027681291103363e-01
   1.1500000000000000e+02   9.9597528576850891e-02
   1.1600000000000000e+02   9.8772235214710236e-02
   1.1700000000000000e+02   9.7959257662296295e-02
   1.1800000000000000e+02   9.7233340144157410e-02
   1.1900000000000000e+02   9.6217438578605652e-02
   1.2000000000000000e+02   9.5282703638076782e-02
   1.2100000000000000e+02   9.4423204660415649e-02
   1.2200000000000000e+02   9.3558594584465027e-02
   1.2300000000000000e+02   9.2720851302146912e-02
   1.2400000000000000e+02   9.1830022633075714e-02
   1.2500000000000000e+02   9.0872004628181458e-02
   1.2600000000000000e+02   9.0008728206157684e-02
   1.2700000000000000e+02   8.9085251092910767e-02
   1.2800000000000000e+02   8.8169135153293610e-02
   1.2900000000000000e+02   8.7160892784595490e-02
   1.3000000000000000e+02   8.6267091333866119e-02
   1.3100000000000000e+02   8.5390515625476837e-02
   1.3200000000000000e+02   8.4591768682003021e-02
   1.3300000000000000e+02   8.3487167954444885e-02
   1.3400000000000000e+02   8.2537643611431122e-02
   1.3500000000000000e+02   8.1647560000419617e-02
   1.3600000000000000e+02   8.0644376575946808e-02
   1.3700000000000000e+02   7.9594016075134277e-02
   1.3800000000000000e+02   7.8478075563907623e-02
   1.3900000000000000e+02   7.7370338141918182e-02
   1.4000000000000000e+02   7.6422125101089478e-02
   1.4100000000000000e+02   7.5448133051395416e-02
   1.4200000000000000e+02   7.4541956186294556e-02
   1.4300000000000000e+02   7.3665350675582886e-02
   1.4400000000000000e+02   7.2741538286209106e-02
   1.4500000000000000e+02   7.1678288280963898e-02
   1.4600000000000000e+02   7.0697851479053497e-02
   1.4700000000000000e+02   6.9539278745651245e-02
   1.4800000000000000e+02   6.8639948964118958e-02
   1.4900000000000000e+02   6.7811593413352966e-02
   1.5000000000000000e+02   6.6931962966918945e-02
   1.5100000000000000e+02   6.5937176346778870e-02
   1.5200000000000000e+02   6.5067656338214874e-02
   1.5300000000000000e+02   6.4164124429225922e-02
   1.5400000000000000e+02   6.3258498907089233e-02
   1.5500000000000000e+02   6.2360201030969620e-02
   1.5600000000000000e+02   6.1404123902320862e-02
   1.5700000000000000e+02   6.0420509427785873e-02
   1.5800000000000000e+02   5.9546921402215958e-02
   1.5900000000000000e+02   5.8663301169872284e-02
   1.6000000000000000e+02   5.7919189333915710e-02
   1.6100000000000000e+02   5.6985642760992050e-02
   1.6200000000000000e+02   5.6301660835742950e-02
   1.6300000000000000e+02   5.5416826158761978e-02
   1.6400000000000000e+02   5.4565548896789551e-02
   1.6500000000000000e+02   5.3607162088155746e-02
   1.6600000000000000e+02   5.2772648632526398e-02
   1.6700000000000000e+02   5.2005983889102936e-02
   1.6800000000000000e+02   5.1253311336040497e-02
   1.6900000000000000e+02   5.0500616431236267e-02
   1.7000000000000000e+02   4.9694716930389404e-02
   1.7100000000000000e+02   4.8870269209146500e-02
   1.7200000000000000e+02   4.8288419842720032e-02
   1.7300000000000000e+02   4.7587051987648010e-02
   1.7400000000000000e+02   4.6978626400232315e-02
   1.7500000000000000e+02   4.6182643622159958e-02
   1.7600000000000000e+02   4.5584674924612045e-02
   1.7700000000000000e+02   4.4841669499874115e-02
   1.7800000000000000e+02   4.4183310121297836e-02
   1.7900000000000000e+02   4.3450009077787399e-02
   1.8000000000000000e+02   4.2891807854175568e-02
   1.8100000000000000e+02   4.2298458516597748e-02
   1.8200000000000000e+02   4.1720677167177200e-02
   1.8300000000000000e+02   4.1128758341073990e-02
   1.8400000000000000e+02   4.0546838194131851e-02
   1.8500000000000000e+02   4.0009152144193649e-02
   1.8600000000000000e+02   3.9632771164178848e-02
   1.8700000000000000e+02   3.9040472358465195e-02
   1.8800000000000000e+02   3.8512207567691803e-02
   1.8900000000000000e+02   3.7856943905353546e-02
   1.9000000000000000e+02   3.7341985851526260e-02
   1.9100000000000000e+02   3.6808013916015625e-02
   1.9200000000000000e+02   3.6289624869823456e-02
   1.9300000000000000e+02   3.5851165652275085e-02
   1.9400000000000000e+02   3.5375431180000305e-02
   1.9500000000000000e+02   3.4883692860603333e-02
   1.9600000000000000e+02   3.4442409873008728e-02
   1.9700000000000000e+02   3.3909242600202560e-02
   1.9800000000000000e+02   3.3504065126180649e-02
   1.9900000000000000e+02   3.2981585711240768e-02
   2.0000000000000000e+02   3.2439660280942917e-02
   2.0100000000000000e+02   3.1879253685474396e-02
   2.0200000000000000e+02   3.1346365809440613e-02
   2.0300000000000000e+02   3.0774809420108795e-02
   2.0400000000000000e+02   3.0372025445103645e-02
   2.0500000000000000e+02   2.9905118048191071e-02
   2.0600000000000000e+02   2.9451219365000725e-02
   2.0700000000000000e+02   2.8963932767510414e-02
   2.0800000000000000e+02   2.8474394232034683e-02
   2.0900000000000000e+02   2.8022473677992821e-02
   2.1000000000000000e+02   2.7566270902752876e-02
   2.1100000000000000e+02   2.7175109833478928e-02
   2.1200000000000000e+02   2.6753876358270645e-02
   2.1300000000000000e+02   2.6313168928027153e-02
   2.1400000000000000e+02   2.5919241830706596e-02
   2.1500000000000000e+02   2.5623643770813942e-02
   2.1600000000000000e+02   2.5249579921364784e-02
   2.1700000000000000e+02   2.4872234091162682e-02
   2.1800000000000000e+02   2.4504659697413445e-02
   2.1900000000000000e+02   2.4089647457003593e-02
   2.2000000000000000e+02   2.3673016577959061e-02
   2.2100000000000000e+02   2.3233039304614067e-02
   2.2200000000000000e+02   2.2917011752724648e-02
   2.2300000000000000e+02   2.2564778104424477e-02
   2.2400000000000000e+02   2.2246135398745537e-02
   2.2500000000000000e+02   2.1930206567049026e-02
   2.2600000000000000e+02   2.1643513813614845e-02
   2.2700000000000000e+02   2.1304279565811157e-02
   2.2800000000000000e+02   2.0907636731863022e-02
   2.2900000000000000e+02   2.0553093403577805e-02
   2.3000000000000000e+02   2.0137732848525047e-02
   2.3100000000000000e+02   1.9747311249375343e-02
   2.3200000000000000e+02   1.9388038665056229e-02
   2.3300000000000000e+02   1.9070783630013466e-02
   2.3400000000000000e+02   1.8774509429931641e-02
   2.3500000000000000e+02   1.8480965867638588e-02
   2.3600000000000000e+02   1.8165862187743187e-02
   2.3700000000000000e+02   1.7832256853580475e-02
   2.3800000000000000e+02   1.7550993710756302e-02
   2.3900000000000000e+02   1.7199316993355751e-02
   2.4000000000000000e+02   1.6849700361490250e-02
   2.4100000000000000e+02   1.6405167058110237e-02
   2.4200000000000000e+02   1.6112959012389183e-02
   2.4300000000000000e+02   1.5854749828577042e-02
   2.4400000000000000e+02   1.5554773621261120e-02
   2.4500000000000000e+02   1.5345093794167042e-02
   2.4600000000000000e+02   1.5064739622175694e-02
   2.4700000000000000e+02   1.4782360754907131e-02
   2.4800000000000000e+02   1.4548700302839279e-02
   2.4900000000000000e+02   1.4271516352891922e-02
   2.5000000000000000e+02   1.3997805304825306e-02
   2.5100000000000000e+02   1.3765209354460239e-02
   2.5200000000000000e+02   1.3468082062900066e-02
   2.5300000000000000e+02   1.3235003687441349e-02
   2.5400000000000000e+02   1.3032911345362663e-02
   2.5500000000000000e+02   1.2815160676836967e-02
   2.5600000000000000e+02   1.2608965858817101e-02
   2.5700000000000000e+02   1.2355790473520756e-02
   2.5800000000000000e+02   1.2083789333701134e-02
   2.5900000000000000e+02   1.1889656074345112e-02
   2.6000000000000000e+02   1.1623231694102287e-02
   2.6100000000000000e+02   1.1419634334743023e-02
   2.6200000000000000e+02   1.1123191565275192e-02
   2.6300000000000000e+02   1.0899497196078300e-02
   2.6400000000000000e+02   1.0673834942281246e-02
   2.6500000000000000e+02   1.0500765405595303e-02
   2.6600000000000000e+02   1.0279996320605278e-02
   2.6700000000000000e+02   1.0101852938532829e-02
   2.6800000000000000e+02   9.8502589389681816e-03
   2.6900000000000000e+02   9.6283322200179100e-03
   2.7000000000000000e+02   9.4293393194675446e-03
   2.7100000000000000e+02   9.2185894027352333e-03
   2.7200000000000000e+02   9.0339090675115585e-03
   2.7300000000000000e+02   8.8298534974455833e-03
   2.7400000000000000e+02   8.6311800405383110e-03
   2.7500000000000000e+02   8.4122708067297935e-03
   2.7600000000000000e+02   8.2765072584152222e-03
   2.7700000000000000e+02   8.1293787807226181e-03
   2.7800000000000000e+02   7.9186344519257545e-03
   2.7900000000000000e+02   7.7405939809978008e-03
   2.8000000000000000e+02   7.5003481470048428e-03
   2.8100000000000000e+02   7.3448996990919113e-03
   2.8200000000000000e+02   7.1527301333844662e-03
   2.8300000000000000e+02   6.9629070349037647e-03
   2.8400000000000000e+02   6.7652249708771706e-03
   2.8500000000000000e+02   6.6335280425846577e-03
   2.8600000000000000e+02   6.5009063109755516e-03
   2.8700000000000000e+02   6.3513466157019138e-03
   2.8800000000000000e+02   6.2186578288674355e-03
   2.8900000000000000e+02   6.0538151301443577e-03
   2.9000000000000000e+02   5.9016924351453781e-03
   2.9100000000000000e+02   5.7274061255156994e-03
   2.9200000000000000e+02   5.6196930818259716e-03
   2.9300000000000000e+02   5.5642733350396156e-03
   2.9400000000000000e+02   5.5195060558617115e-03
   2.9500000000000000e+02   5.4823001846671104e-03
   2.9600000000000000e+02   5.4213199764490128e-03
   2.9700000000000000e+02   5.3733773529529572e-03
   2.9800000000000000e+02   5.3697102703154087e-03
   2.9900000000000000e+02   5.3378925658762455e-03
   3.0000000000000000e+02   5.2303867414593697e-03
