   1.0000000000000000e+00   1.8087897449731827e-02
   2.0000000000000000e+00   2.1121449768543243e-02
   3.0000000000000000e+00   2.4297926574945450e-02
   4.0000000000000000e+00   2.7819424867630005e-02
   5.0000000000000000e+00   3.1431708484888077e-02
   6.0000000000000000e+00   3.5560078918933868e-02
   7.0000000000000000e+00   3.9461769163608551e-02
   8.0000000000000000e+00   4.3115507811307907e-02
   9.0000000000000000e+00   4.9818906933069229e-02
   1.0000000000000000e+01   5.6424543261528015e-02
   1.1000000000000000e+01   6.2956348061561584e-02
   1.2000000000000000e+01   6.9473154842853546e-02
   1.3000000000000000e+01   7.6934300363063812e-02
   1.4000000000000000e+01   8.3604469895362854e-02
   1.5000000000000000e+01   8.9638337492942810e-02
   1.6000000000000000e+01   9.5871105790138245e-02
   1.7000000000000000e+01   1.0141566395759583e-01
   1.8000000000000000e+01   1.0684551298618317e-01
   1.9000000000000000e+01   1.1166148632764816e-01
   2.0000000000000000e+01   1.1576623469591141e-01
   2.1000000000000000e+01   1.1840756982564926e-01
   2.2000000000000000e+01   1.2126848846673965e-01
   2.3000000000000000e+01   1.2372617423534393e-01
   2.4000000000000000e+01   1.2543599307537079e-01
   2.5000000000000000e+01   1.2764939665794373e-01
   2.6000000000000000e+01   1.2903185188770294e-01
   2.7000000000000000e+01   1.2958639860153198e-01
   2.8000000000000000e+01   1.2904737889766693e-01
   2.9000000000000000e+01   1.2804827094078064e-01
   3.0000000000000000e+01   1.2792542576789856e-01
   3.1000000000000000e+01   1.2676957249641418e-01
   3.2000000000000000e+01   1.2574021518230438e-01
   3.3000000000000000e+01   1.2464223057031631e-01
   3.4000000000000000e+01   1.2331014126539230e-01
   3.5000000000000000e+01   1.2141028791666031e-01
   3.6000000000000000e+01   1.2024796009063721e-01
   3.7000000000000000e+01   1.1859847605228424e-01
   3.8000000000000000e+01   1.1655259132385254e-01
   3.9000000000000000e+01   1.1506977677345276e-01
   4.0000000000000000e+01   1.1256171762943268e-01
   4.1000000000000000e+01   1.1115234345197678e-01
   4.2000000000000000e+01   1.0976453870534897e-01
   4.3000000000000000e+01   1.0862537473440170e-01
   4.4000000000000000e+01   1.0772699862718582e-01
   4.5000000000000000e+01   1.0643946379423141e-01
   4.6000000000000000e+01   1.0535075515508652e-01
   4.7000000000000000e+01   1.0457061976194382e-01
   4.8000000000000000e+01   1.0327885299921036e-01
   4.9000000000000000e+01   1.0216065496206284e-01
   5.0000000000000000e+01   1.0183856636285782e-01
   5.1000000000000000e+01   1.0128425061702728e-01
   5.2000000000000000e+01   1.0005022585391998e-01
   5.3000000000000000e+01   9.9510163068771362e-02
   5.4000000000000000e+01   9.8791517317295074e-02
   5.5000000000000000e+01   9.8907344043254852e-02
   5.6000000000000000e+01   9.7812414169311523e-02
   5.7000000000000000e+01   9.7234010696411133e-02
   5.8000000000000000e+01   9.6368409693241119e-02
   5.9000000000000000e+01   9.5891401171684265e-02
   6.0000000000000000e+01   9.5107451081275940e-02
   6.1000000000000000e+01   9.4463370740413666e-02
   6.2000000000000000e+01   9.3773961067199707e-02
   6.3000000000000000e+01   9.3205966055393219e-02
   6.4000000000000000e+01   9.2573255300521851e-02
   6.5000000000000000e+01   9.2190198600292206e-02
   6.6000000000000000e+01   9.1683298349380493e-02
   6.7000000000000000e+01   9.1699272394180298e-02
   6.8000000000000000e+01   9.1456614434719086e-02
   6.9000000000000000e+01   9.1140478849411011e-02
   7.0000000000000000e+01   9.0184196829795837e-02
   7.1000000000000000e+01   9.0293847024440765e-02
   7.2000000000000000e+01   9.0171806514263153e-02
   7.3000000000000000e+01   8.9809052646160126e-02
   7.4000000000000000e+01   8.9510194957256317e-02
   7.5000000000000000e+01   8.9546747505664825e-02
   7.6000000000000000e+01   8.9347094297409058e-02
   7.7000000000000000e+01   8.8927969336509705e-02
   7.8000000000000000e+01   8.8688641786575317e-02
   7.9000000000000000e+01   8.8499315083026886e-02
   8.0000000000000000e+01   8.7700054049491882e-02
   8.1000000000000000e+01   8.7338060140609741e-02
   8.2000000000000000e+01   8.6662136018276215e-02
   8.3000000000000000e+01   8.5983060300350189e-02
   8.4000000000000000e+01   8.5390836000442505e-02
   8.5000000000000000e+01   8.4930628538131714e-02
   8.6000000000000000e+01   8.3922721445560455e-02
   8.7000000000000000e+01   8.3072282373905182e-02
   8.8000000000000000e+01   8.2345873117446899e-02
   8.9000000000000000e+01   8.1454224884510040e-02
   9.0000000000000000e+01   8.0685608088970184e-02
   9.1000000000000000e+01   7.9879812896251678e-02
   9.2000000000000000e+01   7.8858725726604462e-02
   9.3000000000000000e+01   7.7549941837787628e-02
   9.4000000000000000e+01   7.6474308967590332e-02
   9.5000000000000000e+01   7.5478069484233856e-02
   9.6000000000000000e+01   7.4294380843639374e-02
   9.7000000000000000e+01   7.3181465268135071e-02
   9.8000000000000000e+01   7.2229593992233276e-02
   9.9000000000000000e+01   7.1339368820190430e-02
   1.0000000000000000e+02   7.0044755935668945e-02
   1.0100000000000000e+02   6.8973764777183533e-02
   1.0200000000000000e+02   6.7699097096920013e-02
   1.0300000000000000e+02   6.6388241946697235e-02
   1.0400000000000000e+02   6.5279953181743622e-02
   1.0500000000000000e+02   6.3742719590663910e-02
   1.0600000000000000e+02   6.2197107821702957e-02
   1.0700000000000000e+02   6.1108637601137161e-02
   1.0800000000000000e+02   6.0266029089689255e-02
   1.0900000000000000e+02   5.9225689619779587e-02
   1.1000000000000000e+02   5.8220829814672470e-02
   1.1100000000000000e+02   5.7051189243793488e-02
   1.1200000000000000e+02   5.5924776941537857e-02
   1.1300000000000000e+02   5.4622400552034378e-02
   1.1400000000000000e+02   5.2800711244344711e-02
   1.1500000000000000e+02   5.1647972315549850e-02
   1.1600000000000000e+02   5.0854966044425964e-02
   1.1700000000000000e+02   4.9824740737676620e-02
   1.1800000000000000e+02   4.8783492296934128e-02
   1.1900000000000000e+02   4.7776315361261368e-02
   1.2000000000000000e+02   4.6634614467620850e-02
   1.2100000000000000e+02   4.5843005180358887e-02
   1.2200000000000000e+02   4.4777665287256241e-02
   1.2300000000000000e+02   4.3762460350990295e-02
   1.2400000000000000e+02   4.2525384575128555e-02
   1.2500000000000000e+02   4.1299633681774139e-02
   1.2600000000000000e+02   4.0104921907186508e-02
   1.2700000000000000e+02   3.9260141551494598e-02
   1.2800000000000000e+02   3.8301769644021988e-02
   1.2900000000000000e+02   3.7538055330514908e-02
   1.3000000000000000e+02   3.6595951765775681e-02
   1.3100000000000000e+02   3.5405702888965607e-02
   1.3200000000000000e+02   3.4454476088285446e-02
   1.3300000000000000e+02   3.3535744994878769e-02
   1.3400000000000000e+02   3.2764416188001633e-02
   1.3500000000000000e+02   3.1930822879076004e-02
   1.3600000000000000e+02   3.0790200456976891e-02
   1.3700000000000000e+02   3.0045418068766594e-02
   1.3800000000000000e+02   2.8889818117022514e-02
   1.3900000000000000e+02   2.7974795550107956e-02
   1.4000000000000000e+02   2.7260752394795418e-02
   1.4100000000000000e+02   2.6529688388109207e-02
   1.4200000000000000e+02   2.5719420984387398e-02
   1.4300000000000000e+02   2.4951074272394180e-02
   1.4400000000000000e+02   2.4156225845217705e-02
   1.4500000000000000e+02   2.3520419374108315e-02
   1.4600000000000000e+02   2.2687559947371483e-02
   1.4700000000000000e+02   2.2032834589481354e-02
   1.4800000000000000e+02   2.1324256435036659e-02
   1.4900000000000000e+02   2.0630018785595894e-02
   1.5000000000000000e+02   1.9868727773427963e-02
   1.5100000000000000e+02   1.9190005958080292e-02
   1.5200000000000000e+02   1.8358869478106499e-02
   1.5300000000000000e+02   1.7852980643510818e-02
   1.5400000000000000e+02   1.7246434465050697e-02
   1.5500000000000000e+02   1.6603454947471619e-02
   1.5600000000000000e+02   1.5912337228655815e-02
   1.5700000000000000e+02   1.5276713296771049e-02
   1.5800000000000000e+02   1.4666883274912834e-02
   1.5900000000000000e+02   1.4209272339940071e-02
   1.6000000000000000e+02   1.3618187978863716e-02
   1.6100000000000000e+02   1.3150040060281754e-02
   1.6200000000000000e+02   1.2664995156228542e-02
   1.6300000000000000e+02   1.2297808192670345e-02
   1.6400000000000000e+02   1.1620672419667244e-02
   1.6500000000000000e+02   1.1201632209122181e-02
   1.6600000000000000e+02   1.0842103511095047e-02
   1.6700000000000000e+02   1.0408639907836914e-02
   1.6800000000000000e+02   9.9727548658847809e-03
   1.6900000000000000e+02   9.6134506165981293e-03
   1.7000000000000000e+02   9.2057278379797935e-03
   1.7100000000000000e+02   8.7939957156777382e-03
   1.7200000000000000e+02   8.4313796833157539e-03
   1.7300000000000000e+02   8.1728622317314148e-03
   1.7400000000000000e+02   7.7685532160103321e-03
   1.7500000000000000e+02   7.3677524924278259e-03
   1.7600000000000000e+02   7.0172999985516071e-03
   1.7700000000000000e+02   6.6703897900879383e-03
   1.7800000000000000e+02   6.2501821666955948e-03
   1.7900000000000000e+02   5.9421872720122337e-03
   1.8000000000000000e+02   5.6552393361926079e-03
   1.8100000000000000e+02   5.4305423982441425e-03
   1.8200000000000000e+02   5.1716999150812626e-03
   1.8300000000000000e+02   4.8848399892449379e-03
   1.8400000000000000e+02   4.5671220868825912e-03
   1.8500000000000000e+02   4.3477271683514118e-03
   1.8600000000000000e+02   4.1856351308524609e-03
   1.8700000000000000e+02   3.9411741308867931e-03
   1.8800000000000000e+02   3.7145246751606464e-03
   1.8900000000000000e+02   3.5362488124519587e-03
   1.9000000000000000e+02   3.3466191962361336e-03
   1.9100000000000000e+02   3.1371752265840769e-03
   1.9200000000000000e+02   2.9659694992005825e-03
   1.9300000000000000e+02   2.8628592845052481e-03
   1.9400000000000000e+02   2.7150278910994530e-03
   1.9500000000000000e+02   2.6042407844215631e-03
   1.9600000000000000e+02   2.4678120389580727e-03
   1.9700000000000000e+02   2.3687339853495359e-03
   1.9800000000000000e+02   2.2793046664446592e-03
   1.9900000000000000e+02   2.1916746627539396e-03
   2.0000000000000000e+02   2.0499294623732567e-03
   2.0100000000000000e+02   1.9513451261445880e-03
   2.0200000000000000e+02   1.8472750671207905e-03
   2.0300000000000000e+02   1.7755196895450354e-03
   2.0400000000000000e+02   1.6878974856808782e-03
   2.0500000000000000e+02   1.6283250879496336e-03
   2.0600000000000000e+02   1.5795048093423247e-03
   2.0700000000000000e+02   1.5272572636604309e-03
   2.0800000000000000e+02   1.4508296735584736e-03
   2.0900000000000000e+02   1.4013302279636264e-03
   2.1000000000000000e+02   1.3411378022283316e-03
   2.1100000000000000e+02   1.3131104642525315e-03
   2.1200000000000000e+02   1.2678987113758922e-03
   2.1300000000000000e+02   1.2309217127040029e-03
   2.1400000000000000e+02   1.1891198810189962e-03
   2.1500000000000000e+02   1.1682703625410795e-03
   2.1600000000000000e+02   1.1468683369457722e-03
   2.1700000000000000e+02   1.1198665015399456e-03
   2.1800000000000000e+02   1.0904725641012192e-03
   2.1900000000000000e+02   1.0657088132575154e-03
   2.2000000000000000e+02   1.0372780961915851e-03
   2.2100000000000000e+02   9.9843984935432673e-04
   2.2200000000000000e+02   9.7415834898129106e-04
   2.2300000000000000e+02   9.4628776423633099e-04
   2.2400000000000000e+02   9.1990293003618717e-04
   2.2500000000000000e+02   8.9763419236987829e-04
   2.2600000000000000e+02   8.8157708523795009e-04
   2.2700000000000000e+02   8.5618934826925397e-04
   2.2800000000000000e+02   8.2443741848692298e-04
   2.2900000000000000e+02   8.0800580326467752e-04
   2.3000000000000000e+02   7.7437219442799687e-04
   2.3100000000000000e+02   7.4717996176332235e-04
   2.3200000000000000e+02   7.2456127963960171e-04
   2.3300000000000000e+02   7.0974481059238315e-04
   2.3400000000000000e+02   6.9518276723101735e-04
   2.3500000000000000e+02   6.7478668643161654e-04
   2.3600000000000000e+02   6.8276061210781336e-04
   2.3700000000000000e+02   6.6933396738022566e-04
   2.3800000000000000e+02   6.5928942058235407e-04
   2.3900000000000000e+02   6.4654782181605697e-04
   2.4000000000000000e+02   6.3559191767126322e-04
   2.4100000000000000e+02   6.1810045735910535e-04
   2.4200000000000000e+02   6.1010645003989339e-04
   2.4300000000000000e+02   6.0671818209812045e-04
   2.4400000000000000e+02   5.9925392270088196e-04
   2.4500000000000000e+02   6.0290860710665584e-04
   2.4600000000000000e+02   5.9998076176270843e-04
   2.4700000000000000e+02   6.0595519607886672e-04
   2.4800000000000000e+02   6.0545856831595302e-04
   2.4900000000000000e+02   6.0478493105620146e-04
   2.5000000000000000e+02   6.0743972426280379e-04
   2.5100000000000000e+02   5.8790080947801471e-04
   2.5200000000000000e+02   5.8889394858852029e-04
   2.5300000000000000e+02   5.8726262068375945e-04
   2.5400000000000000e+02   5.8401032583788037e-04
   2.5500000000000000e+02   5.8619026094675064e-04
   2.5600000000000000e+02   5.8052223175764084e-04
   2.5700000000000000e+02   5.8784207794815302e-04
   2.5800000000000000e+02   5.8069347869604826e-04
   2.5900000000000000e+02   5.6668987963348627e-04
   2.6000000000000000e+02   5.4800498764961958e-04
   2.6100000000000000e+02   5.4078141693025827e-04
   2.6200000000000000e+02   5.1806919509544969e-04
   2.6300000000000000e+02   5.0895917229354382e-04
   2.6400000000000000e+02   4.9451243830844760e-04
   2.6500000000000000e+02   4.7579032252542675e-04
   2.6600000000000000e+02   4.6827711048536003e-04
   2.6700000000000000e+02   4.5440800022333860e-04
   2.6800000000000000e+02   4.4632950448431075e-04
   2.6900000000000000e+02   4.3645687401294708e-04
   2.7000000000000000e+02   4.2713817674666643e-04
   2.7100000000000000e+02   4.1944548138417304e-04
   2.7200000000000000e+02   4.0372862713411450e-04
   2.7300000000000000e+02   3.8813380524516106e-04
   2.7400000000000000e+02   3.7838544812984765e-04
   2.7500000000000000e+02   3.7668630830012262e-04
   2.7600000000000000e+02   3.7734670331701636e-04
   2.7700000000000000e+02   3.7522695492953062e-04
   2.7800000000000000e+02   3.6107710911892354e-04
   2.7900000000000000e+02   3.5791718983091414e-04
   2.8000000000000000e+02   3.5935858613811433e-04
   2.8100000000000000e+02   3.5486288834363222e-04
   2.8200000000000000e+02   3.5018101334571838e-04
   2.8300000000000000e+02   3.3983692992478609e-04
   2.8400000000000000e+02   3.3746185363270342e-04
   2.8500000000000000e+02   3.3260256168432534e-04
   2.8600000000000000e+02   3.2747208024375141e-04
   2.8700000000000000e+02   3.2121475669555366e-04
   2.8800000000000000e+02   3.1467413646169007e-04
   2.8900000000000000e+02   3.1000285525806248e-04
   2.9000000000000000e+02   3.0700888601131737e-04
   2.9100000000000000e+02   2.9384176013991237e-04
   2.9200000000000000e+02   2.8876430587843060e-04
   2.9300000000000000e+02   2.8802029555663466e-04
   2.9400000000000000e+02   2.8689933242276311e-04
   2.9500000000000000e+02   2.8014217969030142e-04
   2.9600000000000000e+02   2.7583490009419620e-04
   2.9700000000000000e+02   2.7393244090490043e-04
   2.9800000000000000e+02   2.7268970734439790e-04
   2.9900000000000000e+02   2.6922940742224455e-04
   3.0000000000000000e+02   2.6018545031547546e-04
