   1.0000000000000000e+00   4.3125484138727188e-02
   2.0000000000000000e+00   4.9243830144405365e-02
   3.0000000000000000e+00   5.5496238172054291e-02
   4.0000000000000000e+00   6.1627317219972610e-02
   5.0000000000000000e+00   6.7650809884071350e-02
   6.0000000000000000e+00   7.3550276458263397e-02
   7.0000000000000000e+00   7.9325392842292786e-02
   8.0000000000000000e+00   8.4900029003620148e-02
   9.0000000000000000e+00   9.5336034893989563e-02
   1.0000000000000000e+01   1.0583155602216721e-01
   1.1000000000000000e+01   1.1619337648153305e-01
   1.2000000000000000e+01   1.2613640725612640e-01
   1.3000000000000000e+01   1.3565014302730560e-01
   1.4000000000000000e+01   1.4450520277023315e-01
   1.5000000000000000e+01   1.5246719121932983e-01
   1.6000000000000000e+01   1.5969854593276978e-01
   1.7000000000000000e+01   1.6595448553562164e-01
   1.8000000000000000e+01   1.7133596539497375e-01
   1.9000000000000000e+01   1.7602084577083588e-01
   2.0000000000000000e+01   1.7998495697975159e-01
   2.1000000000000000e+01   1.8319639563560486e-01
   2.2000000000000000e+01   1.8572135269641876e-01
   2.3000000000000000e+01   1.8763634562492371e-01
   2.4000000000000000e+01   1.8905647099018097e-01
   2.5000000000000000e+01   1.9001223146915436e-01
   2.6000000000000000e+01   1.9047191739082336e-01
   2.7000000000000000e+01   1.9052128493785858e-01
   2.8000000000000000e+01   1.9023512303829193e-01
   2.9000000000000000e+01   1.8971058726310730e-01
   3.0000000000000000e+01   1.8883679807186127e-01
   3.1000000000000000e+01   1.8780700862407684e-01
   3.2000000000000000e+01   1.8666253983974457e-01
   3.3000000000000000e+01   1.8533883988857269e-01
   3.4000000000000000e+01   1.8381397426128387e-01
   3.5000000000000000e+01   1.8208323419094086e-01
   3.6000000000000000e+01   1.8028770387172699e-01
   3.7000000000000000e+01   1.7831631004810333e-01
   3.8000000000000000e+01   1.7633114755153656e-01
   3.9000000000000000e+01   1.7429567873477936e-01
   4.0000000000000000e+01   1.7214100062847137e-01
   4.1000000000000000e+01   1.6995336115360260e-01
   4.2000000000000000e+01   1.6769932210445404e-01
   4.3000000000000000e+01   1.6549737751483917e-01
   4.4000000000000000e+01   1.6319441795349121e-01
   4.5000000000000000e+01   1.6101859509944916e-01
   4.6000000000000000e+01   1.5869699418544769e-01
   4.7000000000000000e+01   1.5644654631614685e-01
   4.8000000000000000e+01   1.5410345792770386e-01
   4.9000000000000000e+01   1.5180346369743347e-01
   5.0000000000000000e+01   1.4958032965660095e-01
   5.1000000000000000e+01   1.4733201265335083e-01
   5.2000000000000000e+01   1.4502337574958801e-01
   5.3000000000000000e+01   1.4275906980037689e-01
   5.4000000000000000e+01   1.4042565226554871e-01
   5.5000000000000000e+01   1.3809634745121002e-01
   5.6000000000000000e+01   1.3591133058071136e-01
   5.7000000000000000e+01   1.3369695842266083e-01
   5.8000000000000000e+01   1.3148762285709381e-01
   5.9000000000000000e+01   1.2927773594856262e-01
   6.0000000000000000e+01   1.2711714208126068e-01
   6.1000000000000000e+01   1.2492918968200684e-01
   6.2000000000000000e+01   1.2270417064428329e-01
   6.3000000000000000e+01   1.2053944170475006e-01
   6.4000000000000000e+01   1.1837238818407059e-01
   6.5000000000000000e+01   1.1623389273881912e-01
   6.6000000000000000e+01   1.1406392604112625e-01
   6.7000000000000000e+01   1.1202432960271835e-01
   6.8000000000000000e+01   1.0978014767169952e-01
   6.9000000000000000e+01   1.0770856589078903e-01
   7.0000000000000000e+01   1.0564352571964264e-01
   7.1000000000000000e+01   1.0353295505046844e-01
   7.2000000000000000e+01   1.0153802484273911e-01
   7.3000000000000000e+01   9.9405124783515930e-02
   7.4000000000000000e+01   9.7355283796787262e-02
   7.5000000000000000e+01   9.5327325165271759e-02
   7.6000000000000000e+01   9.3432091176509857e-02
   7.7000000000000000e+01   9.1473363339900970e-02
   7.8000000000000000e+01   8.9554592967033386e-02
   7.9000000000000000e+01   8.7579533457756042e-02
   8.0000000000000000e+01   8.5656709969043732e-02
   8.1000000000000000e+01   8.3749406039714813e-02
   8.2000000000000000e+01   8.1908106803894043e-02
   8.3000000000000000e+01   8.0167844891548157e-02
   8.4000000000000000e+01   7.8290678560733795e-02
   8.5000000000000000e+01   7.6668381690979004e-02
   8.6000000000000000e+01   7.5066253542900085e-02
   8.7000000000000000e+01   7.3392726480960846e-02
   8.8000000000000000e+01   7.1925282478332520e-02
   8.9000000000000000e+01   7.0374935865402222e-02
   9.0000000000000000e+01   6.8949699401855469e-02
   9.1000000000000000e+01   6.7432180047035217e-02
   9.2000000000000000e+01   6.6004157066345215e-02
   9.3000000000000000e+01   6.4589805901050568e-02
   9.4000000000000000e+01   6.3277080655097961e-02
   9.5000000000000000e+01   6.2016118317842484e-02
   9.6000000000000000e+01   6.0811422765254974e-02
   9.7000000000000000e+01   5.9463791549205780e-02
   9.8000000000000000e+01   5.8238398283720016e-02
   9.9000000000000000e+01   5.7095851749181747e-02
   1.0000000000000000e+02   5.5788524448871613e-02
   1.0100000000000000e+02   5.4486043751239777e-02
   1.0200000000000000e+02   5.3223453462123871e-02
   1.0300000000000000e+02   5.1948405802249908e-02
   1.0400000000000000e+02   5.0753712654113770e-02
   1.0500000000000000e+02   4.9532409757375717e-02
   1.0600000000000000e+02   4.8312682658433914e-02
   1.0700000000000000e+02   4.7050602734088898e-02
   1.0800000000000000e+02   4.5922141522169113e-02
   1.0900000000000000e+02   4.4770821928977966e-02
   1.1000000000000000e+02   4.3573547154664993e-02
   1.1100000000000000e+02   4.2438887059688568e-02
   1.1200000000000000e+02   4.1394524276256561e-02
   1.1300000000000000e+02   4.0232621133327484e-02
   1.1400000000000000e+02   3.9119713008403778e-02
   1.1500000000000000e+02   3.8040701299905777e-02
   1.1600000000000000e+02   3.7059448659420013e-02
   1.1700000000000000e+02   3.6044195294380188e-02
   1.1800000000000000e+02   3.5054389387369156e-02
   1.1900000000000000e+02   3.4052502363920212e-02
   1.2000000000000000e+02   3.3038984984159470e-02
   1.2100000000000000e+02   3.2087232917547226e-02
   1.2200000000000000e+02   3.1215874478220940e-02
   1.2300000000000000e+02   3.0245490372180939e-02
   1.2400000000000000e+02   2.9349330812692642e-02
   1.2500000000000000e+02   2.8397412970662117e-02
   1.2600000000000000e+02   2.7478670701384544e-02
   1.2700000000000000e+02   2.6571225374937057e-02
   1.2800000000000000e+02   2.5724934414029121e-02
   1.2900000000000000e+02   2.4892825633287430e-02
   1.3000000000000000e+02   2.4019462987780571e-02
   1.3100000000000000e+02   2.3101322352886200e-02
   1.3200000000000000e+02   2.2330421954393387e-02
   1.3300000000000000e+02   2.1559754386544228e-02
   1.3400000000000000e+02   2.0855860784649849e-02
   1.3500000000000000e+02   2.0075980573892593e-02
   1.3600000000000000e+02   1.9347291439771652e-02
   1.3700000000000000e+02   1.8651444464921951e-02
   1.3800000000000000e+02   1.7997801303863525e-02
   1.3900000000000000e+02   1.7308155074715614e-02
   1.4000000000000000e+02   1.6683274880051613e-02
   1.4100000000000000e+02   1.6049452126026154e-02
   1.4200000000000000e+02   1.5465726144611835e-02
   1.4300000000000000e+02   1.4863851480185986e-02
   1.4400000000000000e+02   1.4242857694625854e-02
   1.4500000000000000e+02   1.3703360222280025e-02
   1.4600000000000000e+02   1.3182614929974079e-02
   1.4700000000000000e+02   1.2601933442056179e-02
   1.4800000000000000e+02   1.2034386396408081e-02
   1.4900000000000000e+02   1.1482393369078636e-02
   1.5000000000000000e+02   1.0998308658599854e-02
   1.5100000000000000e+02   1.0523841716349125e-02
   1.5200000000000000e+02   1.0031851008534431e-02
   1.5300000000000000e+02   9.5800161361694336e-03
   1.5400000000000000e+02   9.1482447460293770e-03
   1.5500000000000000e+02   8.6841043084859848e-03
   1.5600000000000000e+02   8.2448478788137436e-03
   1.5700000000000000e+02   7.8637050464749336e-03
   1.5800000000000000e+02   7.5022089295089245e-03
   1.5900000000000000e+02   7.1879751048982143e-03
   1.6000000000000000e+02   6.8368003703653812e-03
   1.6100000000000000e+02   6.5006259828805923e-03
   1.6200000000000000e+02   6.2029743567109108e-03
   1.6300000000000000e+02   5.9102079831063747e-03
   1.6400000000000000e+02   5.5953930132091045e-03
   1.6500000000000000e+02   5.2839857526123524e-03
   1.6600000000000000e+02   5.0092739984393120e-03
   1.6700000000000000e+02   4.7397855669260025e-03
   1.6800000000000000e+02   4.4643674045801163e-03
   1.6900000000000000e+02   4.2134919203817844e-03
   1.7000000000000000e+02   3.9967591874301434e-03
   1.7100000000000000e+02   3.7544304504990578e-03
   1.7200000000000000e+02   3.5137231461703777e-03
   1.7300000000000000e+02   3.3036146778613329e-03
   1.7400000000000000e+02   3.0906498432159424e-03
   1.7500000000000000e+02   2.9059811495244503e-03
   1.7600000000000000e+02   2.7084588073194027e-03
   1.7700000000000000e+02   2.5321177672594786e-03
   1.7800000000000000e+02   2.3754627909511328e-03
   1.7900000000000000e+02   2.2164052352309227e-03
   1.8000000000000000e+02   2.0890333689749241e-03
   1.8100000000000000e+02   1.9604770932346582e-03
   1.8200000000000000e+02   1.8287065904587507e-03
   1.8300000000000000e+02   1.7054583877325058e-03
   1.8400000000000000e+02   1.5838837716728449e-03
   1.8500000000000000e+02   1.4823589008301497e-03
   1.8600000000000000e+02   1.3972328742966056e-03
   1.8700000000000000e+02   1.2960805324837565e-03
   1.8800000000000000e+02   1.2054970720782876e-03
   1.8900000000000000e+02   1.1150520294904709e-03
   1.9000000000000000e+02   1.0364381596446037e-03
   1.9100000000000000e+02   9.6882146317511797e-04
   1.9200000000000000e+02   8.9752877829596400e-04
   1.9300000000000000e+02   8.4053829777985811e-04
   1.9400000000000000e+02   7.8938476508483291e-04
   1.9500000000000000e+02   7.3474162491038442e-04
   1.9600000000000000e+02   6.8655464565381408e-04
   1.9700000000000000e+02   6.4003345323726535e-04
   1.9800000000000000e+02   6.0061126714572310e-04
   1.9900000000000000e+02   5.6374608539044857e-04
   2.0000000000000000e+02   5.2579055773094296e-04
   2.0100000000000000e+02   4.9160415073856711e-04
   2.0200000000000000e+02   4.5731538557447493e-04
   2.0300000000000000e+02   4.2796524940058589e-04
   2.0400000000000000e+02   4.0659835212863982e-04
   2.0500000000000000e+02   3.8149906322360039e-04
   2.0600000000000000e+02   3.6157865542918444e-04
   2.0700000000000000e+02   3.4194171894341707e-04
   2.0800000000000000e+02   3.1976576428860426e-04
   2.0900000000000000e+02   3.0343097751028836e-04
   2.1000000000000000e+02   2.8922379715368152e-04
   2.1100000000000000e+02   2.7729728026315570e-04
   2.1200000000000000e+02   2.6489669107832015e-04
   2.1300000000000000e+02   2.5384518085047603e-04
   2.1400000000000000e+02   2.4408209719695151e-04
   2.1500000000000000e+02   2.3544348368886858e-04
   2.1600000000000000e+02   2.2688270837534219e-04
   2.1700000000000000e+02   2.2126041585579515e-04
   2.1800000000000000e+02   2.1668481349479407e-04
   2.1900000000000000e+02   2.0880809461232275e-04
   2.2000000000000000e+02   2.0253518596291542e-04
   2.2100000000000000e+02   1.9349170906934887e-04
   2.2200000000000000e+02   1.8662033835425973e-04
   2.2300000000000000e+02   1.7974783258978277e-04
   2.2400000000000000e+02   1.7269204545300454e-04
   2.2500000000000000e+02   1.6643993149045855e-04
   2.2600000000000000e+02   1.6370991943404078e-04
   2.2700000000000000e+02   1.5772022015880793e-04
   2.2800000000000000e+02   1.5258323401212692e-04
   2.2900000000000000e+02   1.4836875197943300e-04
   2.3000000000000000e+02   1.4318460307549685e-04
   2.3100000000000000e+02   1.3878452591598034e-04
   2.3200000000000000e+02   1.3488916738424450e-04
   2.3300000000000000e+02   1.3182863767724484e-04
   2.3400000000000000e+02   1.2835291272494942e-04
   2.3500000000000000e+02   1.2562872143462300e-04
   2.3600000000000000e+02   1.2682699889410287e-04
   2.3700000000000000e+02   1.2515213165897876e-04
   2.3800000000000000e+02   1.2358825188130140e-04
   2.3900000000000000e+02   1.2313612387515604e-04
   2.4000000000000000e+02   1.2096495629521087e-04
   2.4100000000000000e+02   1.1963809083681554e-04
   2.4200000000000000e+02   1.1675107089104131e-04
   2.4300000000000000e+02   1.1794036254286766e-04
   2.4400000000000000e+02   1.1814171011792496e-04
   2.4500000000000000e+02   1.1779429041780531e-04
   2.4600000000000000e+02   1.1697511217789724e-04
   2.4700000000000000e+02   1.1744044604711235e-04
   2.4800000000000000e+02   1.1521677515702322e-04
   2.4900000000000000e+02   1.1488996096886694e-04
   2.5000000000000000e+02   1.1441820970503613e-04
   2.5100000000000000e+02   1.1054929927922785e-04
   2.5200000000000000e+02   1.1165148316649720e-04
   2.5300000000000000e+02   1.1174231622135267e-04
   2.5400000000000000e+02   1.1188085045432672e-04
   2.5500000000000000e+02   1.1215373524464667e-04
   2.5600000000000000e+02   1.1072328197769821e-04
   2.5700000000000000e+02   1.1310228728689253e-04
   2.5800000000000000e+02   1.1000808444805443e-04
   2.5900000000000000e+02   1.0761295561678708e-04
   2.6000000000000000e+02   1.0590441524982452e-04
   2.6100000000000000e+02   1.0534736793488264e-04
   2.6200000000000000e+02   1.0232906788587570e-04
   2.6300000000000000e+02   1.0196919902227819e-04
   2.6400000000000000e+02   1.0014387225965038e-04
   2.6500000000000000e+02   9.7396892670076340e-05
   2.6600000000000000e+02   9.7980271675623953e-05
   2.6700000000000000e+02   9.5126655651256442e-05
   2.6800000000000000e+02   9.5426388725172728e-05
   2.6900000000000000e+02   9.2499503807630390e-05
   2.7000000000000000e+02   9.1505426098592579e-05
   2.7100000000000000e+02   9.1538247943390161e-05
   2.7200000000000000e+02   8.9070606918539852e-05
   2.7300000000000000e+02   8.6817446572240442e-05
   2.7400000000000000e+02   8.3659433585125953e-05
   2.7500000000000000e+02   8.3388149505481124e-05
   2.7600000000000000e+02   8.3573053416330367e-05
   2.7700000000000000e+02   8.4147279267199337e-05
   2.7800000000000000e+02   8.2795952039305121e-05
   2.7900000000000000e+02   8.2893653598148376e-05
   2.8000000000000000e+02   8.4565690485760570e-05
   2.8100000000000000e+02   8.3225997514091432e-05
   2.8200000000000000e+02   8.3531878772191703e-05
   2.8300000000000000e+02   8.1660713476594537e-05
   2.8400000000000000e+02   8.1862555816769600e-05
   2.8500000000000000e+02   8.2099410064984113e-05
   2.8600000000000000e+02   8.0451100075151771e-05
   2.8700000000000000e+02   7.9787896538618952e-05
   2.8800000000000000e+02   7.8625402238685638e-05
   2.8900000000000000e+02   7.7812386734876782e-05
   2.9000000000000000e+02   7.8005847171880305e-05
   2.9100000000000000e+02   7.5602991273626685e-05
   2.9200000000000000e+02   7.3753530159592628e-05
   2.9300000000000000e+02   7.2671471571084112e-05
   2.9400000000000000e+02   7.2493370680604130e-05
   2.9500000000000000e+02   7.0360802055802196e-05
   2.9600000000000000e+02   7.0002926804590970e-05
   2.9700000000000000e+02   6.8824228947050869e-05
   2.9800000000000000e+02   6.7999899329151958e-05
   2.9900000000000000e+02   6.7127009970135987e-05
   3.0000000000000000e+02   6.4480504079256207e-05
