   1.0000000000000000e+00   1.8678711494430900e-03
   2.0000000000000000e+00   1.9482835195958614e-03
   3.0000000000000000e+00   2.0494549535214901e-03
   4.0000000000000000e+00   2.1752589382231236e-03
   5.0000000000000000e+00   2.3277711588889360e-03
   6.0000000000000000e+00   2.5084014050662518e-03
   7.0000000000000000e+00   2.7230221312493086e-03
   8.0000000000000000e+00   2.9633259400725365e-03
   9.0000000000000000e+00   3.2281209714710712e-03
   1.0000000000000000e+01   3.5122397821396589e-03
   1.1000000000000000e+01   3.8101675454527140e-03
   1.2000000000000000e+01   4.1156965307891369e-03
   1.3000000000000000e+01   4.4245491735637188e-03
   1.4000000000000000e+01   4.7322073951363564e-03
   1.5000000000000000e+01   5.0333752296864986e-03
   1.6000000000000000e+01   5.3244186565279961e-03
   1.7000000000000000e+01   5.6030778214335442e-03
   1.8000000000000000e+01   5.8664670214056969e-03
   1.9000000000000000e+01   6.1093089170753956e-03
   2.0000000000000000e+01   6.3263801857829094e-03
   2.1000000000000000e+01   6.5150912851095200e-03
   2.2000000000000000e+01   6.6785756498575211e-03
   2.3000000000000000e+01   6.8244892172515392e-03
   2.4000000000000000e+01   6.9578969851136208e-03
   2.5000000000000000e+01   7.0780133828520775e-03
   2.6000000000000000e+01   7.1765971370041370e-03
   2.7000000000000000e+01   7.2455205954611301e-03
   2.8000000000000000e+01   7.2816624306142330e-03
   2.9000000000000000e+01   7.2896899655461311e-03
   3.0000000000000000e+01   7.2788693942129612e-03
   3.1000000000000000e+01   7.2584687732160091e-03
   3.2000000000000000e+01   7.2340546175837517e-03
   3.3000000000000000e+01   7.2104530408978462e-03
   3.4000000000000000e+01   7.1951667778193951e-03
   3.5000000000000000e+01   7.1959411725401878e-03
   3.6000000000000000e+01   7.2205183096230030e-03
   3.7000000000000000e+01   7.2745010256767273e-03
   3.8000000000000000e+01   7.3611908592283726e-03
   3.9000000000000000e+01   7.4855769053101540e-03
   4.0000000000000000e+01   7.6577863655984402e-03
   4.1000000000000000e+01   7.8923543915152550e-03
   4.2000000000000000e+01   8.2065751776099205e-03
   4.3000000000000000e+01   8.6153103038668633e-03
   4.4000000000000000e+01   9.1300550848245621e-03
   4.5000000000000000e+01   9.7597995772957802e-03
   4.6000000000000000e+01   1.0515234433114529e-02
   4.7000000000000000e+01   1.1403078213334084e-02
   4.8000000000000000e+01   1.2428069487214088e-02
   4.9000000000000000e+01   1.3589548878371716e-02
   5.0000000000000000e+01   1.4886953867971897e-02
   5.1000000000000000e+01   1.6314001753926277e-02
   5.2000000000000000e+01   1.7868949100375175e-02
   5.3000000000000000e+01   1.9553087651729584e-02
   5.4000000000000000e+01   2.1372906863689423e-02
   5.5000000000000000e+01   2.3333650082349777e-02
   5.6000000000000000e+01   2.5436624884605408e-02
   5.7000000000000000e+01   2.7679098770022392e-02
   5.8000000000000000e+01   3.0057694762945175e-02
   5.9000000000000000e+01   3.2563731074333191e-02
   6.0000000000000000e+01   3.5186860710382462e-02
   6.1000000000000000e+01   3.7909813225269318e-02
   6.2000000000000000e+01   4.0725633502006531e-02
   6.3000000000000000e+01   4.3627236038446426e-02
   6.4000000000000000e+01   4.6611268073320389e-02
   6.5000000000000000e+01   4.9670938402414322e-02
   6.6000000000000000e+01   5.2795093506574631e-02
   6.7000000000000000e+01   5.5965054780244827e-02
   6.8000000000000000e+01   5.9151962399482727e-02
   6.9000000000000000e+01   6.2326502054929733e-02
   7.0000000000000000e+01   6.5461933612823486e-02
   7.1000000000000000e+01   6.8535946309566498e-02
   7.2000000000000000e+01   7.1528092026710510e-02
   7.3000000000000000e+01   7.4413210153579712e-02
   7.4000000000000000e+01   7.7171154320240021e-02
   7.5000000000000000e+01   7.9785726964473724e-02
   7.6000000000000000e+01   8.2247704267501831e-02
   7.7000000000000000e+01   8.4545008838176727e-02
   7.8000000000000000e+01   8.6663253605365753e-02
   7.9000000000000000e+01   8.8594116270542145e-02
   8.0000000000000000e+01   9.0329825878143311e-02
   8.1000000000000000e+01   9.1870732605457306e-02
   8.2000000000000000e+01   9.3220077455043793e-02
   8.3000000000000000e+01   9.4382219016551971e-02
   8.4000000000000000e+01   9.5355488359928131e-02
   8.5000000000000000e+01   9.6139155328273773e-02
   8.6000000000000000e+01   9.6738941967487335e-02
   8.7000000000000000e+01   9.7172468900680542e-02
   8.8000000000000000e+01   9.7471259534358978e-02
   8.9000000000000000e+01   9.7663938999176025e-02
   9.0000000000000000e+01   9.7758039832115173e-02
   9.1000000000000000e+01   9.7750417888164520e-02
   9.2000000000000000e+01   9.7628533840179443e-02
   9.3000000000000000e+01   9.7391441464424133e-02
   9.4000000000000000e+01   9.7041994333267212e-02
   9.5000000000000000e+01   9.6588119864463806e-02
   9.6000000000000000e+01   9.6043199300765991e-02
   9.7000000000000000e+01   9.5426663756370544e-02
   9.8000000000000000e+01   9.4759963452816010e-02
   9.9000000000000000e+01   9.4063624739646912e-02
   1.0000000000000000e+02   9.3345403671264648e-02
   1.0100000000000000e+02   9.2600159347057343e-02
   1.0200000000000000e+02   9.1815814375877380e-02
   1.0300000000000000e+02   9.0979792177677155e-02
   1.0400000000000000e+02   9.0088084340095520e-02
   1.0500000000000000e+02   8.9157156646251678e-02
   1.0600000000000000e+02   8.8209748268127441e-02
   1.0700000000000000e+02   8.7266750633716583e-02
   1.0800000000000000e+02   8.6330965161323547e-02
   1.0900000000000000e+02   8.5388526320457458e-02
   1.1000000000000000e+02   8.4415324032306671e-02
   1.1100000000000000e+02   8.3395346999168396e-02
   1.1200000000000000e+02   8.2322441041469574e-02
   1.1300000000000000e+02   8.1205971539020538e-02
   1.1400000000000000e+02   8.0066516995429993e-02
   1.1500000000000000e+02   7.8922562301158905e-02
   1.1600000000000000e+02   7.7793069183826447e-02
   1.1700000000000000e+02   7.6679319143295288e-02
   1.1800000000000000e+02   7.5576156377792358e-02
   1.1900000000000000e+02   7.4471749365329742e-02
   1.2000000000000000e+02   7.3353186249732971e-02
   1.2100000000000000e+02   7.2213634848594666e-02
   1.2200000000000000e+02   7.1054540574550629e-02
   1.2300000000000000e+02   6.9887474179267883e-02
   1.2400000000000000e+02   6.8724326789379120e-02
   1.2500000000000000e+02   6.7581854760646820e-02
   1.2600000000000000e+02   6.6469579935073853e-02
   1.2700000000000000e+02   6.5382957458496094e-02
   1.2800000000000000e+02   6.4315356314182281e-02
   1.2900000000000000e+02   6.3252978026866913e-02
   1.3000000000000000e+02   6.2193639576435089e-02
   1.3100000000000000e+02   6.1133619397878647e-02
   1.3200000000000000e+02   6.0075495392084122e-02
   1.3300000000000000e+02   5.9017628431320190e-02
   1.3400000000000000e+02   5.7959366589784622e-02
   1.3500000000000000e+02   5.6902021169662476e-02
   1.3600000000000000e+02   5.5842295289039612e-02
   1.3700000000000000e+02   5.4783843457698822e-02
   1.3800000000000000e+02   5.3735550493001938e-02
   1.3900000000000000e+02   5.2713632583618164e-02
   1.4000000000000000e+02   5.1736023277044296e-02
   1.4100000000000000e+02   5.0806563347578049e-02
   1.4200000000000000e+02   4.9919597804546356e-02
   1.4300000000000000e+02   4.9056839197874069e-02
   1.4400000000000000e+02   4.8207659274339676e-02
   1.4500000000000000e+02   4.7360926866531372e-02
   1.4600000000000000e+02   4.6514362096786499e-02
   1.4700000000000000e+02   4.5669052749872208e-02
   1.4800000000000000e+02   4.4818710535764694e-02
   1.4900000000000000e+02   4.3958377093076706e-02
   1.5000000000000000e+02   4.3084457516670227e-02
   1.5100000000000000e+02   4.2204022407531738e-02
   1.5200000000000000e+02   4.1330479085445404e-02
   1.5300000000000000e+02   4.0468864142894745e-02
   1.5400000000000000e+02   3.9615806192159653e-02
   1.5500000000000000e+02   3.8758382201194763e-02
   1.5600000000000000e+02   3.7894789129495621e-02
   1.5700000000000000e+02   3.7032172083854675e-02
   1.5800000000000000e+02   3.6188069730997086e-02
   1.5900000000000000e+02   3.5373959690332413e-02
   1.6000000000000000e+02   3.4594185650348663e-02
   1.6100000000000000e+02   3.3842641860246658e-02
   1.6200000000000000e+02   3.3109638839960098e-02
   1.6300000000000000e+02   3.2393183559179306e-02
   1.6400000000000000e+02   3.1690541654825211e-02
   1.6500000000000000e+02   3.1001837924122810e-02
   1.6600000000000000e+02   3.0324023216962814e-02
   1.6700000000000000e+02   2.9653236269950867e-02
   1.6800000000000000e+02   2.8987128287553787e-02
   1.6900000000000000e+02   2.8326809406280518e-02
   1.7000000000000000e+02   2.7678010985255241e-02
   1.7100000000000000e+02   2.7041673660278320e-02
   1.7200000000000000e+02   2.6412487030029297e-02
   1.7300000000000000e+02   2.5776565074920654e-02
   1.7400000000000000e+02   2.5120612233877182e-02
   1.7500000000000000e+02   2.4443283677101135e-02
   1.7600000000000000e+02   2.3751424625515938e-02
   1.7700000000000000e+02   2.3059327155351639e-02
   1.7800000000000000e+02   2.2379271686077118e-02
   1.7900000000000000e+02   2.1725881844758987e-02
   1.8000000000000000e+02   2.1105585619807243e-02
   1.8100000000000000e+02   2.0517738536000252e-02
   1.8200000000000000e+02   1.9951874390244484e-02
   1.8300000000000000e+02   1.9404498860239983e-02
   1.8400000000000000e+02   1.8876660615205765e-02
   1.8500000000000000e+02   1.8370352685451508e-02
   1.8600000000000000e+02   1.7884338274598122e-02
   1.8700000000000000e+02   1.7417822033166885e-02
   1.8800000000000000e+02   1.6970433294773102e-02
   1.8900000000000000e+02   1.6540748998522758e-02
   1.9000000000000000e+02   1.6126858070492744e-02
   1.9100000000000000e+02   1.5728522092103958e-02
   1.9200000000000000e+02   1.5346740372478962e-02
   1.9300000000000000e+02   1.4985356479883194e-02
   1.9400000000000000e+02   1.4642539434134960e-02
   1.9500000000000000e+02   1.4315556734800339e-02
   1.9600000000000000e+02   1.4001903124153614e-02
   1.9700000000000000e+02   1.3697437942028046e-02
   1.9800000000000000e+02   1.3393204659223557e-02
   1.9900000000000000e+02   1.3081041164696217e-02
   2.0000000000000000e+02   1.2759702280163765e-02
   2.0100000000000000e+02   1.2433793395757675e-02
   2.0200000000000000e+02   1.2113223783671856e-02
   2.0300000000000000e+02   1.1807878501713276e-02
   2.0400000000000000e+02   1.1522645130753517e-02
   2.0500000000000000e+02   1.1256412602961063e-02
   2.0600000000000000e+02   1.1005546897649765e-02
   2.0700000000000000e+02   1.0762267746031284e-02
   2.0800000000000000e+02   1.0521790944039822e-02
   2.0900000000000000e+02   1.0283532552421093e-02
   2.1000000000000000e+02   1.0052617639303207e-02
   2.1100000000000000e+02   9.8339430987834930e-03
   2.1200000000000000e+02   9.6314707770943642e-03
   2.1300000000000000e+02   9.4452649354934692e-03
   2.1400000000000000e+02   9.2724701389670372e-03
   2.1500000000000000e+02   9.1088963672518730e-03
   2.1600000000000000e+02   8.9489649981260300e-03
   2.1700000000000000e+02   8.7879691272974014e-03
   2.1800000000000000e+02   8.6248414590954781e-03
   2.1900000000000000e+02   8.4625538438558578e-03
   2.2000000000000000e+02   8.3060637116432190e-03
   2.2100000000000000e+02   8.1580448895692825e-03
   2.2200000000000000e+02   8.0202762037515640e-03
   2.2300000000000000e+02   7.8911995515227318e-03
   2.2400000000000000e+02   7.7678197994828224e-03
   2.2500000000000000e+02   7.6434807851910591e-03
   2.2600000000000000e+02   7.5119785033166409e-03
   2.2700000000000000e+02   7.3699248023331165e-03
   2.2800000000000000e+02   7.2180572897195816e-03
   2.2900000000000000e+02   7.0616286247968674e-03
   2.3000000000000000e+02   6.9051203317940235e-03
   2.3100000000000000e+02   6.7548649385571480e-03
   2.3200000000000000e+02   6.6131437197327614e-03
   2.3300000000000000e+02   6.4797569066286087e-03
   2.3400000000000000e+02   6.3517861999571323e-03
   2.3500000000000000e+02   6.2260404229164124e-03
   2.3600000000000000e+02   6.1008352786302567e-03
   2.3700000000000000e+02   5.9760836884379387e-03
   2.3800000000000000e+02   5.8514135889708996e-03
   2.3900000000000000e+02   5.7271798141300678e-03
   2.4000000000000000e+02   5.6063476949930191e-03
   2.4100000000000000e+02   5.4927710443735123e-03
   2.4200000000000000e+02   5.3896009922027588e-03
   2.4300000000000000e+02   5.3002401255071163e-03
   2.4400000000000000e+02   5.2236625924706459e-03
   2.4500000000000000e+02   5.1572979427874088e-03
   2.4600000000000000e+02   5.0964038819074631e-03
   2.4700000000000000e+02   5.0374390557408333e-03
   2.4800000000000000e+02   4.9771293997764587e-03
   2.4900000000000000e+02   4.9144369550049305e-03
   2.5000000000000000e+02   4.8494054935872555e-03
   2.5100000000000000e+02   4.7830399125814438e-03
   2.5200000000000000e+02   4.7180005349218845e-03
   2.5300000000000000e+02   4.6556922607123852e-03
   2.5400000000000000e+02   4.5956550166010857e-03
   2.5500000000000000e+02   4.5348778367042542e-03
   2.5600000000000000e+02   4.4700843282043934e-03
   2.5700000000000000e+02   4.3969289399683475e-03
   2.5800000000000000e+02   4.3129869736731052e-03
   2.5900000000000000e+02   4.2182127945125103e-03
   2.6000000000000000e+02   4.1155600920319557e-03
   2.6100000000000000e+02   4.0091034024953842e-03
   2.6200000000000000e+02   3.9036290254443884e-03
   2.6300000000000000e+02   3.8017914630472660e-03
   2.6400000000000000e+02   3.7049201782792807e-03
   2.6500000000000000e+02   3.6121488083153963e-03
   2.6600000000000000e+02   3.5224026069045067e-03
   2.6700000000000000e+02   3.4338291734457016e-03
   2.6800000000000000e+02   3.3468843903392553e-03
   2.6900000000000000e+02   3.2614998053759336e-03
   2.7000000000000000e+02   3.1784740276634693e-03
   2.7100000000000000e+02   3.0990107916295528e-03
   2.7200000000000000e+02   3.0249848496168852e-03
   2.7300000000000000e+02   2.9572970233857632e-03
   2.7400000000000000e+02   2.8967643156647682e-03
   2.7500000000000000e+02   2.8411750681698322e-03
   2.7600000000000000e+02   2.7872535865753889e-03
   2.7700000000000000e+02   2.7310498990118504e-03
   2.7800000000000000e+02   2.6711360551416874e-03
   2.7900000000000000e+02   2.6079127565026283e-03
   2.8000000000000000e+02   2.5431623216718435e-03
   2.8100000000000000e+02   2.4785571731626987e-03
   2.8200000000000000e+02   2.4147848598659039e-03
   2.8300000000000000e+02   2.3527450393885374e-03
   2.8400000000000000e+02   2.2937706671655178e-03
   2.8500000000000000e+02   2.2381208837032318e-03
   2.8600000000000000e+02   2.1849235054105520e-03
   2.8700000000000000e+02   2.1324807312339544e-03
   2.8800000000000000e+02   2.0799392368644476e-03
   2.8900000000000000e+02   2.0273693371564150e-03
   2.9000000000000000e+02   1.9769223872572184e-03
   2.9100000000000000e+02   1.9316078396514058e-03
   2.9200000000000000e+02   1.8942189635708928e-03
   2.9300000000000000e+02   1.8655128078535199e-03
   2.9400000000000000e+02   1.8441566498950124e-03
   2.9500000000000000e+02   1.8275374313816428e-03
   2.9600000000000000e+02   1.8150167306885123e-03
   2.9700000000000000e+02   1.8056515837088227e-03
   2.9800000000000000e+02   1.7985040321946144e-03
   2.9900000000000000e+02   1.7927336739376187e-03
   3.0000000000000000e+02   1.7878669314086437e-03
