   1.0000000000000000e+00   1.3056025840342045e-02
   2.0000000000000000e+00   1.2850067578256130e-02
   3.0000000000000000e+00   1.2589042074978352e-02
   4.0000000000000000e+00   1.2263634242117405e-02
   5.0000000000000000e+00   1.1975263245403767e-02
   6.0000000000000000e+00   1.1694356799125671e-02
   7.0000000000000000e+00   1.1445228010416031e-02
   8.0000000000000000e+00   1.1234264820814133e-02
   9.0000000000000000e+00   1.1014590039849281e-02
   1.0000000000000000e+01   1.0817406699061394e-02
   1.1000000000000000e+01   1.0582852177321911e-02
   1.2000000000000000e+01   1.0347222909331322e-02
   1.3000000000000000e+01   1.0155458003282547e-02
   1.4000000000000000e+01   9.9841514602303505e-03
   1.5000000000000000e+01   9.7696399316191673e-03
   1.6000000000000000e+01   9.5547884702682495e-03
   1.7000000000000000e+01   9.3664275482296944e-03
   1.8000000000000000e+01   9.1537814587354660e-03
   1.9000000000000000e+01   9.0525606647133827e-03
   2.0000000000000000e+01   8.9073507115244865e-03
   2.1000000000000000e+01   8.7978811934590340e-03
   2.2000000000000000e+01   8.6368322372436523e-03
   2.3000000000000000e+01   8.4390407428145409e-03
   2.4000000000000000e+01   8.2744769752025604e-03
   2.5000000000000000e+01   8.1209475174546242e-03
   2.6000000000000000e+01   7.9785538837313652e-03
   2.7000000000000000e+01   7.8335534781217575e-03
   2.8000000000000000e+01   7.6971864327788353e-03
   2.9000000000000000e+01   7.5391600839793682e-03
   3.0000000000000000e+01   7.3974751867353916e-03
   3.1000000000000000e+01   7.3151718825101852e-03
   3.2000000000000000e+01   7.1695451624691486e-03
   3.3000000000000000e+01   7.0863454602658749e-03
   3.4000000000000000e+01   6.9550951011478901e-03
   3.5000000000000000e+01   6.8118646740913391e-03
   3.6000000000000000e+01   6.7273778840899467e-03
   3.7000000000000000e+01   6.6372524015605450e-03
   3.8000000000000000e+01   6.5559721551835537e-03
   3.9000000000000000e+01   6.5045859664678574e-03
   4.0000000000000000e+01   6.4369770698249340e-03
   4.1000000000000000e+01   6.3612321391701698e-03
   4.2000000000000000e+01   6.3208960928022861e-03
   4.3000000000000000e+01   6.2538068741559982e-03
   4.4000000000000000e+01   6.2130880542099476e-03
   4.5000000000000000e+01   6.2150782905519009e-03
   4.6000000000000000e+01   6.1170635744929314e-03
   4.7000000000000000e+01   6.0829422436654568e-03
   4.8000000000000000e+01   6.0144993476569653e-03
   4.9000000000000000e+01   5.9309895150363445e-03
   5.0000000000000000e+01   5.8930828236043453e-03
   5.1000000000000000e+01   5.8087785728275776e-03
   5.2000000000000000e+01   5.7614073157310486e-03
   5.3000000000000000e+01   5.7552810758352280e-03
   5.4000000000000000e+01   5.6538684293627739e-03
   5.5000000000000000e+01   5.6153787299990654e-03
   5.6000000000000000e+01   5.5540637113153934e-03
   5.7000000000000000e+01   5.4838927462697029e-03
   5.8000000000000000e+01   5.4444470442831516e-03
   5.9000000000000000e+01   5.4045934230089188e-03
   6.0000000000000000e+01   5.3483461961150169e-03
   6.1000000000000000e+01   5.3264754824340343e-03
   6.2000000000000000e+01   5.2938521839678288e-03
   6.3000000000000000e+01   5.3235203959047794e-03
   6.4000000000000000e+01   5.3198197856545448e-03
   6.5000000000000000e+01   5.2744238637387753e-03
   6.6000000000000000e+01   5.2624577656388283e-03
   6.7000000000000000e+01   5.2250223234295845e-03
   6.8000000000000000e+01   5.2126119844615459e-03
   6.9000000000000000e+01   5.1690391264855862e-03
   7.0000000000000000e+01   5.2036843262612820e-03
   7.1000000000000000e+01   5.2211103029549122e-03
   7.2000000000000000e+01   5.2346289157867432e-03
   7.3000000000000000e+01   5.2267783321440220e-03
   7.4000000000000000e+01   5.2460609003901482e-03
   7.5000000000000000e+01   5.2322093397378922e-03
   7.6000000000000000e+01   5.2545699290931225e-03
   7.7000000000000000e+01   5.2427994087338448e-03
   7.8000000000000000e+01   5.1538632251322269e-03
   7.9000000000000000e+01   5.1723783835768700e-03
   8.0000000000000000e+01   5.1848422735929489e-03
   8.1000000000000000e+01   5.2105626091361046e-03
   8.2000000000000000e+01   5.2033616229891777e-03
   8.3000000000000000e+01   5.1948209293186665e-03
   8.4000000000000000e+01   5.2570402622222900e-03
   8.5000000000000000e+01   5.2083898335695267e-03
   8.6000000000000000e+01   5.1885801367461681e-03
   8.7000000000000000e+01   5.1514771766960621e-03
   8.8000000000000000e+01   5.1338779740035534e-03
   8.9000000000000000e+01   5.0667417235672474e-03
   9.0000000000000000e+01   5.0459248013794422e-03
   9.1000000000000000e+01   4.9833445809781551e-03
   9.2000000000000000e+01   4.9297604709863663e-03
   9.3000000000000000e+01   4.9707838334143162e-03
   9.4000000000000000e+01   4.9212817102670670e-03
   9.5000000000000000e+01   4.9503529444336891e-03
   9.6000000000000000e+01   4.8811351880431175e-03
   9.7000000000000000e+01   4.8710326664149761e-03
   9.8000000000000000e+01   4.8567969352006912e-03
   9.9000000000000000e+01   4.7930316068232059e-03
   1.0000000000000000e+02   4.7399182803928852e-03
   1.0100000000000000e+02   4.6480288729071617e-03
   1.0200000000000000e+02   4.6150777488946915e-03
   1.0300000000000000e+02   4.6255583874881268e-03
   1.0400000000000000e+02   4.6538840979337692e-03
   1.0500000000000000e+02   4.6395636163651943e-03
   1.0600000000000000e+02   4.6191592700779438e-03
   1.0700000000000000e+02   4.6670315787196159e-03
   1.0800000000000000e+02   4.6122903004288673e-03
   1.0900000000000000e+02   4.6140481717884541e-03
   1.1000000000000000e+02   4.5766085386276245e-03
   1.1100000000000000e+02   4.5715137384831905e-03
   1.1200000000000000e+02   4.5743943192064762e-03
   1.1300000000000000e+02   4.5602144673466682e-03
   1.1400000000000000e+02   4.5467936433851719e-03
   1.1500000000000000e+02   4.5093023218214512e-03
   1.1600000000000000e+02   4.4850688427686691e-03
   1.1700000000000000e+02   4.5183929614722729e-03
   1.1800000000000000e+02   4.4785048812627792e-03
   1.1900000000000000e+02   4.4333445839583874e-03
   1.2000000000000000e+02   4.3966621160507202e-03
   1.2100000000000000e+02   4.4118012301623821e-03
   1.2200000000000000e+02   4.3510217219591141e-03
   1.2300000000000000e+02   4.3575498275458813e-03
   1.2400000000000000e+02   4.3205912224948406e-03
   1.2500000000000000e+02   4.2805569246411324e-03
   1.2600000000000000e+02   4.2749796994030476e-03
   1.2700000000000000e+02   4.2233224958181381e-03
   1.2800000000000000e+02   1.2457834929227829e-01
   1.2900000000000000e+02   1.2558622658252716e-01
   1.3000000000000000e+02   1.2668813765048981e-01
   1.3100000000000000e+02   1.2789979577064514e-01
   1.3200000000000000e+02   1.2932807207107544e-01
   1.3300000000000000e+02   1.3057588040828705e-01
   1.3400000000000000e+02   1.3180497288703918e-01
   1.3500000000000000e+02   1.3303199410438538e-01
   1.3600000000000000e+02   1.3499227166175842e-01
   1.3700000000000000e+02   1.3713440299034119e-01
   1.3800000000000000e+02   1.3955317437648773e-01
   1.3900000000000000e+02   1.4174622297286987e-01
   1.4000000000000000e+02   1.4391903579235077e-01
   1.4100000000000000e+02   1.4588044583797455e-01
   1.4200000000000000e+02   1.4800722897052765e-01
   1.4300000000000000e+02   1.4988268911838531e-01
   1.4400000000000000e+02   1.5146131813526154e-01
   1.4500000000000000e+02   1.5284432470798492e-01
   1.4600000000000000e+02   1.5380601584911346e-01
   1.4700000000000000e+02   1.5429948270320892e-01
   1.4800000000000000e+02   1.5484192967414856e-01
   1.4900000000000000e+02   1.5512754023075104e-01
   1.5000000000000000e+02   1.5523332357406616e-01
   1.5100000000000000e+02   1.5510100126266479e-01
   1.5200000000000000e+02   1.5460179746150970e-01
   1.5300000000000000e+02   1.5388938784599304e-01
   1.5400000000000000e+02   1.5318818390369415e-01
   1.5500000000000000e+02   1.5233898162841797e-01
   1.5600000000000000e+02   1.5126600861549377e-01
   1.5700000000000000e+02   1.5005865693092346e-01
   1.5800000000000000e+02   1.4893344044685364e-01
   1.5900000000000000e+02   1.4757718145847321e-01
   1.6000000000000000e+02   1.4619375765323639e-01
   1.6100000000000000e+02   1.4479361474514008e-01
   1.6200000000000000e+02   1.4338073134422302e-01
   1.6300000000000000e+02   1.4194861054420471e-01
   1.6400000000000000e+02   1.4062502980232239e-01
   1.6500000000000000e+02   1.3887503743171692e-01
   1.6600000000000000e+02   1.3719169795513153e-01
   1.6700000000000000e+02   1.3559642434120178e-01
   1.6800000000000000e+02   1.3403378427028656e-01
   1.6900000000000000e+02   1.3245859742164612e-01
   1.7000000000000000e+02   1.3088728487491608e-01
   1.7100000000000000e+02   1.2935717403888702e-01
   1.7200000000000000e+02   1.2777577340602875e-01
   1.7300000000000000e+02   1.2618856132030487e-01
   1.7400000000000000e+02   1.2470643222332001e-01
   1.7500000000000000e+02   1.2312569469213486e-01
   1.7600000000000000e+02   1.2183993309736252e-01
   1.7700000000000000e+02   1.2047564238309860e-01
   1.7800000000000000e+02   1.1893859505653381e-01
   1.7900000000000000e+02   1.1734941601753235e-01
   1.8000000000000000e+02   1.1606492102146149e-01
   1.8100000000000000e+02   1.1462584137916565e-01
   1.8200000000000000e+02   1.1329592019319534e-01
   1.8300000000000000e+02   1.1183676123619080e-01
   1.8400000000000000e+02   1.1036383360624313e-01
   1.8500000000000000e+02   1.0878714919090271e-01
   1.8600000000000000e+02   1.0733298957347870e-01
   1.8700000000000000e+02   1.0586974769830704e-01
   1.8800000000000000e+02   1.0447036474943161e-01
   1.8900000000000000e+02   1.0301236063241959e-01
   1.9000000000000000e+02   1.0161652415990829e-01
   1.9100000000000000e+02   9.9911943078041077e-02
   1.9200000000000000e+02   9.8286762833595276e-02
   1.9300000000000000e+02   9.6816897392272949e-02
   1.9400000000000000e+02   9.5192946493625641e-02
   1.9500000000000000e+02   9.3807332217693329e-02
   1.9600000000000000e+02   9.2322483658790588e-02
   1.9700000000000000e+02   9.1005779802799225e-02
   1.9800000000000000e+02   8.9640058577060699e-02
   1.9900000000000000e+02   8.8306151330471039e-02
   2.0000000000000000e+02   8.7054826319217682e-02
   2.0100000000000000e+02   8.5858955979347229e-02
   2.0200000000000000e+02   8.4443978965282440e-02
   2.0300000000000000e+02   8.3176597952842712e-02
   2.0400000000000000e+02   8.1905588507652283e-02
   2.0500000000000000e+02   8.0519244074821472e-02
   2.0600000000000000e+02   7.9320006072521210e-02
   2.0700000000000000e+02   7.8213609755039215e-02
   2.0800000000000000e+02   7.6958544552326202e-02
   2.0900000000000000e+02   7.5815118849277496e-02
   2.1000000000000000e+02   7.4585489928722382e-02
   2.1100000000000000e+02   7.3558293282985687e-02
   2.1200000000000000e+02   7.2293110191822052e-02
   2.1300000000000000e+02   7.1050882339477539e-02
   2.1400000000000000e+02   6.9992177188396454e-02
   2.1500000000000000e+02   6.8718604743480682e-02
   2.1600000000000000e+02   6.7537069320678711e-02
   2.1700000000000000e+02   6.6447593271732330e-02
   2.1800000000000000e+02   6.5189510583877563e-02
   2.1900000000000000e+02   6.4126364886760712e-02
   2.2000000000000000e+02   6.3061699271202087e-02
   2.2100000000000000e+02   6.2098998576402664e-02
   2.2200000000000000e+02   6.1052467674016953e-02
   2.2300000000000000e+02   6.0117047280073166e-02
   2.2400000000000000e+02   5.9258703142404556e-02
   2.2500000000000000e+02   5.8236051350831985e-02
   2.2600000000000000e+02   5.7190135121345520e-02
   2.2700000000000000e+02   5.6205369532108307e-02
   2.2800000000000000e+02   5.5358681827783585e-02
   2.2900000000000000e+02   5.4373167455196381e-02
   2.3000000000000000e+02   5.3575932979583740e-02
   2.3100000000000000e+02   5.2534952759742737e-02
   2.3200000000000000e+02   5.1678545773029327e-02
   2.3300000000000000e+02   5.0767343491315842e-02
   2.3400000000000000e+02   4.9782734364271164e-02
   2.3500000000000000e+02   4.8908036202192307e-02
   2.3600000000000000e+02   4.8049069941043854e-02
   2.3700000000000000e+02   4.7145683318376541e-02
   2.3800000000000000e+02   4.6179972589015961e-02
   2.3900000000000000e+02   4.5259680598974228e-02
   2.4000000000000000e+02   4.4411588460206985e-02
   2.4100000000000000e+02   4.3526280671358109e-02
   2.4200000000000000e+02   4.2672775685787201e-02
   2.4300000000000000e+02   4.1763909161090851e-02
   2.4400000000000000e+02   4.0842410176992416e-02
   2.4500000000000000e+02   3.9962280541658401e-02
   2.4600000000000000e+02   3.9184946566820145e-02
   2.4700000000000000e+02   3.8304772228002548e-02
   2.4800000000000000e+02   3.7561073899269104e-02
   2.4900000000000000e+02   3.6673124879598618e-02
   2.5000000000000000e+02   3.5846546292304993e-02
   2.5100000000000000e+02   3.4929089248180389e-02
   2.5200000000000000e+02   3.4211531281471252e-02
   2.5300000000000000e+02   3.3404383808374405e-02
   2.5400000000000000e+02   3.2614514231681824e-02
   2.5500000000000000e+02   3.1876552850008011e-02
   2.5600000000000000e+02   3.1190728768706322e-02
   2.5700000000000000e+02   3.0446855351328850e-02
   2.5800000000000000e+02   2.9817009344696999e-02
   2.5900000000000000e+02   2.9183330014348030e-02
   2.6000000000000000e+02   2.8562836349010468e-02
   2.6100000000000000e+02   2.7895983308553696e-02
   2.6200000000000000e+02   2.7407372370362282e-02
   2.6300000000000000e+02   2.6834798976778984e-02
   2.6400000000000000e+02   2.6368461549282074e-02
   2.6500000000000000e+02   2.5942588225007057e-02
   2.6600000000000000e+02   2.5492029264569283e-02
   2.6700000000000000e+02   2.4936351925134659e-02
   2.6800000000000000e+02   2.4505287408828735e-02
   2.6900000000000000e+02   2.4037057533860207e-02
   2.7000000000000000e+02   2.3493085056543350e-02
   2.7100000000000000e+02   2.3061281070113182e-02
   2.7200000000000000e+02   2.2668892517685890e-02
   2.7300000000000000e+02   2.2196056321263313e-02
   2.7400000000000000e+02   2.1864671260118484e-02
   2.7500000000000000e+02   2.1481422707438469e-02
   2.7600000000000000e+02   2.1134546026587486e-02
   2.7700000000000000e+02   2.0646404474973679e-02
   2.7800000000000000e+02   2.0248925313353539e-02
   2.7900000000000000e+02   1.9926007837057114e-02
   2.8000000000000000e+02   1.9448820501565933e-02
   2.8100000000000000e+02   1.9079621881246567e-02
   2.8200000000000000e+02   1.8733154982328415e-02
   2.8300000000000000e+02   1.8370050936937332e-02
   2.8400000000000000e+02   1.7982503399252892e-02
   2.8500000000000000e+02   1.7695667222142220e-02
   2.8600000000000000e+02   1.7363803461194038e-02
   2.8700000000000000e+02   1.7028640955686569e-02
   2.8800000000000000e+02   1.6779024153947830e-02
   2.8900000000000000e+02   1.6458509489893913e-02
   2.9000000000000000e+02   1.6129877418279648e-02
   2.9100000000000000e+02   1.5808587893843651e-02
   2.9200000000000000e+02   1.5551093034446239e-02
   2.9300000000000000e+02   1.5254645608365536e-02
   2.9400000000000000e+02   1.4927428215742111e-02
   2.9500000000000000e+02   1.4680387452244759e-02
   2.9600000000000000e+02   1.4393953606486320e-02
   2.9700000000000000e+02   1.4128739945590496e-02
   2.9800000000000000e+02   1.3858408667147160e-02
   2.9900000000000000e+02   1.3575237244367599e-02
   3.0000000000000000e+02   1.3317565433681011e-02
