   1.0000000000000000e+00   2.7933258563280106e-02
   2.0000000000000000e+00   2.7641952037811279e-02
   3.0000000000000000e+00   2.7574308216571808e-02
   4.0000000000000000e+00   2.7423625811934471e-02
   5.0000000000000000e+00   2.6853432878851891e-02
   6.0000000000000000e+00   2.6656102389097214e-02
   7.0000000000000000e+00   2.6504479348659515e-02
   8.0000000000000000e+00   2.6344843208789825e-02
   9.0000000000000000e+00   2.6088608428835869e-02
   1.0000000000000000e+01   2.5627540424466133e-02
   1.1000000000000000e+01   2.5244044139981270e-02
   1.2000000000000000e+01   2.5020034983754158e-02
   1.3000000000000000e+01   2.5017684325575829e-02
   1.4000000000000000e+01   2.5045949965715408e-02
   1.5000000000000000e+01   2.4922268465161324e-02
   1.6000000000000000e+01   2.4731986224651337e-02
   1.7000000000000000e+01   2.4841709062457085e-02
   1.8000000000000000e+01   2.4496279656887054e-02
   1.9000000000000000e+01   2.4363787844777107e-02
   2.0000000000000000e+01   2.4438211694359779e-02
   2.1000000000000000e+01   2.4429552257061005e-02
   2.2000000000000000e+01   2.4371469393372536e-02
   2.3000000000000000e+01   2.4441927671432495e-02
   2.4000000000000000e+01   2.4474356323480606e-02
   2.5000000000000000e+01   2.4390064179897308e-02
   2.6000000000000000e+01   2.4301027879118919e-02
   2.7000000000000000e+01   2.4541625753045082e-02
   2.8000000000000000e+01   2.4634819477796555e-02
   2.9000000000000000e+01   2.4561446160078049e-02
   3.0000000000000000e+01   2.4644425138831139e-02
   3.1000000000000000e+01   2.4615535512566566e-02
   3.2000000000000000e+01   2.4580549448728561e-02
   3.3000000000000000e+01   2.4741441011428833e-02
   3.4000000000000000e+01   2.4859525263309479e-02
   3.5000000000000000e+01   2.4738660082221031e-02
   3.6000000000000000e+01   2.4668309837579727e-02
   3.7000000000000000e+01   2.4826603010296822e-02
   3.8000000000000000e+01   2.4661844596266747e-02
   3.9000000000000000e+01   2.4659885093569756e-02
   4.0000000000000000e+01   2.4703439325094223e-02
   4.1000000000000000e+01   2.4756230413913727e-02
   4.2000000000000000e+01   2.4789711460471153e-02
   4.3000000000000000e+01   2.4555195122957230e-02
   4.4000000000000000e+01   2.4503320455551147e-02
   4.5000000000000000e+01   2.4644117802381516e-02
   4.6000000000000000e+01   2.4981129914522171e-02
   4.7000000000000000e+01   2.5073280557990074e-02
   4.8000000000000000e+01   2.5089418515563011e-02
   4.9000000000000000e+01   2.5009455159306526e-02
   5.0000000000000000e+01   2.4943629279732704e-02
   5.1000000000000000e+01   2.4832015857100487e-02
   5.2000000000000000e+01   2.4765010923147202e-02
   5.3000000000000000e+01   2.4921992793679237e-02
   5.4000000000000000e+01   2.4872506037354469e-02
   5.5000000000000000e+01   2.4952890351414680e-02
   5.6000000000000000e+01   2.4909235537052155e-02
   5.7000000000000000e+01   2.4746347218751907e-02
   5.8000000000000000e+01   2.5038842111825943e-02
   5.9000000000000000e+01   2.5045780465006828e-02
   6.0000000000000000e+01   2.4880863726139069e-02
   6.1000000000000000e+01   2.4798285216093063e-02
   6.2000000000000000e+01   2.4783100932836533e-02
   6.3000000000000000e+01   2.4725293740630150e-02
   6.4000000000000000e+01   2.4794869124889374e-02
   6.5000000000000000e+01   2.5030391290783882e-02
   6.6000000000000000e+01   2.5239480659365654e-02
   6.7000000000000000e+01   2.5361573323607445e-02
   6.8000000000000000e+01   2.5258338078856468e-02
   6.9000000000000000e+01   2.5531573221087456e-02
   7.0000000000000000e+01   2.5665963068604469e-02
   7.1000000000000000e+01   2.5701360777020454e-02
   7.2000000000000000e+01   2.5879979133605957e-02
   7.3000000000000000e+01   2.5782387703657150e-02
   7.4000000000000000e+01   2.5800429284572601e-02
   7.5000000000000000e+01   2.6022076606750488e-02
   7.6000000000000000e+01   2.5841390714049339e-02
   7.7000000000000000e+01   2.5654468685388565e-02
   7.8000000000000000e+01   2.5688512250781059e-02
   7.9000000000000000e+01   2.5484049692749977e-02
   8.0000000000000000e+01   2.5264531373977661e-02
   8.1000000000000000e+01   2.4997930973768234e-02
   8.2000000000000000e+01   2.4932023137807846e-02
   8.3000000000000000e+01   2.5091372430324554e-02
   8.4000000000000000e+01   2.4745335802435875e-02
   8.5000000000000000e+01   2.4508476257324219e-02
   8.6000000000000000e+01   2.4488924071192741e-02
   8.7000000000000000e+01   2.4319259449839592e-02
   8.8000000000000000e+01   2.4256022647023201e-02
   8.9000000000000000e+01   2.4206498637795448e-02
   9.0000000000000000e+01   2.3818729445338249e-02
   9.1000000000000000e+01   2.3670827969908714e-02
   9.2000000000000000e+01   2.3756064474582672e-02
   9.3000000000000000e+01   2.3637583479285240e-02
   9.4000000000000000e+01   2.3521507158875465e-02
   9.5000000000000000e+01   2.3389954119920731e-02
   9.6000000000000000e+01   2.3487603291869164e-02
   9.7000000000000000e+01   2.3366054520010948e-02
   9.8000000000000000e+01   2.3177839815616608e-02
   9.9000000000000000e+01   2.3132141679525375e-02
   1.0000000000000000e+02   2.3125376552343369e-02
   1.0100000000000000e+02   2.3050449788570404e-02
   1.0200000000000000e+02   2.2968901321291924e-02
   1.0300000000000000e+02   2.2724244743585587e-02
   1.0400000000000000e+02   2.2558439522981644e-02
   1.0500000000000000e+02   2.2652463987469673e-02
   1.0600000000000000e+02   2.2543482482433319e-02
   1.0700000000000000e+02   2.2360239177942276e-02
   1.0800000000000000e+02   2.2280283272266388e-02
   1.0900000000000000e+02   2.2229315713047981e-02
   1.1000000000000000e+02   2.2159093990921974e-02
   1.1100000000000000e+02   2.2086832672357559e-02
   1.1200000000000000e+02   2.1870713680982590e-02
   1.1300000000000000e+02   2.1563721820712090e-02
   1.1400000000000000e+02   2.1316798403859138e-02
   1.1500000000000000e+02   2.1219884976744652e-02
   1.1600000000000000e+02   2.1068729460239410e-02
   1.1700000000000000e+02   2.0838821306824684e-02
   1.1800000000000000e+02   2.0564951002597809e-02
   1.1900000000000000e+02   2.0418122410774231e-02
   1.2000000000000000e+02   2.0174644887447357e-02
   1.2100000000000000e+02   2.0118283107876778e-02
   1.2200000000000000e+02   2.0067790523171425e-02
   1.2300000000000000e+02   1.9900349900126457e-02
   1.2400000000000000e+02   1.9888676702976227e-02
   1.2500000000000000e+02   1.9800847396254539e-02
   1.2600000000000000e+02   8.7568052113056183e-02
   1.2700000000000000e+02   8.8975287973880768e-02
   1.2800000000000000e+02   9.0901084244251251e-02
   1.2900000000000000e+02   9.3048766255378723e-02
   1.3000000000000000e+02   9.5187358558177948e-02
   1.3100000000000000e+02   9.7274370491504669e-02
   1.3200000000000000e+02   9.9198684096336365e-02
   1.3300000000000000e+02   1.0116367042064667e-01
   1.3400000000000000e+02   1.0432144999504089e-01
   1.3500000000000000e+02   1.0805971175432205e-01
   1.3600000000000000e+02   1.1201193183660507e-01
   1.3700000000000000e+02   1.1550377309322357e-01
   1.3800000000000000e+02   1.1896980553865433e-01
   1.3900000000000000e+02   1.2219001352787018e-01
   1.4000000000000000e+02   1.2534722685813904e-01
   1.4100000000000000e+02   1.2816792726516724e-01
   1.4200000000000000e+02   1.3100056350231171e-01
   1.4300000000000000e+02   1.3342170417308807e-01
   1.4400000000000000e+02   1.3500581681728363e-01
   1.4500000000000000e+02   1.3620398938655853e-01
   1.4600000000000000e+02   1.3729414343833923e-01
   1.4700000000000000e+02   1.3830052316188812e-01
   1.4800000000000000e+02   1.3894724845886230e-01
   1.4900000000000000e+02   1.3929250836372375e-01
   1.5000000000000000e+02   1.3919495046138763e-01
   1.5100000000000000e+02   1.3856631517410278e-01
   1.5200000000000000e+02   1.3813212513923645e-01
   1.5300000000000000e+02   1.3762153685092926e-01
   1.5400000000000000e+02   1.3683004677295685e-01
   1.5500000000000000e+02   1.3566787540912628e-01
   1.5600000000000000e+02   1.3474485278129578e-01
   1.5700000000000000e+02   1.3342560827732086e-01
   1.5800000000000000e+02   1.3192339241504669e-01
   1.5900000000000000e+02   1.3063611090183258e-01
   1.6000000000000000e+02   1.2932561337947845e-01
   1.6100000000000000e+02   1.2800097465515137e-01
   1.6200000000000000e+02   1.2658067047595978e-01
   1.6300000000000000e+02   1.2481243908405304e-01
   1.6400000000000000e+02   1.2309410423040390e-01
   1.6500000000000000e+02   1.2149581313133240e-01
   1.6600000000000000e+02   1.1994422227144241e-01
   1.6700000000000000e+02   1.1841063201427460e-01
   1.6800000000000000e+02   1.1669816076755524e-01
   1.6900000000000000e+02   1.1525208503007889e-01
   1.7000000000000000e+02   1.1379382759332657e-01
   1.7100000000000000e+02   1.1227878928184509e-01
   1.7200000000000000e+02   1.1074387282133102e-01
   1.7300000000000000e+02   1.0923654586076736e-01
   1.7400000000000000e+02   1.0778545588254929e-01
   1.7500000000000000e+02   1.0642237961292267e-01
   1.7600000000000000e+02   1.0481123626232147e-01
   1.7700000000000000e+02   1.0332281142473221e-01
   1.7800000000000000e+02   1.0201571136713028e-01
   1.7900000000000000e+02   1.0053477436304092e-01
   1.8000000000000000e+02   9.9140979349613190e-02
   1.8100000000000000e+02   9.7764946520328522e-02
   1.8200000000000000e+02   9.6024662256240845e-02
   1.8300000000000000e+02   9.4455987215042114e-02
   1.8400000000000000e+02   9.2746749520301819e-02
   1.8500000000000000e+02   9.1247677803039551e-02
   1.8600000000000000e+02   8.9608214795589447e-02
   1.8700000000000000e+02   8.7960995733737946e-02
   1.8800000000000000e+02   8.6364932358264923e-02
   1.8900000000000000e+02   8.4707401692867279e-02
   1.9000000000000000e+02   8.2876518368721008e-02
   1.9100000000000000e+02   8.1370927393436432e-02
   1.9200000000000000e+02   7.9619459807872772e-02
   1.9300000000000000e+02   7.8148402273654938e-02
   1.9400000000000000e+02   7.6530531048774719e-02
   1.9500000000000000e+02   7.5096510350704193e-02
   1.9600000000000000e+02   7.3621936142444611e-02
   1.9700000000000000e+02   7.2419047355651855e-02
   1.9800000000000000e+02   7.1280285716056824e-02
   1.9900000000000000e+02   6.9988094270229340e-02
   2.0000000000000000e+02   6.8497344851493835e-02
   2.0100000000000000e+02   6.7231610417366028e-02
   2.0200000000000000e+02   6.5979935228824615e-02
   2.0300000000000000e+02   6.4766541123390198e-02
   2.0400000000000000e+02   6.3667915761470795e-02
   2.0500000000000000e+02   6.2756434082984924e-02
   2.0600000000000000e+02   6.1299543827772141e-02
   2.0700000000000000e+02   6.0189649462699890e-02
   2.0800000000000000e+02   5.9035327285528183e-02
   2.0900000000000000e+02   5.8262664824724197e-02
   2.1000000000000000e+02   5.7176861912012100e-02
   2.1100000000000000e+02   5.5885247886180878e-02
   2.1200000000000000e+02   5.4840087890625000e-02
   2.1300000000000000e+02   5.3558848798274994e-02
   2.1400000000000000e+02   5.2684545516967773e-02
   2.1500000000000000e+02   5.1616836339235306e-02
   2.1600000000000000e+02   5.0416894257068634e-02
   2.1700000000000000e+02   4.9554817378520966e-02
   2.1800000000000000e+02   4.8492144793272018e-02
   2.1900000000000000e+02   4.7663498669862747e-02
   2.2000000000000000e+02   4.6706657856702805e-02
   2.2100000000000000e+02   4.6103172004222870e-02
   2.2200000000000000e+02   4.5364119112491608e-02
   2.2300000000000000e+02   4.4484268873929977e-02
   2.2400000000000000e+02   4.3553188443183899e-02
   2.2500000000000000e+02   4.2533390223979950e-02
   2.2600000000000000e+02   4.2054083198308945e-02
   2.2700000000000000e+02   4.1095662862062454e-02
   2.2800000000000000e+02   4.0476236492395401e-02
   2.2900000000000000e+02   3.9461415261030197e-02
   2.3000000000000000e+02   3.8806512951850891e-02
   2.3100000000000000e+02   3.8219269365072250e-02
   2.3200000000000000e+02   3.7568949162960052e-02
   2.3300000000000000e+02   3.7031907588243484e-02
   2.3400000000000000e+02   3.6325924098491669e-02
   2.3500000000000000e+02   3.5663522779941559e-02
   2.3600000000000000e+02   3.5006776452064514e-02
   2.3700000000000000e+02   3.4404691308736801e-02
   2.3800000000000000e+02   3.3923089504241943e-02
   2.3900000000000000e+02   3.3314444124698639e-02
   2.4000000000000000e+02   3.2958500087261200e-02
   2.4100000000000000e+02   3.2280039042234421e-02
   2.4200000000000000e+02   3.1941607594490051e-02
   2.4300000000000000e+02   3.1521819531917572e-02
   2.4400000000000000e+02   3.1250607222318649e-02
   2.4500000000000000e+02   3.0889656394720078e-02
   2.4600000000000000e+02   3.0688503757119179e-02
   2.4700000000000000e+02   3.0215591192245483e-02
   2.4800000000000000e+02   2.9777087271213531e-02
   2.4900000000000000e+02   2.9545115306973457e-02
   2.5000000000000000e+02   2.9694814234972000e-02
   2.5100000000000000e+02   2.9555432498455048e-02
   2.5200000000000000e+02   2.9430253431200981e-02
   2.5300000000000000e+02   2.9338760301470757e-02
   2.5400000000000000e+02   2.9419351369142532e-02
   2.5500000000000000e+02   2.9425639659166336e-02
   2.5600000000000000e+02   2.9606066644191742e-02
   2.5700000000000000e+02   2.9651653021574020e-02
   2.5800000000000000e+02   2.9834380373358727e-02
   2.5900000000000000e+02   2.9811883345246315e-02
   2.6000000000000000e+02   3.0280906707048416e-02
   2.6100000000000000e+02   3.0417207628488541e-02
   2.6200000000000000e+02   3.0823038890957832e-02
   2.6300000000000000e+02   3.1210601329803467e-02
   2.6400000000000000e+02   3.1501844525337219e-02
   2.6500000000000000e+02   3.1239720061421394e-02
   2.6600000000000000e+02   3.1309422105550766e-02
   2.6700000000000000e+02   3.1355392187833786e-02
   2.6800000000000000e+02   3.1398035585880280e-02
   2.6900000000000000e+02   3.1530056148767471e-02
   2.7000000000000000e+02   3.1588073819875717e-02
   2.7100000000000000e+02   3.1511448323726654e-02
   2.7200000000000000e+02   3.1703479588031769e-02
   2.7300000000000000e+02   3.1809244304895401e-02
   2.7400000000000000e+02   3.1940434128046036e-02
   2.7500000000000000e+02   3.1594935804605484e-02
   2.7600000000000000e+02   3.1394481658935547e-02
   2.7700000000000000e+02   3.1228573992848396e-02
   2.7800000000000000e+02   3.0938250944018364e-02
   2.7900000000000000e+02   3.0695239081978798e-02
   2.8000000000000000e+02   3.0770145356655121e-02
   2.8100000000000000e+02   3.0766936019062996e-02
   2.8200000000000000e+02   3.0507650226354599e-02
   2.8300000000000000e+02   3.0217846855521202e-02
   2.8400000000000000e+02   2.9891269281506538e-02
   2.8500000000000000e+02   2.9618229717016220e-02
   2.8600000000000000e+02   2.9562318697571754e-02
   2.8700000000000000e+02   2.9215224087238312e-02
   2.8800000000000000e+02   2.8805393725633621e-02
   2.8900000000000000e+02   2.8663005679845810e-02
   2.9000000000000000e+02   2.8906514868140221e-02
   2.9100000000000000e+02   2.8903877362608910e-02
   2.9200000000000000e+02   2.8689144179224968e-02
   2.9300000000000000e+02   2.8618963435292244e-02
   2.9400000000000000e+02   2.8466237708926201e-02
   2.9500000000000000e+02   2.8473552316427231e-02
   2.9600000000000000e+02   2.8471555560827255e-02
   2.9700000000000000e+02   2.8305204585194588e-02
   2.9800000000000000e+02   2.8154421597719193e-02
   2.9900000000000000e+02   2.8135051950812340e-02
   3.0000000000000000e+02   2.8037957847118378e-02
