   1.0000000000000000e+00   5.9735379181802273e-04
   2.0000000000000000e+00   6.1973091214895248e-04
   3.0000000000000000e+00   6.3488318119198084e-04
   4.0000000000000000e+00   6.3982798019424081e-04
   5.0000000000000000e+00   6.4186553936451674e-04
   6.0000000000000000e+00   6.4132356783375144e-04
   7.0000000000000000e+00   6.4386933809146285e-04
   8.0000000000000000e+00   6.5166933927685022e-04
   9.0000000000000000e+00   6.7353871418163180e-04
   1.0000000000000000e+01   6.8744743475690484e-04
   1.1000000000000000e+01   6.8464002106338739e-04
   1.2000000000000000e+01   6.8623613333329558e-04
   1.3000000000000000e+01   6.8269361509010196e-04
   1.4000000000000000e+01   6.7840295378118753e-04
   1.5000000000000000e+01   6.8220560206100345e-04
   1.6000000000000000e+01   6.8467675009742379e-04
   1.7000000000000000e+01   6.7070347722619772e-04
   1.8000000000000000e+01   6.6221802262589335e-04
   1.9000000000000000e+01   6.6240062005817890e-04
   2.0000000000000000e+01   6.6216982668265700e-04
   2.1000000000000000e+01   6.7020190181210637e-04
   2.2000000000000000e+01   6.6318066092208028e-04
   2.3000000000000000e+01   6.5614987397566438e-04
   2.4000000000000000e+01   6.5287639154121280e-04
   2.5000000000000000e+01   6.5101671498268843e-04
   2.6000000000000000e+01   6.5783591708168387e-04
   2.7000000000000000e+01   6.6686380887404084e-04
   2.8000000000000000e+01   6.7063892493024468e-04
   2.9000000000000000e+01   6.7407760070636868e-04
   3.0000000000000000e+01   6.7290582228451967e-04
   3.1000000000000000e+01   6.8548135459423065e-04
   3.2000000000000000e+01   6.9886713754385710e-04
   3.3000000000000000e+01   7.0649280678480864e-04
   3.4000000000000000e+01   7.1386713534593582e-04
   3.5000000000000000e+01   7.3172367410734296e-04
   3.6000000000000000e+01   7.4646767461672425e-04
   3.7000000000000000e+01   7.7431037789210677e-04
   3.8000000000000000e+01   8.1216287799179554e-04
   3.9000000000000000e+01   8.5722480434924364e-04
   4.0000000000000000e+01   9.1747677652165294e-04
   4.1000000000000000e+01   9.7303360234946012e-04
   4.2000000000000000e+01   1.0587780270725489e-03
   4.3000000000000000e+01   1.1666372884064913e-03
   4.4000000000000000e+01   1.3264839071780443e-03
   4.5000000000000000e+01   1.5205835225060582e-03
   4.6000000000000000e+01   1.7894732300192118e-03
   4.7000000000000000e+01   2.0924746058881283e-03
   4.8000000000000000e+01   2.4985619820654392e-03
   4.9000000000000000e+01   3.0093276873230934e-03
   5.0000000000000000e+01   3.5832959692925215e-03
   5.1000000000000000e+01   4.2585548944771290e-03
   5.2000000000000000e+01   5.1292842254042625e-03
   5.3000000000000000e+01   6.0891732573509216e-03
   5.4000000000000000e+01   7.2119911201298237e-03
   5.5000000000000000e+01   8.4949620068073273e-03
   5.6000000000000000e+01   9.9310185760259628e-03
   5.7000000000000000e+01   1.1614724993705750e-02
   5.8000000000000000e+01   1.3383295387029648e-02
   5.9000000000000000e+01   1.5351172536611557e-02
   6.0000000000000000e+01   1.7485328018665314e-02
   6.1000000000000000e+01   1.9788207486271858e-02
   6.2000000000000000e+01   2.2250061854720116e-02
   6.3000000000000000e+01   2.4847535416483879e-02
   6.4000000000000000e+01   2.7490368112921715e-02
   6.5000000000000000e+01   3.0215788632631302e-02
   6.6000000000000000e+01   3.3102996647357941e-02
   6.7000000000000000e+01   3.6048460751771927e-02
   6.8000000000000000e+01   3.9156835526227951e-02
   6.9000000000000000e+01   4.2156215757131577e-02
   7.0000000000000000e+01   4.5281216502189636e-02
   7.1000000000000000e+01   4.8382733017206192e-02
   7.2000000000000000e+01   5.1356554031372070e-02
   7.3000000000000000e+01   5.4502479732036591e-02
   7.4000000000000000e+01   5.7536963373422623e-02
   7.5000000000000000e+01   6.0427285730838776e-02
   7.6000000000000000e+01   6.3225634396076202e-02
   7.7000000000000000e+01   6.6053040325641632e-02
   7.8000000000000000e+01   6.8778268992900848e-02
   7.9000000000000000e+01   7.1530982851982117e-02
   8.0000000000000000e+01   7.4317708611488342e-02
   8.1000000000000000e+01   7.6844066381454468e-02
   8.2000000000000000e+01   7.9250648617744446e-02
   8.3000000000000000e+01   8.1444472074508667e-02
   8.4000000000000000e+01   8.3762548863887787e-02
   8.5000000000000000e+01   8.5788540542125702e-02
   8.6000000000000000e+01   8.7769694626331329e-02
   8.7000000000000000e+01   8.9706592261791229e-02
   8.8000000000000000e+01   9.1373078525066376e-02
   8.9000000000000000e+01   9.2978633940219879e-02
   9.0000000000000000e+01   9.4526685774326324e-02
   9.1000000000000000e+01   9.5988623797893524e-02
   9.2000000000000000e+01   9.7304254770278931e-02
   9.3000000000000000e+01   9.8553784191608429e-02
   9.4000000000000000e+01   9.9583201110363007e-02
   9.5000000000000000e+01   1.0048034042119980e-01
   9.6000000000000000e+01   1.0140945017337799e-01
   9.7000000000000000e+01   1.0216044634580612e-01
   9.8000000000000000e+01   1.0291611403226852e-01
   9.9000000000000000e+01   1.0340349376201630e-01
   1.0000000000000000e+02   1.0392118990421295e-01
   1.0100000000000000e+02   1.0434586554765701e-01
   1.0200000000000000e+02   1.0485847294330597e-01
   1.0300000000000000e+02   1.0521399229764938e-01
   1.0400000000000000e+02   1.0549727827310562e-01
   1.0500000000000000e+02   1.0581325739622116e-01
   1.0600000000000000e+02   1.0600855946540833e-01
   1.0700000000000000e+02   1.0619747638702393e-01
   1.0800000000000000e+02   1.0622742027044296e-01
   1.0900000000000000e+02   1.0628052055835724e-01
   1.1000000000000000e+02   1.0604283213615417e-01
   1.1100000000000000e+02   1.0591173917055130e-01
   1.1200000000000000e+02   1.0571200400590897e-01
   1.1300000000000000e+02   1.0549537092447281e-01
   1.1400000000000000e+02   1.0543341189622879e-01
   1.1500000000000000e+02   1.0526619106531143e-01
   1.1600000000000000e+02   1.0501795262098312e-01
   1.1700000000000000e+02   1.0456816852092743e-01
   1.1800000000000000e+02   1.0417564213275909e-01
   1.1900000000000000e+02   1.0383146256208420e-01
   1.2000000000000000e+02   1.0345279425382614e-01
   1.2100000000000000e+02   1.0292593389749527e-01
   1.2200000000000000e+02   1.0228686034679413e-01
   1.2300000000000000e+02   1.0171054303646088e-01
   1.2400000000000000e+02   1.0106044262647629e-01
   1.2500000000000000e+02   1.0067662596702576e-01
   1.2600000000000000e+02   1.0012531280517578e-01
   1.2700000000000000e+02   9.9655501544475555e-02
   1.2800000000000000e+02   9.9119864404201508e-02
   1.2900000000000000e+02   9.8419412970542908e-02
   1.3000000000000000e+02   9.7608365118503571e-02
   1.3100000000000000e+02   9.6958272159099579e-02
   1.3200000000000000e+02   9.6173860132694244e-02
   1.3300000000000000e+02   9.5514692366123199e-02
   1.3400000000000000e+02   9.4665735960006714e-02
   1.3500000000000000e+02   9.3849547207355499e-02
   1.3600000000000000e+02   9.3329958617687225e-02
   1.3700000000000000e+02   9.2593178153038025e-02
   1.3800000000000000e+02   9.1984681785106659e-02
   1.3900000000000000e+02   9.1294780373573303e-02
   1.4000000000000000e+02   9.0531453490257263e-02
   1.4100000000000000e+02   8.9843697845935822e-02
   1.4200000000000000e+02   8.9212328195571899e-02
   1.4300000000000000e+02   8.8419951498508453e-02
   1.4400000000000000e+02   8.7533794343471527e-02
   1.4500000000000000e+02   8.6871318519115448e-02
   1.4600000000000000e+02   8.6086399853229523e-02
   1.4700000000000000e+02   8.5483476519584656e-02
   1.4800000000000000e+02   8.4717802703380585e-02
   1.4900000000000000e+02   8.4004119038581848e-02
   1.5000000000000000e+02   8.3130151033401489e-02
   1.5100000000000000e+02   8.2287393510341644e-02
   1.5200000000000000e+02   8.1510588526725769e-02
   1.5300000000000000e+02   8.0565087497234344e-02
   1.5400000000000000e+02   7.9870425164699554e-02
   1.5500000000000000e+02   7.9086259007453918e-02
   1.5600000000000000e+02   7.8246369957923889e-02
   1.5700000000000000e+02   7.7273339033126831e-02
   1.5800000000000000e+02   7.6607078313827515e-02
   1.5900000000000000e+02   7.5930289924144745e-02
   1.6000000000000000e+02   7.5172118842601776e-02
   1.6100000000000000e+02   7.4387706816196442e-02
   1.6200000000000000e+02   7.3588691651821136e-02
   1.6300000000000000e+02   7.2869524359703064e-02
   1.6400000000000000e+02   7.2192616760730743e-02
   1.6500000000000000e+02   7.1618318557739258e-02
   1.6600000000000000e+02   7.0936419069766998e-02
   1.6700000000000000e+02   7.0274211466312408e-02
   1.6800000000000000e+02   6.9657318294048309e-02
   1.6900000000000000e+02   6.8811498582363129e-02
   1.7000000000000000e+02   6.8165391683578491e-02
   1.7100000000000000e+02   6.7514821887016296e-02
   1.7200000000000000e+02   6.6918134689331055e-02
   1.7300000000000000e+02   6.6217705607414246e-02
   1.7400000000000000e+02   6.5627470612525940e-02
   1.7500000000000000e+02   6.5012790262699127e-02
   1.7600000000000000e+02   6.4527586102485657e-02
   1.7700000000000000e+02   6.3918381929397583e-02
   1.7800000000000000e+02   6.3350468873977661e-02
   1.7900000000000000e+02   6.2695108354091644e-02
   1.8000000000000000e+02   6.2157940119504929e-02
   1.8100000000000000e+02   6.1581108719110489e-02
   1.8200000000000000e+02   6.1082165688276291e-02
   1.8300000000000000e+02   6.0548532754182816e-02
   1.8400000000000000e+02   6.0152355581521988e-02
   1.8500000000000000e+02   5.9556387364864349e-02
   1.8600000000000000e+02   5.9112664312124252e-02
   1.8700000000000000e+02   5.8593731373548508e-02
   1.8800000000000000e+02   5.8044835925102234e-02
   1.8900000000000000e+02   5.7480283081531525e-02
   1.9000000000000000e+02   5.7084593921899796e-02
   1.9100000000000000e+02   5.6544680148363113e-02
   1.9200000000000000e+02   5.6184288114309311e-02
   1.9300000000000000e+02   5.5589597672224045e-02
   1.9400000000000000e+02   5.5086661130189896e-02
   1.9500000000000000e+02   5.4538123309612274e-02
   1.9600000000000000e+02   5.3997762501239777e-02
   1.9700000000000000e+02   5.3430419415235519e-02
   1.9800000000000000e+02   5.2891425788402557e-02
   1.9900000000000000e+02   5.2376627922058105e-02
   2.0000000000000000e+02   5.1897387951612473e-02
   2.0100000000000000e+02   5.1371119916439056e-02
   2.0200000000000000e+02   5.0826743245124817e-02
   2.0300000000000000e+02   5.0232581794261932e-02
   2.0400000000000000e+02   4.9774490296840668e-02
   2.0500000000000000e+02   4.9121890217065811e-02
   2.0600000000000000e+02   4.8537757247686386e-02
   2.0700000000000000e+02   4.7917190939188004e-02
   2.0800000000000000e+02   4.7392360866069794e-02
   2.0900000000000000e+02   4.6907126903533936e-02
   2.1000000000000000e+02   4.6253744512796402e-02
   2.1100000000000000e+02   4.5567981898784637e-02
   2.1200000000000000e+02   4.5124541968107224e-02
   2.1300000000000000e+02   4.4641278684139252e-02
   2.1400000000000000e+02   4.4158939272165298e-02
   2.1500000000000000e+02   4.3672043830156326e-02
   2.1600000000000000e+02   4.2974419891834259e-02
   2.1700000000000000e+02   4.2489059269428253e-02
   2.1800000000000000e+02   4.2010288685560226e-02
   2.1900000000000000e+02   4.1455492377281189e-02
   2.2000000000000000e+02   4.1137907654047012e-02
   2.2100000000000000e+02   4.0702294558286667e-02
   2.2200000000000000e+02   4.0192127227783203e-02
   2.2300000000000000e+02   3.9765749126672745e-02
   2.2400000000000000e+02   3.9291433990001678e-02
   2.2500000000000000e+02   3.8997311145067215e-02
   2.2600000000000000e+02   3.8661908358335495e-02
   2.2700000000000000e+02   3.8149926811456680e-02
   2.2800000000000000e+02   3.7655308842658997e-02
   2.2900000000000000e+02   3.7113651633262634e-02
   2.3000000000000000e+02   3.6687981337308884e-02
   2.3100000000000000e+02   3.6325667053461075e-02
   2.3200000000000000e+02   3.5939767956733704e-02
   2.3300000000000000e+02   3.5546138882637024e-02
   2.3400000000000000e+02   3.5120826214551926e-02
   2.3500000000000000e+02   3.4564051777124405e-02
   2.3600000000000000e+02   3.4123498946428299e-02
   2.3700000000000000e+02   3.3714361488819122e-02
   2.3800000000000000e+02   3.3249780535697937e-02
   2.3900000000000000e+02   3.2867629081010818e-02
   2.4000000000000000e+02   3.2424099743366241e-02
   2.4100000000000000e+02   3.1945455819368362e-02
   2.4200000000000000e+02   3.1563259661197662e-02
   2.4300000000000000e+02   3.1261775642633438e-02
   2.4400000000000000e+02   3.0915584415197372e-02
   2.4500000000000000e+02   3.0581599101424217e-02
   2.4600000000000000e+02   3.0275348573923111e-02
   2.4700000000000000e+02   2.9821267351508141e-02
   2.4800000000000000e+02   2.9414249584078789e-02
   2.4900000000000000e+02   2.9099455103278160e-02
   2.5000000000000000e+02   2.8727225959300995e-02
   2.5100000000000000e+02   2.8316417708992958e-02
   2.5200000000000000e+02   2.7944827452301979e-02
   2.5300000000000000e+02   2.7641823515295982e-02
   2.5400000000000000e+02   2.7388257905840874e-02
   2.5500000000000000e+02   2.6947142556309700e-02
   2.5600000000000000e+02   2.6618560776114464e-02
   2.5700000000000000e+02   2.6322307065129280e-02
   2.5800000000000000e+02   2.5955384597182274e-02
   2.5900000000000000e+02   2.5650789961218834e-02
   2.6000000000000000e+02   2.5274928659200668e-02
   2.6100000000000000e+02   2.4951517581939697e-02
   2.6200000000000000e+02   2.4608176201581955e-02
   2.6300000000000000e+02   2.4263074621558189e-02
   2.6400000000000000e+02   2.3962788283824921e-02
   2.6500000000000000e+02   2.3695059120655060e-02
   2.6600000000000000e+02   2.3466566577553749e-02
   2.6700000000000000e+02   2.3160653188824654e-02
   2.6800000000000000e+02   2.2894108667969704e-02
   2.6900000000000000e+02   2.2512016817927361e-02
   2.7000000000000000e+02   2.2311491891741753e-02
   2.7100000000000000e+02   2.2120779380202293e-02
   2.7200000000000000e+02   2.1756941452622414e-02
   2.7300000000000000e+02   2.1495342254638672e-02
   2.7400000000000000e+02   2.1138999611139297e-02
   2.7500000000000000e+02   2.0795533433556557e-02
   2.7600000000000000e+02   2.0460762083530426e-02
   2.7700000000000000e+02   2.0267644897103310e-02
   2.7800000000000000e+02   2.0045654848217964e-02
   2.7900000000000000e+02   1.9700137898325920e-02
   2.8000000000000000e+02   1.9387753680348396e-02
   2.8100000000000000e+02   1.9027048721909523e-02
   2.8200000000000000e+02   1.8725736066699028e-02
   2.8300000000000000e+02   1.8407281488180161e-02
   2.8400000000000000e+02   1.8058853223919868e-02
   2.8500000000000000e+02   1.7776761204004288e-02
   2.8600000000000000e+02   1.7461245879530907e-02
   2.8700000000000000e+02   1.7178801819682121e-02
   2.8800000000000000e+02   1.6855210065841675e-02
   2.8900000000000000e+02   1.6599647700786591e-02
   2.9000000000000000e+02   1.6404446214437485e-02
   2.9100000000000000e+02   1.6174236312508583e-02
   2.9200000000000000e+02   1.5869237482547760e-02
   2.9300000000000000e+02   1.5688851475715637e-02
   2.9400000000000000e+02   1.5591404400765896e-02
   2.9500000000000000e+02   1.5447775833308697e-02
   2.9600000000000000e+02   1.5363876707851887e-02
   2.9700000000000000e+02   1.5232500620186329e-02
   2.9800000000000000e+02   1.5125302597880363e-02
   2.9900000000000000e+02   1.5085536986589432e-02
   3.0000000000000000e+02   1.4934144914150238e-02
