   1.0000000000000000e+00   1.1126997414976358e-03
   2.0000000000000000e+00   1.1194429825991392e-03
   3.0000000000000000e+00   1.1059634853154421e-03
   4.0000000000000000e+00   1.1053372872993350e-03
   5.0000000000000000e+00   1.1083806166425347e-03
   6.0000000000000000e+00   1.1068645399063826e-03
   7.0000000000000000e+00   1.0867428500205278e-03
   8.0000000000000000e+00   1.0767586063593626e-03
   9.0000000000000000e+00   1.0734990937635303e-03
   1.0000000000000000e+01   1.0703078005462885e-03
   1.1000000000000000e+01   1.0664911242201924e-03
   1.2000000000000000e+01   1.0596351930871606e-03
   1.3000000000000000e+01   1.0697814868763089e-03
   1.4000000000000000e+01   1.1035813950002193e-03
   1.5000000000000000e+01   1.1200226144865155e-03
   1.6000000000000000e+01   1.1280539911240339e-03
   1.7000000000000000e+01   1.1367127299308777e-03
   1.8000000000000000e+01   1.1752205900847912e-03
   1.9000000000000000e+01   1.2037362903356552e-03
   2.0000000000000000e+01   1.2482940219342709e-03
   2.1000000000000000e+01   1.2583727948367596e-03
   2.2000000000000000e+01   1.2747268192470074e-03
   2.3000000000000000e+01   1.2925238115713000e-03
   2.4000000000000000e+01   1.3118281494826078e-03
   2.5000000000000000e+01   1.3368084328249097e-03
   2.6000000000000000e+01   1.3623951235786080e-03
   2.7000000000000000e+01   1.4094526413828135e-03
   2.8000000000000000e+01   1.4484665589407086e-03
   2.9000000000000000e+01   1.4416088815778494e-03
   3.0000000000000000e+01   1.4550040941685438e-03
   3.1000000000000000e+01   1.4785160310566425e-03
   3.2000000000000000e+01   1.4975243248045444e-03
   3.3000000000000000e+01   1.5028310008347034e-03
   3.4000000000000000e+01   1.5270204748958349e-03
   3.5000000000000000e+01   1.5227640978991985e-03
   3.6000000000000000e+01   1.5513111138716340e-03
   3.7000000000000000e+01   1.5975141432136297e-03
   3.8000000000000000e+01   1.6453887801617384e-03
   3.9000000000000000e+01   1.6692609060555696e-03
   4.0000000000000000e+01   1.6993742901831865e-03
   4.1000000000000000e+01   1.7311577685177326e-03
   4.2000000000000000e+01   1.7324165673926473e-03
   4.3000000000000000e+01   1.7422514501959085e-03
   4.4000000000000000e+01   1.7868052236735821e-03
   4.5000000000000000e+01   1.8209868576377630e-03
   4.6000000000000000e+01   1.8675022292882204e-03
   4.7000000000000000e+01   1.9079402554780245e-03
   4.8000000000000000e+01   1.9618901424109936e-03
   4.9000000000000000e+01   1.9798618741333485e-03
   5.0000000000000000e+01   2.0269013475626707e-03
   5.1000000000000000e+01   2.0761818159371614e-03
   5.2000000000000000e+01   2.1083462052047253e-03
   5.3000000000000000e+01   2.1469651255756617e-03
   5.4000000000000000e+01   2.2047415841370821e-03
   5.5000000000000000e+01   2.2375895641744137e-03
   5.6000000000000000e+01   2.2897426970303059e-03
   5.7000000000000000e+01   2.3328438401222229e-03
   5.8000000000000000e+01   2.3809121921658516e-03
   5.9000000000000000e+01   2.4214901495724916e-03
   6.0000000000000000e+01   2.4781902320683002e-03
   6.1000000000000000e+01   2.5038318708539009e-03
   6.2000000000000000e+01   2.5414498522877693e-03
   6.3000000000000000e+01   2.5603997055441141e-03
   6.4000000000000000e+01   2.6088939048349857e-03
   6.5000000000000000e+01   2.6330675464123487e-03
   6.6000000000000000e+01   2.6901571545749903e-03
   6.7000000000000000e+01   2.7130425442010164e-03
   6.8000000000000000e+01   2.7058189734816551e-03
   6.9000000000000000e+01   2.7478933334350586e-03
   7.0000000000000000e+01   2.7910433709621429e-03
   7.1000000000000000e+01   2.8043598867952824e-03
   7.2000000000000000e+01   2.8601661324501038e-03
   7.3000000000000000e+01   2.8806210029870272e-03
   7.4000000000000000e+01   2.8882066253572702e-03
   7.5000000000000000e+01   2.8744102455675602e-03
   7.6000000000000000e+01   2.8896050062030554e-03
   7.7000000000000000e+01   2.8934725560247898e-03
   7.8000000000000000e+01   2.9020460788160563e-03
   7.9000000000000000e+01   2.9574881773442030e-03
   8.0000000000000000e+01   2.9853659216314554e-03
   8.1000000000000000e+01   2.9945911373943090e-03
   8.2000000000000000e+01   3.0531941447407007e-03
   8.3000000000000000e+01   3.1078436877578497e-03
   8.4000000000000000e+01   3.0650435946881771e-03
   8.5000000000000000e+01   3.0989779625087976e-03
   8.6000000000000000e+01   3.1344483140856028e-03
   8.7000000000000000e+01   3.1023011542856693e-03
   8.8000000000000000e+01   3.0995323322713375e-03
   8.9000000000000000e+01   3.1454910058528185e-03
   9.0000000000000000e+01   3.1753161456435919e-03
   9.1000000000000000e+01   3.2105713617056608e-03
   9.2000000000000000e+01   3.2221018336713314e-03
   9.3000000000000000e+01   3.2307619694620371e-03
   9.4000000000000000e+01   3.2244422473013401e-03
   9.5000000000000000e+01   3.2315447460860014e-03
   9.6000000000000000e+01   3.2220548018813133e-03
   9.7000000000000000e+01   3.1922827474772930e-03
   9.8000000000000000e+01   3.1887472141534090e-03
   9.9000000000000000e+01   3.2259647268801928e-03
   1.0000000000000000e+02   3.2137739472091198e-03
   1.0100000000000000e+02   3.1508852262049913e-03
   1.0200000000000000e+02   3.1711913179606199e-03
   1.0300000000000000e+02   3.1641467940062284e-03
   1.0400000000000000e+02   3.1457410659641027e-03
   1.0500000000000000e+02   3.0952736269682646e-03
   1.0600000000000000e+02   3.1005295459181070e-03
   1.0700000000000000e+02   3.1206980347633362e-03
   1.0800000000000000e+02   3.1098371837288141e-03
   1.0900000000000000e+02   3.0822025146335363e-03
   1.1000000000000000e+02   3.0639024917036295e-03
   1.1100000000000000e+02   3.0769968871027231e-03
   1.1200000000000000e+02   3.0585182830691338e-03
   1.1300000000000000e+02   3.0348377767950296e-03
   1.1400000000000000e+02   3.0324934050440788e-03
   1.1500000000000000e+02   3.0195869039744139e-03
   1.1600000000000000e+02   3.0436238739639521e-03
   1.1700000000000000e+02   3.0259415507316589e-03
   1.1800000000000000e+02   3.0246288515627384e-03
   1.1900000000000000e+02   2.9783220961689949e-03
   1.2000000000000000e+02   3.0184814240783453e-03
   1.2100000000000000e+02   2.9865498654544353e-03
   1.2200000000000000e+02   2.9877005144953728e-03
   1.2300000000000000e+02   3.0078478157520294e-03
   1.2400000000000000e+02   3.0075258109718561e-03
   1.2500000000000000e+02   3.0116715934127569e-03
   1.2600000000000000e+02   2.9816692695021629e-03
   1.2700000000000000e+02   2.9828993137925863e-03
   1.2800000000000000e+02   2.9652228113263845e-03
   1.2900000000000000e+02   2.9566844459623098e-03
   1.3000000000000000e+02   2.9283955227583647e-03
   1.3100000000000000e+02   2.9280439484864473e-03
   1.3200000000000000e+02   2.9492997564375401e-03
   1.3300000000000000e+02   2.9768722597509623e-03
   1.3400000000000000e+02   3.0159247107803822e-03
   1.3500000000000000e+02   3.0003814026713371e-03
   1.3600000000000000e+02   3.0247911345213652e-03
   1.3700000000000000e+02   2.9906029812991619e-03
   1.3800000000000000e+02   2.9778049793094397e-03
   1.3900000000000000e+02   2.9679471626877785e-03
   1.4000000000000000e+02   2.9715944547206163e-03
   1.4100000000000000e+02   2.9490469023585320e-03
   1.4200000000000000e+02   2.9365564696490765e-03
   1.4300000000000000e+02   2.9472440946847200e-03
   1.4400000000000000e+02   2.9454543255269527e-03
   1.4500000000000000e+02   2.9678519349545240e-03
   1.4600000000000000e+02   2.9802962671965361e-03
   1.4700000000000000e+02   2.9623347800225019e-03
   1.4800000000000000e+02   2.9383576475083828e-03
   1.4900000000000000e+02   2.9103772249072790e-03
   1.5000000000000000e+02   2.1146516501903534e-01
   1.5100000000000000e+02   2.0916646718978882e-01
   1.5200000000000000e+02   2.0733618736267090e-01
   1.5300000000000000e+02   2.0545269548892975e-01
   1.5400000000000000e+02   2.0368345081806183e-01
   1.5500000000000000e+02   2.0192542672157288e-01
   1.5600000000000000e+02   2.0016284286975861e-01
   1.5700000000000000e+02   1.9845014810562134e-01
   1.5800000000000000e+02   1.9480340182781219e-01
   1.5900000000000000e+02   1.9124998152256012e-01
   1.6000000000000000e+02   1.8780855834484100e-01
   1.6100000000000000e+02   1.8426972627639771e-01
   1.6200000000000000e+02   1.8094961345195770e-01
   1.6300000000000000e+02   1.7774149775505066e-01
   1.6400000000000000e+02   1.7451831698417664e-01
   1.6500000000000000e+02   1.7141768336296082e-01
   1.6600000000000000e+02   1.6859920322895050e-01
   1.6700000000000000e+02   1.6557557880878448e-01
   1.6800000000000000e+02   1.6269858181476593e-01
   1.6900000000000000e+02   1.5985094010829926e-01
   1.7000000000000000e+02   1.5702444314956665e-01
   1.7100000000000000e+02   1.5435338020324707e-01
   1.7200000000000000e+02   1.5163667500019073e-01
   1.7300000000000000e+02   1.4911696314811707e-01
   1.7400000000000000e+02   1.4653187990188599e-01
   1.7500000000000000e+02   1.4381371438503265e-01
   1.7600000000000000e+02   1.4131085574626923e-01
   1.7700000000000000e+02   1.3886567950248718e-01
   1.7800000000000000e+02   1.3639268279075623e-01
   1.7900000000000000e+02   1.3391518592834473e-01
   1.8000000000000000e+02   1.3152702152729034e-01
   1.8100000000000000e+02   1.2912665307521820e-01
   1.8200000000000000e+02   1.2684418261051178e-01
   1.8300000000000000e+02   1.2461822479963303e-01
   1.8400000000000000e+02   1.2227506190538406e-01
   1.8500000000000000e+02   1.1998168379068375e-01
   1.8600000000000000e+02   1.1766826361417770e-01
   1.8700000000000000e+02   1.1551766842603683e-01
   1.8800000000000000e+02   1.1328436434268951e-01
   1.8900000000000000e+02   1.1113145947456360e-01
   1.9000000000000000e+02   1.0909102857112885e-01
   1.9100000000000000e+02   1.0708486288785934e-01
   1.9200000000000000e+02   1.0487533360719681e-01
   1.9300000000000000e+02   1.0297958552837372e-01
   1.9400000000000000e+02   1.0106798261404037e-01
   1.9500000000000000e+02   9.8983541131019592e-02
   1.9600000000000000e+02   9.7103461623191833e-02
   1.9700000000000000e+02   9.5070078969001770e-02
   1.9800000000000000e+02   9.2974677681922913e-02
   1.9900000000000000e+02   9.1083101928234100e-02
   2.0000000000000000e+02   8.9188739657402039e-02
   2.0100000000000000e+02   8.7297305464744568e-02
   2.0200000000000000e+02   8.5520178079605103e-02
   2.0300000000000000e+02   8.3666965365409851e-02
   2.0400000000000000e+02   8.1857234239578247e-02
   2.0500000000000000e+02   8.0033808946609497e-02
   2.0600000000000000e+02   7.8181713819503784e-02
   2.0700000000000000e+02   7.6496958732604980e-02
   2.0800000000000000e+02   7.4715018272399902e-02
   2.0900000000000000e+02   7.2998739778995514e-02
   2.1000000000000000e+02   7.1260087192058563e-02
   2.1100000000000000e+02   6.9512404501438141e-02
   2.1200000000000000e+02   6.7797213792800903e-02
   2.1300000000000000e+02   6.6140130162239075e-02
   2.1400000000000000e+02   6.4346350729465485e-02
   2.1500000000000000e+02   6.2729135155677795e-02
   2.1600000000000000e+02   6.1126533895730972e-02
   2.1700000000000000e+02   5.9324692934751511e-02
   2.1800000000000000e+02   5.7455599308013916e-02
   2.1900000000000000e+02   5.5695239454507828e-02
   2.2000000000000000e+02   5.4029870778322220e-02
   2.2100000000000000e+02   5.2470404654741287e-02
   2.2200000000000000e+02   5.0912752747535706e-02
   2.2300000000000000e+02   4.9207277595996857e-02
   2.2400000000000000e+02   4.7579541802406311e-02
   2.2500000000000000e+02   4.6133380383253098e-02
   2.2600000000000000e+02   4.4576071202754974e-02
   2.2700000000000000e+02   4.3142125010490417e-02
   2.2800000000000000e+02   4.1674725711345673e-02
   2.2900000000000000e+02   4.0268603712320328e-02
   2.3000000000000000e+02   3.8726624101400375e-02
   2.3100000000000000e+02   3.7357516586780548e-02
   2.3200000000000000e+02   3.6011490970849991e-02
   2.3300000000000000e+02   3.4939337521791458e-02
   2.3400000000000000e+02   3.3783290535211563e-02
   2.3500000000000000e+02   3.2525084912776947e-02
   2.3600000000000000e+02   3.1222825869917870e-02
   2.3700000000000000e+02   3.0038921162486076e-02
   2.3800000000000000e+02   2.9018115252256393e-02
   2.3900000000000000e+02   2.7980636805295944e-02
   2.4000000000000000e+02   2.6806322857737541e-02
   2.4100000000000000e+02   2.5739448145031929e-02
   2.4200000000000000e+02   2.4773973971605301e-02
   2.4300000000000000e+02   2.3838000372052193e-02
   2.4400000000000000e+02   2.2910350933670998e-02
   2.4500000000000000e+02   2.2078175097703934e-02
   2.4600000000000000e+02   2.1130027249455452e-02
   2.4700000000000000e+02   2.0284581929445267e-02
   2.4800000000000000e+02   1.9345270469784737e-02
   2.4900000000000000e+02   1.8422860652208328e-02
   2.5000000000000000e+02   1.7697382718324661e-02
   2.5100000000000000e+02   1.6894081607460976e-02
   2.5200000000000000e+02   1.6038110479712486e-02
   2.5300000000000000e+02   1.5185001306235790e-02
   2.5400000000000000e+02   1.4404258690774441e-02
   2.5500000000000000e+02   1.3747926801443100e-02
   2.5600000000000000e+02   1.3062638230621815e-02
   2.5700000000000000e+02   1.2319615110754967e-02
   2.5800000000000000e+02   1.1613843962550163e-02
   2.5900000000000000e+02   1.0971932671964169e-02
   2.6000000000000000e+02   1.0330274701118469e-02
   2.6100000000000000e+02   9.7093274816870689e-03
   2.6200000000000000e+02   9.0587856248021126e-03
   2.6300000000000000e+02   8.5213724523782730e-03
   2.6400000000000000e+02   8.0059394240379333e-03
   2.6500000000000000e+02   7.4123353697359562e-03
   2.6600000000000000e+02   6.9387005642056465e-03
   2.6700000000000000e+02   6.4675142057240009e-03
   2.6800000000000000e+02   6.0325274243950844e-03
   2.6900000000000000e+02   5.6113246828317642e-03
   2.7000000000000000e+02   5.1993150264024734e-03
   2.7100000000000000e+02   4.8009767197072506e-03
   2.7200000000000000e+02   4.4269855134189129e-03
   2.7300000000000000e+02   4.0865084156394005e-03
   2.7400000000000000e+02   3.7983397487550974e-03
   2.7500000000000000e+02   3.5107051953673363e-03
   2.7600000000000000e+02   3.2252834644168615e-03
   2.7700000000000000e+02   2.9986379668116570e-03
   2.7800000000000000e+02   2.7732262387871742e-03
   2.7900000000000000e+02   2.5651000905781984e-03
   2.8000000000000000e+02   2.3885269183665514e-03
   2.8100000000000000e+02   2.1935196127742529e-03
   2.8200000000000000e+02   2.0333493594080210e-03
   2.8300000000000000e+02   1.9024425419047475e-03
   2.8400000000000000e+02   1.7903891857713461e-03
   2.8500000000000000e+02   1.6801021993160248e-03
   2.8600000000000000e+02   1.5925470506772399e-03
   2.8700000000000000e+02   1.5087160281836987e-03
   2.8800000000000000e+02   1.4511104673147202e-03
   2.8900000000000000e+02   1.3788515934720635e-03
   2.9000000000000000e+02   1.3291499344632030e-03
   2.9100000000000000e+02   1.2825414305552840e-03
   2.9200000000000000e+02   1.2500091688707471e-03
   2.9300000000000000e+02   1.2301089009270072e-03
   2.9400000000000000e+02   1.2021058937534690e-03
   2.9500000000000000e+02   1.1755548184737563e-03
   2.9600000000000000e+02   1.1655645212158561e-03
   2.9700000000000000e+02   1.1532998178154230e-03
   2.9800000000000000e+02   1.1416815686970949e-03
   2.9900000000000000e+02   1.1242644395679235e-03
   3.0000000000000000e+02   1.1189023498445749e-03
