   1.0000000000000000e+00   8.2308631390333176e-03
   2.0000000000000000e+00   7.9694101586937904e-03
   3.0000000000000000e+00   7.6310955919325352e-03
   4.0000000000000000e+00   7.3081944137811661e-03
   5.0000000000000000e+00   7.0385159924626350e-03
   6.0000000000000000e+00   6.7658778280019760e-03
   7.0000000000000000e+00   6.4889686182141304e-03
   8.0000000000000000e+00   6.2386016361415386e-03
   9.0000000000000000e+00   5.9598409570753574e-03
   1.0000000000000000e+01   5.7538351975381374e-03
   1.1000000000000000e+01   5.5734016932547092e-03
   1.2000000000000000e+01   5.3504100069403648e-03
   1.3000000000000000e+01   5.1467022858560085e-03
   1.4000000000000000e+01   4.9718525260686874e-03
   1.5000000000000000e+01   4.8066251911222935e-03
   1.6000000000000000e+01   4.6006208285689354e-03
   1.7000000000000000e+01   4.4052121229469776e-03
   1.8000000000000000e+01   4.2613456025719643e-03
   1.9000000000000000e+01   4.1003134101629257e-03
   2.0000000000000000e+01   3.9486009627580643e-03
   2.1000000000000000e+01   3.8481773808598518e-03
   2.2000000000000000e+01   3.7179861683398485e-03
   2.3000000000000000e+01   3.5801592748612165e-03
   2.4000000000000000e+01   3.4516921732574701e-03
   2.5000000000000000e+01   3.3352370373904705e-03
   2.6000000000000000e+01   3.2390882261097431e-03
   2.7000000000000000e+01   3.1443785410374403e-03
   2.8000000000000000e+01   3.0643269419670105e-03
   2.9000000000000000e+01   2.9759153258055449e-03
   3.0000000000000000e+01   2.8827951755374670e-03
   3.1000000000000000e+01   2.8131401631981134e-03
   3.2000000000000000e+01   2.7594969142228365e-03
   3.3000000000000000e+01   2.6795761659741402e-03
   3.4000000000000000e+01   2.6212285738438368e-03
   3.5000000000000000e+01   2.5721525307744741e-03
   3.6000000000000000e+01   2.5114484596997499e-03
   3.7000000000000000e+01   2.4700304493308067e-03
   3.8000000000000000e+01   2.4313030298799276e-03
   3.9000000000000000e+01   2.3928408045321703e-03
   4.0000000000000000e+01   2.3664322216063738e-03
   4.1000000000000000e+01   2.3175023961812258e-03
   4.2000000000000000e+01   2.2730587515980005e-03
   4.3000000000000000e+01   2.2416624706238508e-03
   4.4000000000000000e+01   2.2045588120818138e-03
   4.5000000000000000e+01   2.1597729064524174e-03
   4.6000000000000000e+01   2.1227856632322073e-03
   4.7000000000000000e+01   2.0785254891961813e-03
   4.8000000000000000e+01   2.0295244175940752e-03
   4.9000000000000000e+01   2.0092003978788853e-03
   5.0000000000000000e+01   1.9751673098653555e-03
   5.1000000000000000e+01   1.9399310695007443e-03
   5.2000000000000000e+01   1.9062249921262264e-03
   5.3000000000000000e+01   1.8746119458228350e-03
   5.4000000000000000e+01   1.8517058342695236e-03
   5.5000000000000000e+01   1.8170494586229324e-03
   5.6000000000000000e+01   1.8151799449697137e-03
   5.7000000000000000e+01   1.7989401239901781e-03
   5.8000000000000000e+01   1.7727599479258060e-03
   5.9000000000000000e+01   1.7766659148037434e-03
   6.0000000000000000e+01   1.7685055499896407e-03
   6.1000000000000000e+01   1.7416678601875901e-03
   6.2000000000000000e+01   1.7386036925017834e-03
   6.3000000000000000e+01   1.7332840943709016e-03
   6.4000000000000000e+01   1.7362008802592754e-03
   6.5000000000000000e+01   1.7188859637826681e-03
   6.6000000000000000e+01   1.7255492275580764e-03
   6.7000000000000000e+01   1.7451077001169324e-03
   6.8000000000000000e+01   1.7389275599271059e-03
   6.9000000000000000e+01   1.7289186362177134e-03
   7.0000000000000000e+01   1.7320328624919057e-03
   7.1000000000000000e+01   1.6991698648780584e-03
   7.2000000000000000e+01   1.6915412852540612e-03
   7.3000000000000000e+01   1.7076286021620035e-03
   7.4000000000000000e+01   1.6768143977969885e-03
   7.5000000000000000e+01   1.6798803117126226e-03
   7.6000000000000000e+01   1.6900754999369383e-03
   7.7000000000000000e+01   1.6825392376631498e-03
   7.8000000000000000e+01   1.6851563705131412e-03
   7.9000000000000000e+01   1.6570999287068844e-03
   8.0000000000000000e+01   1.6731661744415760e-03
   8.1000000000000000e+01   1.6641389811411500e-03
   8.2000000000000000e+01   1.6231626505032182e-03
   8.3000000000000000e+01   1.6076569445431232e-03
   8.4000000000000000e+01   1.6005521174520254e-03
   8.5000000000000000e+01   1.5876812394708395e-03
   8.6000000000000000e+01   1.5910582151263952e-03
   8.7000000000000000e+01   1.5848641050979495e-03
   8.8000000000000000e+01   1.5484947944059968e-03
   8.9000000000000000e+01   1.5397792449221015e-03
   9.0000000000000000e+01   1.5211763093248010e-03
   9.1000000000000000e+01   1.5099269803613424e-03
   9.2000000000000000e+01   1.4865740668028593e-03
   9.3000000000000000e+01   1.4684463385492563e-03
   9.4000000000000000e+01   1.4796161558479071e-03
   9.5000000000000000e+01   1.4556560199707747e-03
   9.6000000000000000e+01   1.4375204918906093e-03
   9.7000000000000000e+01   1.4171458315104246e-03
   9.8000000000000000e+01   1.4205300249159336e-03
   9.9000000000000000e+01   1.4254014240577817e-03
   1.0000000000000000e+02   1.4172070659697056e-03
   1.0100000000000000e+02   1.3999051880091429e-03
   1.0200000000000000e+02   1.3980399817228317e-03
   1.0300000000000000e+02   1.4140349812805653e-03
   1.0400000000000000e+02   1.4002380194142461e-03
   1.0500000000000000e+02   1.3985561672598124e-03
   1.0600000000000000e+02   1.3855291763320565e-03
   1.0700000000000000e+02   1.3870062539353967e-03
   1.0800000000000000e+02   1.3930593850091100e-03
   1.0900000000000000e+02   1.3711636420339346e-03
   1.1000000000000000e+02   1.3583804247900844e-03
   1.1100000000000000e+02   1.3252299977466464e-03
   1.1200000000000000e+02   1.3085568789392710e-03
   1.1300000000000000e+02   1.3008214300498366e-03
   1.1400000000000000e+02   1.2733434559777379e-03
   1.1500000000000000e+02   1.2479606084525585e-03
   1.1600000000000000e+02   1.2334686471149325e-03
   1.1700000000000000e+02   1.2199420016258955e-03
   1.1800000000000000e+02   1.1904125567525625e-03
   1.1900000000000000e+02   1.1877089273184538e-03
   1.2000000000000000e+02   1.1731800623238087e-03
   1.2100000000000000e+02   1.1599253630265594e-03
   1.2200000000000000e+02   1.1488837189972401e-03
   1.2300000000000000e+02   1.1131921783089638e-03
   1.2400000000000000e+02   6.0698982328176498e-02
   1.2500000000000000e+02   6.5433658659458160e-02
   1.2600000000000000e+02   7.0174202322959900e-02
   1.2700000000000000e+02   7.4871093034744263e-02
   1.2800000000000000e+02   7.9721063375473022e-02
   1.2900000000000000e+02   8.4283441305160522e-02
   1.3000000000000000e+02   8.8804699480533600e-02
   1.3100000000000000e+02   9.3212015926837921e-02
   1.3200000000000000e+02   1.0166759788990021e-01
   1.3300000000000000e+02   1.1020978540182114e-01
   1.3400000000000000e+02   1.1847554147243500e-01
   1.3500000000000000e+02   1.2644916772842407e-01
   1.3600000000000000e+02   1.3384278118610382e-01
   1.3700000000000000e+02   1.4089319109916687e-01
   1.3800000000000000e+02   1.4751057326793671e-01
   1.3900000000000000e+02   1.5346442162990570e-01
   1.4000000000000000e+02   1.5870279073715210e-01
   1.4100000000000000e+02   1.6333231329917908e-01
   1.4200000000000000e+02   1.6724714636802673e-01
   1.4300000000000000e+02   1.7047405242919922e-01
   1.4400000000000000e+02   1.7329002916812897e-01
   1.4500000000000000e+02   1.7545142769813538e-01
   1.4600000000000000e+02   1.7703588306903839e-01
   1.4700000000000000e+02   1.7818050086498260e-01
   1.4800000000000000e+02   1.7875061929225922e-01
   1.4900000000000000e+02   1.7897839844226837e-01
   1.5000000000000000e+02   1.7893701791763306e-01
   1.5100000000000000e+02   1.7862400412559509e-01
   1.5200000000000000e+02   1.7799769341945648e-01
   1.5300000000000000e+02   1.7707146704196930e-01
   1.5400000000000000e+02   1.7606487870216370e-01
   1.5500000000000000e+02   1.7480444908142090e-01
   1.5600000000000000e+02   1.7338316142559052e-01
   1.5700000000000000e+02   1.7196562886238098e-01
   1.5800000000000000e+02   1.7039343714714050e-01
   1.5900000000000000e+02   1.6873542964458466e-01
   1.6000000000000000e+02   1.6702519357204437e-01
   1.6100000000000000e+02   1.6521856188774109e-01
   1.6200000000000000e+02   1.6338030993938446e-01
   1.6300000000000000e+02   1.6150185465812683e-01
   1.6400000000000000e+02   1.5955160558223724e-01
   1.6500000000000000e+02   1.5756012499332428e-01
   1.6600000000000000e+02   1.5565825998783112e-01
   1.6700000000000000e+02   1.5363797545433044e-01
   1.6800000000000000e+02   1.5166102349758148e-01
   1.6900000000000000e+02   1.4976331591606140e-01
   1.7000000000000000e+02   1.4781130850315094e-01
   1.7100000000000000e+02   1.4590607583522797e-01
   1.7200000000000000e+02   1.4405784010887146e-01
   1.7300000000000000e+02   1.4208261668682098e-01
   1.7400000000000000e+02   1.4009779691696167e-01
   1.7500000000000000e+02   1.3827082514762878e-01
   1.7600000000000000e+02   1.3636627793312073e-01
   1.7700000000000000e+02   1.3443461060523987e-01
   1.7800000000000000e+02   1.3257440924644470e-01
   1.7900000000000000e+02   1.3075150549411774e-01
   1.8000000000000000e+02   1.2889558076858521e-01
   1.8100000000000000e+02   1.2703977525234222e-01
   1.8200000000000000e+02   1.2534767389297485e-01
   1.8300000000000000e+02   1.2354030460119247e-01
   1.8400000000000000e+02   1.2169267982244492e-01
   1.8500000000000000e+02   1.1996997892856598e-01
   1.8600000000000000e+02   1.1828409135341644e-01
   1.8700000000000000e+02   1.1650397628545761e-01
   1.8800000000000000e+02   1.1471578478813171e-01
   1.8900000000000000e+02   1.1298287659883499e-01
   1.9000000000000000e+02   1.1103877425193787e-01
   1.9100000000000000e+02   1.0938676446676254e-01
   1.9200000000000000e+02   1.0765123367309570e-01
   1.9300000000000000e+02   1.0611985623836517e-01
   1.9400000000000000e+02   1.0436484217643738e-01
   1.9500000000000000e+02   1.0273490846157074e-01
   1.9600000000000000e+02   1.0110059380531311e-01
   1.9700000000000000e+02   9.9439740180969238e-02
   1.9800000000000000e+02   9.7718648612499237e-02
   1.9900000000000000e+02   9.6123114228248596e-02
   2.0000000000000000e+02   9.4594918191432953e-02
   2.0100000000000000e+02   9.2902056872844696e-02
   2.0200000000000000e+02   9.1347560286521912e-02
   2.0300000000000000e+02   8.9943602681159973e-02
   2.0400000000000000e+02   8.8453970849514008e-02
   2.0500000000000000e+02   8.7062440812587738e-02
   2.0600000000000000e+02   8.5586935281753540e-02
   2.0700000000000000e+02   8.4229364991188049e-02
   2.0800000000000000e+02   8.2699030637741089e-02
   2.0900000000000000e+02   8.1414885818958282e-02
   2.1000000000000000e+02   8.0100789666175842e-02
   2.1100000000000000e+02   7.8741438686847687e-02
   2.1200000000000000e+02   7.7355742454528809e-02
   2.1300000000000000e+02   7.6074071228504181e-02
   2.1400000000000000e+02   7.4771009385585785e-02
   2.1500000000000000e+02   7.3502056300640106e-02
   2.1600000000000000e+02   7.2346441447734833e-02
   2.1700000000000000e+02   7.1142859756946564e-02
   2.1800000000000000e+02   6.9927297532558441e-02
   2.1900000000000000e+02   6.8780355155467987e-02
   2.2000000000000000e+02   6.7716769874095917e-02
   2.2100000000000000e+02   6.6577486693859100e-02
   2.2200000000000000e+02   6.5420903265476227e-02
   2.2300000000000000e+02   6.4387626945972443e-02
   2.2400000000000000e+02   6.3327997922897339e-02
   2.2500000000000000e+02   6.2305178493261337e-02
   2.2600000000000000e+02   6.1359021812677383e-02
   2.2700000000000000e+02   6.0345616191625595e-02
   2.2800000000000000e+02   5.9428747743368149e-02
   2.2900000000000000e+02   5.8457318693399429e-02
   2.3000000000000000e+02   5.7396236807107925e-02
   2.3100000000000000e+02   5.6375633925199509e-02
   2.3200000000000000e+02   5.5355705320835114e-02
   2.3300000000000000e+02   5.4305672645568848e-02
   2.3400000000000000e+02   5.3318437188863754e-02
   2.3500000000000000e+02   5.2327208220958710e-02
   2.3600000000000000e+02   5.1393568515777588e-02
   2.3700000000000000e+02   5.0512913614511490e-02
   2.3800000000000000e+02   4.9548029899597168e-02
   2.3900000000000000e+02   4.8490762710571289e-02
   2.4000000000000000e+02   4.7508947551250458e-02
   2.4100000000000000e+02   4.6531505882740021e-02
   2.4200000000000000e+02   4.5596193522214890e-02
   2.4300000000000000e+02   4.4645287096500397e-02
   2.4400000000000000e+02   4.3670289218425751e-02
   2.4500000000000000e+02   4.2783644050359726e-02
   2.4600000000000000e+02   4.1857622563838959e-02
   2.4700000000000000e+02   4.0935378521680832e-02
   2.4800000000000000e+02   4.0110848844051361e-02
   2.4900000000000000e+02   3.9242021739482880e-02
   2.5000000000000000e+02   3.8349926471710205e-02
   2.5100000000000000e+02   3.7459023296833038e-02
   2.5200000000000000e+02   3.6574151366949081e-02
   2.5300000000000000e+02   3.5725366324186325e-02
   2.5400000000000000e+02   3.4946564584970474e-02
   2.5500000000000000e+02   3.4059658646583557e-02
   2.5600000000000000e+02   3.3221010118722916e-02
   2.5700000000000000e+02   3.2378286123275757e-02
   2.5800000000000000e+02   3.1609419733285904e-02
   2.5900000000000000e+02   3.0890917405486107e-02
   2.6000000000000000e+02   3.0080096796154976e-02
   2.6100000000000000e+02   2.9345188289880753e-02
   2.6200000000000000e+02   2.8625611215829849e-02
   2.6300000000000000e+02   2.7865611016750336e-02
   2.6400000000000000e+02   2.7094718068838120e-02
   2.6500000000000000e+02   2.6303123682737350e-02
   2.6600000000000000e+02   2.5590559467673302e-02
   2.6700000000000000e+02   2.4881910532712936e-02
   2.6800000000000000e+02   2.4163633584976196e-02
   2.6900000000000000e+02   2.3472022265195847e-02
   2.7000000000000000e+02   2.2834690287709236e-02
   2.7100000000000000e+02   2.2147869691252708e-02
   2.7200000000000000e+02   2.1443242207169533e-02
   2.7300000000000000e+02   2.0765027031302452e-02
   2.7400000000000000e+02   2.0126797258853912e-02
   2.7500000000000000e+02   1.9528117030858994e-02
   2.7600000000000000e+02   1.8914407119154930e-02
   2.7700000000000000e+02   1.8267512321472168e-02
   2.7800000000000000e+02   1.7704712226986885e-02
   2.7900000000000000e+02   1.7164228484034538e-02
   2.8000000000000000e+02   1.6596764326095581e-02
   2.8100000000000000e+02   1.6008982434868813e-02
   2.8200000000000000e+02   1.5460286289453506e-02
   2.8300000000000000e+02   1.4918703585863113e-02
   2.8400000000000000e+02   1.4390196651220322e-02
   2.8500000000000000e+02   1.3882976025342941e-02
   2.8600000000000000e+02   1.3392689637839794e-02
   2.8700000000000000e+02   1.2993325479328632e-02
   2.8800000000000000e+02   1.2606871314346790e-02
   2.8900000000000000e+02   1.2192891910672188e-02
   2.9000000000000000e+02   1.1777747422456741e-02
   2.9100000000000000e+02   1.1372467502951622e-02
   2.9200000000000000e+02   1.1045671068131924e-02
   2.9300000000000000e+02   1.0666733607649803e-02
   2.9400000000000000e+02   1.0341810062527657e-02
   2.9500000000000000e+02   1.0013472288846970e-02
   2.9600000000000000e+02   9.6678948029875755e-03
   2.9700000000000000e+02   9.3490080907940865e-03
   2.9800000000000000e+02   9.0514579787850380e-03
   2.9900000000000000e+02   8.7649906054139137e-03
   3.0000000000000000e+02   8.4713138639926910e-03
