   1.0000000000000000e+00   2.2431778779719025e-04
   2.0000000000000000e+00   2.2593638277612627e-04
   3.0000000000000000e+00   2.2780579456593841e-04
   4.0000000000000000e+00   2.2980311769060791e-04
   5.0000000000000000e+00   2.3186400358099490e-04
   6.0000000000000000e+00   2.3389355919789523e-04
   7.0000000000000000e+00   2.3599003907293081e-04
   8.0000000000000000e+00   2.3816215980332345e-04
   9.0000000000000000e+00   2.4080098955892026e-04
   1.0000000000000000e+01   2.4446559837087989e-04
   1.1000000000000000e+01   2.4956019478850067e-04
   1.2000000000000000e+01   2.5618352810852230e-04
   1.3000000000000000e+01   2.6389269623905420e-04
   1.4000000000000000e+01   2.7203894569538534e-04
   1.5000000000000000e+01   2.7989572845399380e-04
   1.6000000000000000e+01   2.8696717345155776e-04
   1.7000000000000000e+01   2.9320322209969163e-04
   1.8000000000000000e+01   2.9883152456022799e-04
   1.9000000000000000e+01   3.0412062187679112e-04
   2.0000000000000000e+01   3.0907915788702667e-04
   2.1000000000000000e+01   3.1350273638963699e-04
   2.2000000000000000e+01   3.1715625664219260e-04
   2.3000000000000000e+01   3.1992915319278836e-04
   2.4000000000000000e+01   3.2197262044064701e-04
   2.5000000000000000e+01   3.2329355599358678e-04
   2.6000000000000000e+01   3.2391812419518828e-04
   2.7000000000000000e+01   3.2386754173785448e-04
   2.8000000000000000e+01   3.2328182714991271e-04
   2.9000000000000000e+01   3.2225693576037884e-04
   3.0000000000000000e+01   3.2088361331261694e-04
   3.1000000000000000e+01   3.1897524604573846e-04
   3.2000000000000000e+01   3.1618887442164123e-04
   3.3000000000000000e+01   3.1225749989971519e-04
   3.4000000000000000e+01   3.0706499819643795e-04
   3.5000000000000000e+01   3.0078878626227379e-04
   3.6000000000000000e+01   2.9386830283328891e-04
   3.7000000000000000e+01   2.8675331850536168e-04
   3.8000000000000000e+01   2.7981307357549667e-04
   3.9000000000000000e+01   2.7321543893776834e-04
   4.0000000000000000e+01   2.6699469890445471e-04
   4.1000000000000000e+01   2.6097448426298797e-04
   4.2000000000000000e+01   2.5496608577668667e-04
   4.3000000000000000e+01   2.4878478143364191e-04
   4.4000000000000000e+01   2.4228944675996900e-04
   4.5000000000000000e+01   2.3541788686998188e-04
   4.6000000000000000e+01   2.2833651746623218e-04
   4.7000000000000000e+01   2.2137199994176626e-04
   4.8000000000000000e+01   2.1481109433807433e-04
   4.9000000000000000e+01   2.0884622063022107e-04
   5.0000000000000000e+01   2.0346969540696591e-04
   5.1000000000000000e+01   1.9837841682601720e-04
   5.2000000000000000e+01   1.9310726202093065e-04
   5.3000000000000000e+01   1.8717121565714478e-04
   5.4000000000000000e+01   1.8014696252066642e-04
   5.5000000000000000e+01   1.7197726992890239e-04
   5.6000000000000000e+01   1.6288176993839443e-04
   5.7000000000000000e+01   1.5314368647523224e-04
   5.8000000000000000e+01   1.4313988504000008e-04
   5.9000000000000000e+01   1.3320299331098795e-04
   6.0000000000000000e+01   1.2351173791103065e-04
   6.1000000000000000e+01   1.1415147309890017e-04
   6.2000000000000000e+01   1.0511855361983180e-04
   6.3000000000000000e+01   9.6384857897646725e-05
   6.4000000000000000e+01   8.7924920080695301e-05
   6.5000000000000000e+01   7.9769881267566234e-05
   6.6000000000000000e+01   7.2056624048855156e-05
   6.7000000000000000e+01   6.5002175688277930e-05
   6.8000000000000000e+01   5.8785044529940933e-05
   6.9000000000000000e+01   5.3456460591405630e-05
   7.0000000000000000e+01   4.8918111133389175e-05
   7.1000000000000000e+01   4.5011376641923562e-05
   7.2000000000000000e+01   4.1595434595365077e-05
   7.3000000000000000e+01   3.8535505154868588e-05
   7.4000000000000000e+01   3.5729128285311162e-05
   7.5000000000000000e+01   3.3179232559632510e-05
   7.6000000000000000e+01   3.0907529435353354e-05
   7.7000000000000000e+01   2.8886921427329071e-05
   7.8000000000000000e+01   2.7088737624580972e-05
   7.9000000000000000e+01   2.5435450879740529e-05
   8.0000000000000000e+01   2.3876935301814228e-05
   8.1000000000000000e+01   2.2402697140933014e-05
   8.2000000000000000e+01   2.1008641851949506e-05
   8.3000000000000000e+01   1.9686036466737278e-05
   8.4000000000000000e+01   1.8428594557917677e-05
   8.5000000000000000e+01   1.7217564163729548e-05
   8.6000000000000000e+01   1.6024227079469711e-05
   8.7000000000000000e+01   1.4848022146907169e-05
   8.8000000000000000e+01   1.3700312592845876e-05
   8.9000000000000000e+01   1.2608613360498566e-05
   9.0000000000000000e+01   1.1608743079705164e-05
   9.1000000000000000e+01   1.0706871762522496e-05
   9.2000000000000000e+01   9.9005465017398819e-06
   9.3000000000000000e+01   9.1686042651417665e-06
   9.4000000000000000e+01   8.5027450040797703e-06
   9.5000000000000000e+01   7.8849452620488591e-06
   9.6000000000000000e+01   7.3133305704686791e-06
   9.7000000000000000e+01   6.7923028836958110e-06
   9.8000000000000000e+01   6.3259990383812692e-06
   9.9000000000000000e+01   5.9174226407776587e-06
   1.0000000000000000e+02   5.5679151955700945e-06
   1.0100000000000000e+02   5.2724890338140540e-06
   1.0200000000000000e+02   5.0217722673551179e-06
   1.0300000000000000e+02   4.8010078899096698e-06
   1.0400000000000000e+02   4.5961355681356508e-06
   1.0500000000000000e+02   4.3968288991891313e-06
   1.0600000000000000e+02   4.2034930629597511e-06
   1.0700000000000000e+02   4.0209210965258535e-06
   1.0800000000000000e+02   3.8544048948097043e-06
   1.0900000000000000e+02   3.7068668916617753e-06
   1.1000000000000000e+02   3.5764958283834858e-06
   1.1100000000000000e+02   3.4582863008836284e-06
   1.1200000000000000e+02   3.3476530916232150e-06
   1.1300000000000000e+02   3.2426032703369856e-06
   1.1400000000000000e+02   3.1437355119123822e-06
   1.1500000000000000e+02   3.0542566946678562e-06
   1.1600000000000000e+02   2.9783479931211332e-06
   1.1700000000000000e+02   2.9220857413747581e-06
   1.1800000000000000e+02   2.8950937576155411e-06
   1.1900000000000000e+02   2.9102245662215864e-06
   1.2000000000000000e+02   2.9791617635055445e-06
   1.2100000000000000e+02   3.1134495657170191e-06
   1.2200000000000000e+02   3.3299934329988901e-06
   1.2300000000000000e+02   3.6475819342740579e-06
   1.2400000000000000e+02   4.0914937926572748e-06
   1.2500000000000000e+02   4.6864415708114393e-06
   1.2600000000000000e+02   5.4711272241547704e-06
   1.2700000000000000e+02   6.4968289734679274e-06
   1.2800000000000000e+02   7.8090943134156987e-06
   1.2900000000000000e+02   9.4767892733216286e-06
   1.3000000000000000e+02   1.1579852071008645e-05
   1.3100000000000000e+02   1.4249335436034016e-05
   1.3200000000000000e+02   1.7634933101362549e-05
   1.3300000000000000e+02   2.1938349163974635e-05
   1.3400000000000000e+02   2.7358382794773206e-05
   1.3500000000000000e+02   3.4011547541012987e-05
   1.3600000000000000e+02   4.1960771341109648e-05
   1.3700000000000000e+02   5.1208175136707723e-05
   1.3800000000000000e+02   6.1819540860597044e-05
   1.3900000000000000e+02   7.4000054155476391e-05
   1.4000000000000000e+02   8.8044514995999634e-05
   1.4100000000000000e+02   1.0434351133881137e-04
   1.4200000000000000e+02   1.2317809159867465e-04
   1.4300000000000000e+02   1.4468116569332778e-04
   1.4400000000000000e+02   1.6867725935298949e-04
   1.4500000000000000e+02   1.9500752387102693e-04
   1.4600000000000000e+02   2.2351076768245548e-04
   1.4700000000000000e+02   2.5392323732376099e-04
   1.4800000000000000e+02   2.8595887124538422e-04
   1.4900000000000000e+02   3.1922699417918921e-04
   1.5000000000000000e+02   3.5347277298569679e-04
   1.5100000000000000e+02   3.8872397271916270e-04
   1.5200000000000000e+02   4.2520888382568955e-04
   1.5300000000000000e+02   4.6343277790583670e-04
   1.5400000000000000e+02   5.0388032104820013e-04
   1.5500000000000000e+02   5.4684950737282634e-04
   1.5600000000000000e+02   5.9217103989794850e-04
   1.5700000000000000e+02   6.3971627969294786e-04
   1.5800000000000000e+02   6.8926275707781315e-04
   1.5900000000000000e+02   7.4097682954743505e-04
   1.6000000000000000e+02   7.9523649765178561e-04
   1.6100000000000000e+02   8.5267913527786732e-04
   1.6200000000000000e+02   9.1467658057808876e-04
   1.6300000000000000e+02   9.8328664898872375e-04
   1.6400000000000000e+02   1.0601759422570467e-03
   1.6500000000000000e+02   1.1462400434538722e-03
   1.6600000000000000e+02   1.2416690587997437e-03
   1.6700000000000000e+02   1.3459688052535057e-03
   1.6800000000000000e+02   1.4589756028726697e-03
   1.6900000000000000e+02   1.5812901547178626e-03
   1.7000000000000000e+02   1.7129587940871716e-03
   1.7100000000000000e+02   1.8540420569479465e-03
   1.7200000000000000e+02   2.0051053725183010e-03
   1.7300000000000000e+02   2.1673776209354401e-03
   1.7400000000000000e+02   2.3421309888362885e-03
   1.7500000000000000e+02   2.5308988988399506e-03
   1.7600000000000000e+02   2.7345281559973955e-03
   1.7700000000000000e+02   2.9544332064688206e-03
   1.7800000000000000e+02   3.1914301216602325e-03
   1.7900000000000000e+02   3.4467575605958700e-03
   1.8000000000000000e+02   3.7218357902020216e-03
   1.8100000000000000e+02   4.0189865976572037e-03
   1.8200000000000000e+02   4.3394132517278194e-03
   1.8300000000000000e+02   4.6839937567710876e-03
   1.8400000000000000e+02   5.0525856204330921e-03
   1.8500000000000000e+02   5.4470603354275227e-03
   1.8600000000000000e+02   5.8746761642396450e-03
   1.8700000000000000e+02   6.3426955603063107e-03
   1.8800000000000000e+02   6.8568540737032890e-03
   1.8900000000000000e+02   7.4209719896316528e-03
   1.9000000000000000e+02   8.0347284674644470e-03
   1.9100000000000000e+02   8.6967535316944122e-03
   1.9200000000000000e+02   9.4055999070405960e-03
   1.9300000000000000e+02   1.0164947248995304e-02
   1.9400000000000000e+02   1.0979036800563335e-02
   1.9500000000000000e+02   1.1855203658342361e-02
   1.9600000000000000e+02   1.2794188223779202e-02
   1.9700000000000000e+02   1.3791112229228020e-02
   1.9800000000000000e+02   1.4838407747447491e-02
   1.9900000000000000e+02   1.5928994864225388e-02
   2.0000000000000000e+02   1.7059572041034698e-02
   2.0100000000000000e+02   1.8227897584438324e-02
   2.0200000000000000e+02   1.9429598003625870e-02
   2.0300000000000000e+02   2.0662439987063408e-02
   2.0400000000000000e+02   2.1921940147876740e-02
   2.0500000000000000e+02   2.3209415376186371e-02
   2.0600000000000000e+02   2.4524699896574020e-02
   2.0700000000000000e+02   2.5868929922580719e-02
   2.0800000000000000e+02   2.7239946648478508e-02
   2.0900000000000000e+02   2.8633615002036095e-02
   2.1000000000000000e+02   3.0040031298995018e-02
   2.1100000000000000e+02   3.1452264636754990e-02
   2.1200000000000000e+02   3.2870840281248093e-02
   2.1300000000000000e+02   3.4304104745388031e-02
   2.1400000000000000e+02   3.5763170570135117e-02
   2.1500000000000000e+02   3.7249512970447540e-02
   2.1600000000000000e+02   3.8756068795919418e-02
   2.1700000000000000e+02   4.0272541344165802e-02
   2.1800000000000000e+02   4.1784584522247314e-02
   2.1900000000000000e+02   4.3288603425025940e-02
   2.2000000000000000e+02   4.4785924255847931e-02
   2.2100000000000000e+02   4.6284474432468414e-02
   2.2200000000000000e+02   4.7790378332138062e-02
   2.2300000000000000e+02   4.9299579113721848e-02
   2.2400000000000000e+02   5.0804521888494492e-02
   2.2500000000000000e+02   5.2293848246335983e-02
   2.2600000000000000e+02   5.3764052689075470e-02
   2.2700000000000000e+02   5.5201362818479538e-02
   2.2800000000000000e+02   5.6588452309370041e-02
   2.2900000000000000e+02   5.7909045368432999e-02
   2.3000000000000000e+02   5.9155017137527466e-02
   2.3100000000000000e+02   6.0327589511871338e-02
   2.3200000000000000e+02   6.1441980302333832e-02
   2.3300000000000000e+02   6.2520153820514679e-02
   2.3400000000000000e+02   6.3571877777576447e-02
   2.3500000000000000e+02   6.4596347510814667e-02
   2.3600000000000000e+02   6.5592624247074127e-02
   2.3700000000000000e+02   6.6554084420204163e-02
   2.3800000000000000e+02   6.7473344504833221e-02
   2.3900000000000000e+02   6.8337708711624146e-02
   2.4000000000000000e+02   6.9132201373577118e-02
   2.4100000000000000e+02   6.9847032427787781e-02
   2.4200000000000000e+02   7.0493087172508240e-02
   2.4300000000000000e+02   7.1082100272178650e-02
   2.4400000000000000e+02   7.1627087891101837e-02
   2.4500000000000000e+02   7.2149351239204407e-02
   2.4600000000000000e+02   7.2659835219383240e-02
   2.4700000000000000e+02   7.3150247335433960e-02
   2.4800000000000000e+02   7.3608323931694031e-02
   2.4900000000000000e+02   7.4017249047756195e-02
   2.5000000000000000e+02   7.4366487562656403e-02
   2.5100000000000000e+02   7.4645541608333588e-02
   2.5200000000000000e+02   7.4840135872364044e-02
   2.5300000000000000e+02   7.4957378208637238e-02
   2.5400000000000000e+02   7.5020343065261841e-02
   2.5500000000000000e+02   7.5066357851028442e-02
   2.5600000000000000e+02   7.5116619467735291e-02
   2.5700000000000000e+02   7.5184375047683716e-02
   2.5800000000000000e+02   7.5281985104084015e-02
   2.5900000000000000e+02   7.5406163930892944e-02
   2.6000000000000000e+02   7.5543001294136047e-02
   2.6100000000000000e+02   7.5668275356292725e-02
   2.6200000000000000e+02   7.5769118964672089e-02
   2.6300000000000000e+02   7.5831830501556396e-02
   2.6400000000000000e+02   7.5843982398509979e-02
   2.6500000000000000e+02   7.5796045362949371e-02
   2.6600000000000000e+02   7.5690247118473053e-02
   2.6700000000000000e+02   7.5553148984909058e-02
   2.6800000000000000e+02   7.5399331748485565e-02
   2.6900000000000000e+02   7.5241982936859131e-02
   2.7000000000000000e+02   7.5088731944561005e-02
   2.7100000000000000e+02   7.4942164123058319e-02
   2.7200000000000000e+02   7.4797034263610840e-02
   2.7300000000000000e+02   7.4633382260799408e-02
   2.7400000000000000e+02   7.4438475072383881e-02
   2.7500000000000000e+02   7.4189245700836182e-02
   2.7600000000000000e+02   7.3891870677471161e-02
   2.7700000000000000e+02   7.3553435504436493e-02
   2.7800000000000000e+02   7.3191791772842407e-02
   2.7900000000000000e+02   7.2836481034755707e-02
   2.8000000000000000e+02   7.2504706680774689e-02
   2.8100000000000000e+02   7.2194606065750122e-02
   2.8200000000000000e+02   7.1894630789756775e-02
   2.8300000000000000e+02   7.1590550243854523e-02
   2.8400000000000000e+02   7.1269005537033081e-02
   2.8500000000000000e+02   7.0915117859840393e-02
   2.8600000000000000e+02   7.0530578494071960e-02
   2.8700000000000000e+02   7.0112638175487518e-02
   2.8800000000000000e+02   6.9664001464843750e-02
   2.8900000000000000e+02   6.9189548492431641e-02
   2.9000000000000000e+02   6.8706586956977844e-02
   2.9100000000000000e+02   6.8227730691432953e-02
   2.9200000000000000e+02   6.7776173353195190e-02
   2.9300000000000000e+02   6.7364729940891266e-02
   2.9400000000000000e+02   6.6999748349189758e-02
   2.9500000000000000e+02   6.6681794822216034e-02
   2.9600000000000000e+02   6.6422156989574432e-02
   2.9700000000000000e+02   6.6206559538841248e-02
   2.9800000000000000e+02   6.6029645502567291e-02
   2.9900000000000000e+02   6.5890014171600342e-02
   3.0000000000000000e+02   6.5780952572822571e-02
