   1.0000000000000000e+00   8.5347082290354592e-08
   2.0000000000000000e+00   8.6435505863846629e-08
   3.0000000000000000e+00   8.7387114433568058e-08
   4.0000000000000000e+00   8.8016598454032646e-08
   5.0000000000000000e+00   8.8152546595665626e-08
   6.0000000000000000e+00   8.7723222463864658e-08
   7.0000000000000000e+00   8.6805982846271945e-08
   8.0000000000000000e+00   8.5397211080362467e-08
   9.0000000000000000e+00   8.3554120067219628e-08
   1.0000000000000000e+01   8.1313324074017146e-08
   1.1000000000000000e+01   7.8789966551084945e-08
   1.2000000000000000e+01   7.6083125577497412e-08
   1.3000000000000000e+01   7.3264487809865386e-08
   1.4000000000000000e+01   7.0297950571784895e-08
   1.5000000000000000e+01   6.7051310281840415e-08
   1.6000000000000000e+01   6.3453718723849306e-08
   1.7000000000000000e+01   5.9587499379176734e-08
   1.8000000000000000e+01   5.5745850602306746e-08
   1.9000000000000000e+01   5.2240988424046009e-08
   2.0000000000000000e+01   4.9313527483718644e-08
   2.1000000000000000e+01   4.6980972001620103e-08
   2.2000000000000000e+01   4.5181796082260917e-08
   2.3000000000000000e+01   4.3900186597056745e-08
   2.4000000000000000e+01   4.3173027819420895e-08
   2.5000000000000000e+01   4.3004156680126471e-08
   2.6000000000000000e+01   4.3372175184686057e-08
   2.7000000000000000e+01   4.4205926030826959e-08
   2.8000000000000000e+01   4.5406800097680389e-08
   2.9000000000000000e+01   4.6834056632860666e-08
   3.0000000000000000e+01   4.8444576350448187e-08
   3.1000000000000000e+01   5.0124956629815642e-08
   3.2000000000000000e+01   5.1819554869325657e-08
   3.3000000000000000e+01   5.3493710794327853e-08
   3.4000000000000000e+01   5.5136926135901376e-08
   3.5000000000000000e+01   5.6854300822806181e-08
   3.6000000000000000e+01   5.8854389806128893e-08
   3.7000000000000000e+01   6.1370585058284632e-08
   3.8000000000000000e+01   6.4690262036037893e-08
   3.9000000000000000e+01   6.9053633922067092e-08
   4.0000000000000000e+01   7.4654344928148930e-08
   4.1000000000000000e+01   8.1965140452666674e-08
   4.2000000000000000e+01   9.1559982706712617e-08
   4.3000000000000000e+01   1.0443975639873315e-07
   4.4000000000000000e+01   1.2177200403584720e-07
   4.5000000000000000e+01   1.4433076955810975e-07
   4.6000000000000000e+01   1.7299576882123802e-07
   4.7000000000000000e+01   2.0842449544034025e-07
   4.8000000000000000e+01   2.5066009357033181e-07
   4.9000000000000000e+01   2.9976999371683632e-07
   5.0000000000000000e+01   3.5521915719982644e-07
   5.1000000000000000e+01   4.1551191998223658e-07
   5.2000000000000000e+01   4.7882099352136720e-07
   5.3000000000000000e+01   5.4379819403038709e-07
   5.4000000000000000e+01   6.0919728639419191e-07
   5.5000000000000000e+01   6.7542146098276135e-07
   5.6000000000000000e+01   7.4255115123378346e-07
   5.7000000000000000e+01   8.0987416595235118e-07
   5.8000000000000000e+01   8.7592019326621084e-07
   5.9000000000000000e+01   9.3873632067698054e-07
   6.0000000000000000e+01   9.9535429853858659e-07
   6.1000000000000000e+01   1.0430566135255503e-06
   6.2000000000000000e+01   1.0804508292494575e-06
   6.3000000000000000e+01   1.1076681403210387e-06
   6.4000000000000000e+01   1.1271700941506424e-06
   6.5000000000000000e+01   1.1411974583097617e-06
   6.6000000000000000e+01   1.1529571111168480e-06
   6.7000000000000000e+01   1.1656278502414352e-06
   6.8000000000000000e+01   1.1814536264864728e-06
   6.9000000000000000e+01   1.2005838243567268e-06
   7.0000000000000000e+01   1.2203792039144901e-06
   7.1000000000000000e+01   1.2387536116875708e-06
   7.2000000000000000e+01   1.2550220844786963e-06
   7.3000000000000000e+01   1.2690393305092584e-06
   7.4000000000000000e+01   1.2807524853997165e-06
   7.5000000000000000e+01   1.2903294646093855e-06
   7.6000000000000000e+01   1.2993436939723324e-06
   7.7000000000000000e+01   1.3082284340271144e-06
   7.8000000000000000e+01   1.3186605656301253e-06
   7.9000000000000000e+01   1.3293130223246408e-06
   8.0000000000000000e+01   1.3394113693721010e-06
   8.1000000000000000e+01   1.3466222981151077e-06
   8.2000000000000000e+01   1.3475370224114158e-06
   8.3000000000000000e+01   1.3393654398896615e-06
   8.4000000000000000e+01   1.3221065273683053e-06
   8.5000000000000000e+01   1.2978363201909815e-06
   8.6000000000000000e+01   1.2690160247075255e-06
   8.7000000000000000e+01   1.2375205642456422e-06
   8.8000000000000000e+01   1.2050669511154410e-06
   8.9000000000000000e+01   1.1735435236914782e-06
   9.0000000000000000e+01   1.1455807680249563e-06
   9.1000000000000000e+01   1.1208288697162061e-06
   9.2000000000000000e+01   1.0981580089719500e-06
   9.3000000000000000e+01   1.0743966640802682e-06
   9.4000000000000000e+01   1.0479019465492456e-06
   9.5000000000000000e+01   1.0183048289036378e-06
   9.6000000000000000e+01   9.8715497642842820e-07
   9.7000000000000000e+01   9.5714869985386031e-07
   9.8000000000000000e+01   9.3036379666955327e-07
   9.9000000000000000e+01   9.0762307536351727e-07
   1.0000000000000000e+02   8.8847031065597548e-07
   1.0100000000000000e+02   8.7199094878087635e-07
   1.0200000000000000e+02   8.5719074149892549e-07
   1.0300000000000000e+02   8.4264434008218814e-07
   1.0400000000000000e+02   8.2705219028866850e-07
   1.0500000000000000e+02   8.0974058391802828e-07
   1.0600000000000000e+02   7.9174225220413064e-07
   1.0700000000000000e+02   7.7514329177574837e-07
   1.0800000000000000e+02   7.6210966426515370e-07
   1.0900000000000000e+02   7.5355450235292665e-07
   1.1000000000000000e+02   7.4866630939141032e-07
   1.1100000000000000e+02   7.4609329203667585e-07
   1.1200000000000000e+02   7.4467402555455919e-07
   1.1300000000000000e+02   7.4408200134712388e-07
   1.1400000000000000e+02   7.4489247481324128e-07
   1.1500000000000000e+02   7.4823765316978097e-07
   1.1600000000000000e+02   7.5519767506193602e-07
   1.1700000000000000e+02   7.6785079272667645e-07
   1.1800000000000000e+02   7.8970413142087637e-07
   1.1900000000000000e+02   8.2572341852937825e-07
   1.2000000000000000e+02   8.8158583366748644e-07
   1.2100000000000000e+02   9.6323742582171690e-07
   1.2200000000000000e+02   1.0772474752229755e-06
   1.2300000000000000e+02   1.2312187891438953e-06
   1.2400000000000000e+02   1.4371388488143566e-06
   1.2500000000000000e+02   1.7108917518271483e-06
   1.2600000000000000e+02   2.0786619643331505e-06
   1.2700000000000000e+02   2.5763922621990787e-06
   1.2800000000000000e+02   3.2462476156069897e-06
   1.2900000000000000e+02   4.1539155972714070e-06
   1.3000000000000000e+02   5.3667440624849405e-06
   1.3100000000000000e+02   6.9847892518737353e-06
   1.3200000000000000e+02   9.1484298536670394e-06
   1.3300000000000000e+02   1.2043074093526229e-05
   1.3400000000000000e+02   1.5895649994490668e-05
   1.3500000000000000e+02   2.0989466065657325e-05
   1.3600000000000000e+02   2.7722151571651921e-05
   1.3700000000000000e+02   3.6512061342364177e-05
   1.3800000000000000e+02   4.7846002416918054e-05
   1.3900000000000000e+02   6.2292034272104502e-05
   1.4000000000000000e+02   8.0506528320256621e-05
   1.4100000000000000e+02   1.0309167555533350e-04
   1.4200000000000000e+02   1.3065130042377859e-04
   1.4300000000000000e+02   1.6395868442486972e-04
   1.4400000000000000e+02   2.0404251699801534e-04
   1.4500000000000000e+02   2.5190794258378446e-04
   1.4600000000000000e+02   3.0843188869766891e-04
   1.4700000000000000e+02   3.7423492176458240e-04
   1.4800000000000000e+02   4.5009385212324560e-04
   1.4900000000000000e+02   5.3619238315150142e-04
   1.5000000000000000e+02   6.3301296904683113e-04
   1.5100000000000000e+02   7.4157887138426304e-04
   1.5200000000000000e+02   8.6337258107960224e-04
   1.5300000000000000e+02   9.9988619331270456e-04
   1.5400000000000000e+02   1.1526456801220775e-03
   1.5500000000000000e+02   1.3231156626716256e-03
   1.5600000000000000e+02   1.5133627457544208e-03
   1.5700000000000000e+02   1.7244701739400625e-03
   1.5800000000000000e+02   1.9569278229027987e-03
   1.5900000000000000e+02   2.2108871489763260e-03
   1.6000000000000000e+02   2.4872391950339079e-03
   1.6100000000000000e+02   2.7870433405041695e-03
   1.6200000000000000e+02   3.1128660775721073e-03
   1.6300000000000000e+02   3.4661584068089724e-03
   1.6400000000000000e+02   3.8480039220303297e-03
   1.6500000000000000e+02   4.2559737339615822e-03
   1.6600000000000000e+02   4.6881111338734627e-03
   1.6700000000000000e+02   5.1435264758765697e-03
   1.6800000000000000e+02   5.6228251196444035e-03
   1.6900000000000000e+02   6.1276014894247055e-03
   1.7000000000000000e+02   6.6602234728634357e-03
   1.7100000000000000e+02   7.2227478958666325e-03
   1.7200000000000000e+02   7.8186122700572014e-03
   1.7300000000000000e+02   8.4517542272806168e-03
   1.7400000000000000e+02   9.1276383027434349e-03
   1.7500000000000000e+02   9.8526161164045334e-03
   1.7600000000000000e+02   1.0628497228026390e-02
   1.7700000000000000e+02   1.1450033634901047e-02
   1.7800000000000000e+02   1.2306821532547474e-02
   1.7900000000000000e+02   1.3189103454351425e-02
   1.8000000000000000e+02   1.4092940837144852e-02
   1.8100000000000000e+02   1.5017752535641193e-02
   1.8200000000000000e+02   1.5966374427080154e-02
   1.8300000000000000e+02   1.6944704577326775e-02
   1.8400000000000000e+02   1.7955210059881210e-02
   1.8500000000000000e+02   1.8995037302374840e-02
   1.8600000000000000e+02   2.0059380680322647e-02
   1.8700000000000000e+02   2.1142318844795227e-02
   1.8800000000000000e+02   2.2236702963709831e-02
   1.8900000000000000e+02   2.3335330188274384e-02
   1.9000000000000000e+02   2.4422539398074150e-02
   1.9100000000000000e+02   2.5485442951321602e-02
   1.9200000000000000e+02   2.6518838480114937e-02
   1.9300000000000000e+02   2.7532745152711868e-02
   1.9400000000000000e+02   2.8547156602144241e-02
   1.9500000000000000e+02   2.9591048136353493e-02
   1.9600000000000000e+02   3.0687961727380753e-02
   1.9700000000000000e+02   3.1845919787883759e-02
   1.9800000000000000e+02   3.3052552491426468e-02
   1.9900000000000000e+02   3.4284234046936035e-02
   2.0000000000000000e+02   3.5515628755092621e-02
   2.0100000000000000e+02   3.6729399114847183e-02
   2.0200000000000000e+02   3.7919174879789352e-02
   2.0300000000000000e+02   3.9092596620321274e-02
   2.0400000000000000e+02   4.0262557566165924e-02
   2.0500000000000000e+02   4.1447706520557404e-02
   2.0600000000000000e+02   4.2664427310228348e-02
   2.0700000000000000e+02   4.3914470821619034e-02
   2.0800000000000000e+02   4.5189995318651199e-02
   2.0900000000000000e+02   4.6468041837215424e-02
   2.1000000000000000e+02   4.7712501138448715e-02
   2.1100000000000000e+02   4.8892140388488770e-02
   2.1200000000000000e+02   4.9998175352811813e-02
   2.1300000000000000e+02   5.1041193306446075e-02
   2.1400000000000000e+02   5.2052639424800873e-02
   2.1500000000000000e+02   5.3055033087730408e-02
   2.1600000000000000e+02   5.4048269987106323e-02
   2.1700000000000000e+02   5.5010832846164703e-02
   2.1800000000000000e+02   5.5917266756296158e-02
   2.1900000000000000e+02   5.6747242808341980e-02
   2.2000000000000000e+02   5.7505723088979721e-02
   2.2100000000000000e+02   5.8209516108036041e-02
   2.2200000000000000e+02   5.8880440890789032e-02
   2.2300000000000000e+02   5.9520587325096130e-02
   2.2400000000000000e+02   6.0132853686809540e-02
   2.2500000000000000e+02   6.0719404369592667e-02
   2.2600000000000000e+02   6.1286311596632004e-02
   2.2700000000000000e+02   6.1835195869207382e-02
   2.2800000000000000e+02   6.2365699559450150e-02
   2.2900000000000000e+02   6.2866337597370148e-02
   2.3000000000000000e+02   6.3335858285427094e-02
   2.3100000000000000e+02   6.3786618411540985e-02
   2.3200000000000000e+02   6.4234361052513123e-02
   2.3300000000000000e+02   6.4686007797718048e-02
   2.3400000000000000e+02   6.5136723220348358e-02
   2.3500000000000000e+02   6.5559498965740204e-02
   2.3600000000000000e+02   6.5925836563110352e-02
   2.3700000000000000e+02   6.6216416656970978e-02
   2.3800000000000000e+02   6.6428743302822113e-02
   2.3900000000000000e+02   6.6573135554790497e-02
   2.4000000000000000e+02   6.6677369177341461e-02
   2.4100000000000000e+02   6.6765196621417999e-02
   2.4200000000000000e+02   6.6848948597908020e-02
   2.4300000000000000e+02   6.6936545073986053e-02
   2.4400000000000000e+02   6.7027404904365540e-02
   2.4500000000000000e+02   6.7116126418113708e-02
   2.4600000000000000e+02   6.7196786403656006e-02
   2.4700000000000000e+02   6.7269891500473022e-02
   2.4800000000000000e+02   6.7338697612285614e-02
   2.4900000000000000e+02   6.7404538393020630e-02
   2.5000000000000000e+02   6.7462839186191559e-02
   2.5100000000000000e+02   6.7507967352867126e-02
   2.5200000000000000e+02   6.7538812756538391e-02
   2.5300000000000000e+02   6.7564055323600769e-02
   2.5400000000000000e+02   6.7583560943603516e-02
   2.5500000000000000e+02   6.7590706050395966e-02
   2.5600000000000000e+02   6.7579314112663269e-02
   2.5700000000000000e+02   6.7544050514698029e-02
   2.5800000000000000e+02   6.7477196455001831e-02
   2.5900000000000000e+02   6.7365147173404694e-02
   2.6000000000000000e+02   6.7201390862464905e-02
   2.6100000000000000e+02   6.6981993615627289e-02
   2.6200000000000000e+02   6.6710799932479858e-02
   2.6300000000000000e+02   6.6403873264789581e-02
   2.6400000000000000e+02   6.6083766520023346e-02
   2.6500000000000000e+02   6.5779909491539001e-02
   2.6600000000000000e+02   6.5512962639331818e-02
   2.6700000000000000e+02   6.5292462706565857e-02
   2.6800000000000000e+02   6.5113708376884460e-02
   2.6900000000000000e+02   6.4974814653396606e-02
   2.7000000000000000e+02   6.4863383769989014e-02
   2.7100000000000000e+02   6.4755037426948547e-02
   2.7200000000000000e+02   6.4629122614860535e-02
   2.7300000000000000e+02   6.4464114606380463e-02
   2.7400000000000000e+02   6.4262419939041138e-02
   2.7500000000000000e+02   6.4041450619697571e-02
   2.7600000000000000e+02   6.3815712928771973e-02
   2.7700000000000000e+02   6.3588693737983704e-02
   2.7800000000000000e+02   6.3342064619064331e-02
   2.7900000000000000e+02   6.3056610524654388e-02
   2.8000000000000000e+02   6.2720529735088348e-02
   2.8100000000000000e+02   6.2341172248125076e-02
   2.8200000000000000e+02   6.1941333115100861e-02
   2.8300000000000000e+02   6.1545386910438538e-02
   2.8400000000000000e+02   6.1167750507593155e-02
   2.8500000000000000e+02   6.0807425528764725e-02
   2.8600000000000000e+02   6.0467857867479324e-02
   2.8700000000000000e+02   6.0153052210807800e-02
   2.8800000000000000e+02   5.9867467731237411e-02
   2.8900000000000000e+02   5.9604998677968979e-02
   2.9000000000000000e+02   5.9345159679651260e-02
   2.9100000000000000e+02   5.9082198888063431e-02
   2.9200000000000000e+02   5.8834563940763474e-02
   2.9300000000000000e+02   5.8632370084524155e-02
   2.9400000000000000e+02   5.8503817766904831e-02
   2.9500000000000000e+02   5.8450445532798767e-02
   2.9600000000000000e+02   5.8454483747482300e-02
   2.9700000000000000e+02   5.8478735387325287e-02
   2.9800000000000000e+02   5.8494567871093750e-02
   2.9900000000000000e+02   5.8486901223659515e-02
   3.0000000000000000e+02   5.8458764106035233e-02
