   1.0000000000000000e+00   9.5964092761278152e-03
   2.0000000000000000e+00   9.3771796673536301e-03
   3.0000000000000000e+00   9.0234018862247467e-03
   4.0000000000000000e+00   8.6377020925283432e-03
   5.0000000000000000e+00   8.3580147475004196e-03
   6.0000000000000000e+00   8.0571379512548447e-03
   7.0000000000000000e+00   7.7677709050476551e-03
   8.0000000000000000e+00   7.5557879172265530e-03
   9.0000000000000000e+00   7.2100097313523293e-03
   1.0000000000000000e+01   7.0058703422546387e-03
   1.1000000000000000e+01   6.8416520953178406e-03
   1.2000000000000000e+01   6.5862075425684452e-03
   1.3000000000000000e+01   6.3453810289502144e-03
   1.4000000000000000e+01   6.2049627304077148e-03
   1.5000000000000000e+01   6.0033407062292099e-03
   1.6000000000000000e+01   5.7432493194937706e-03
   1.7000000000000000e+01   5.4908455349504948e-03
   1.8000000000000000e+01   5.3245173767209053e-03
   1.9000000000000000e+01   5.1430896855890751e-03
   2.0000000000000000e+01   4.9793324433267117e-03
   2.1000000000000000e+01   4.8943860456347466e-03
   2.2000000000000000e+01   4.7510820440948009e-03
   2.3000000000000000e+01   4.5810388401150703e-03
   2.4000000000000000e+01   4.4492785818874836e-03
   2.5000000000000000e+01   4.3219770304858685e-03
   2.6000000000000000e+01   4.2068916372954845e-03
   2.7000000000000000e+01   4.0983655489981174e-03
   2.8000000000000000e+01   4.0147295221686363e-03
   2.9000000000000000e+01   3.8971698377281427e-03
   3.0000000000000000e+01   3.7955564912408590e-03
   3.1000000000000000e+01   3.7134964950382710e-03
   3.2000000000000000e+01   3.6635473370552063e-03
   3.3000000000000000e+01   3.5812926944345236e-03
   3.4000000000000000e+01   3.5207287874072790e-03
   3.5000000000000000e+01   3.4570212010294199e-03
   3.6000000000000000e+01   3.3884905278682709e-03
   3.7000000000000000e+01   3.3395525533705950e-03
   3.8000000000000000e+01   3.2929894514381886e-03
   3.9000000000000000e+01   3.2429778948426247e-03
   4.0000000000000000e+01   3.2204431481659412e-03
   4.1000000000000000e+01   3.1727021560072899e-03
   4.2000000000000000e+01   3.1323845032602549e-03
   4.3000000000000000e+01   3.0911017674952745e-03
   4.4000000000000000e+01   3.0312077142298222e-03
   4.5000000000000000e+01   2.9598379041999578e-03
   4.6000000000000000e+01   2.9296437278389931e-03
   4.7000000000000000e+01   2.8816552367061377e-03
   4.8000000000000000e+01   2.8126570396125317e-03
   4.9000000000000000e+01   2.7903874870389700e-03
   5.0000000000000000e+01   2.7643602807074785e-03
   5.1000000000000000e+01   2.7117137797176838e-03
   5.2000000000000000e+01   2.6725998613983393e-03
   5.3000000000000000e+01   2.6348838582634926e-03
   5.4000000000000000e+01   2.6128343306481838e-03
   5.5000000000000000e+01   2.5647745933383703e-03
   5.6000000000000000e+01   2.5608504656702280e-03
   5.7000000000000000e+01   2.5369513314217329e-03
   5.8000000000000000e+01   2.5115429889410734e-03
   5.9000000000000000e+01   2.5224725250154734e-03
   6.0000000000000000e+01   2.5200133677572012e-03
   6.1000000000000000e+01   2.4843444116413593e-03
   6.2000000000000000e+01   2.4780093226581812e-03
   6.3000000000000000e+01   2.4740507360547781e-03
   6.4000000000000000e+01   2.4894007947295904e-03
   6.5000000000000000e+01   2.4669817648828030e-03
   6.6000000000000000e+01   2.4850831832736731e-03
   6.7000000000000000e+01   2.5103280786424875e-03
   6.8000000000000000e+01   2.4924778845161200e-03
   6.9000000000000000e+01   2.4813120253384113e-03
   7.0000000000000000e+01   2.4831660557538271e-03
   7.1000000000000000e+01   2.4381019175052643e-03
   7.2000000000000000e+01   2.4284468963742256e-03
   7.3000000000000000e+01   2.4595048744231462e-03
   7.4000000000000000e+01   2.4253204464912415e-03
   7.5000000000000000e+01   2.4316720664501190e-03
   7.6000000000000000e+01   2.4449550546705723e-03
   7.7000000000000000e+01   2.4309044238179922e-03
   7.8000000000000000e+01   2.4314085021615028e-03
   7.9000000000000000e+01   2.3937576916068792e-03
   8.0000000000000000e+01   2.4131839163601398e-03
   8.1000000000000000e+01   2.4090488441288471e-03
   8.2000000000000000e+01   2.3568130563944578e-03
   8.3000000000000000e+01   2.3465713020414114e-03
   8.4000000000000000e+01   2.3297825828194618e-03
   8.5000000000000000e+01   2.3363430518656969e-03
   8.6000000000000000e+01   2.3480807431042194e-03
   8.7000000000000000e+01   2.3427167907357216e-03
   8.8000000000000000e+01   2.2942707873880863e-03
   8.9000000000000000e+01   2.2867813240736723e-03
   9.0000000000000000e+01   2.2595187183469534e-03
   9.1000000000000000e+01   2.2453109268099070e-03
   9.2000000000000000e+01   2.2208781447261572e-03
   9.3000000000000000e+01   2.2031916305422783e-03
   9.4000000000000000e+01   2.2232821211218834e-03
   9.5000000000000000e+01   2.2000793833285570e-03
   9.6000000000000000e+01   2.1772102918475866e-03
   9.7000000000000000e+01   2.1480775903910398e-03
   9.8000000000000000e+01   2.1540883462876081e-03
   9.9000000000000000e+01   2.1566310897469521e-03
   1.0000000000000000e+02   2.1357091609388590e-03
   1.0100000000000000e+02   2.1172573324292898e-03
   1.0200000000000000e+02   2.1256050094962120e-03
   1.0300000000000000e+02   2.1497074048966169e-03
   1.0400000000000000e+02   2.1236860193312168e-03
   1.0500000000000000e+02   2.1329128649085760e-03
   1.0600000000000000e+02   2.1195863373577595e-03
   1.0700000000000000e+02   2.1287286654114723e-03
   1.0800000000000000e+02   2.1410477347671986e-03
   1.0900000000000000e+02   2.0925886929035187e-03
   1.1000000000000000e+02   2.0681540481746197e-03
   1.1100000000000000e+02   2.0157538820058107e-03
   1.1200000000000000e+02   1.9938165787607431e-03
   1.1300000000000000e+02   1.9838730804622173e-03
   1.1400000000000000e+02   1.9521225476637483e-03
   1.1500000000000000e+02   1.9093466689810157e-03
   1.1600000000000000e+02   1.8884638557210565e-03
   1.1700000000000000e+02   1.8626420060172677e-03
   1.1800000000000000e+02   1.8189764814451337e-03
   1.1900000000000000e+02   1.8206170061603189e-03
   1.2000000000000000e+02   1.7917455406859517e-03
   1.2100000000000000e+02   1.7649385845288634e-03
   1.2200000000000000e+02   1.7381714424118400e-03
   1.2300000000000000e+02   1.6821869648993015e-03
   1.2400000000000000e+02   6.2026172876358032e-02
   1.2500000000000000e+02   6.6673420369625092e-02
   1.2600000000000000e+02   7.1235291659832001e-02
   1.2700000000000000e+02   7.5812727212905884e-02
   1.2800000000000000e+02   8.0433569848537445e-02
   1.2900000000000000e+02   8.4858469665050507e-02
   1.3000000000000000e+02   8.9201517403125763e-02
   1.3100000000000000e+02   9.3404673039913177e-02
   1.3200000000000000e+02   1.0165371000766754e-01
   1.3300000000000000e+02   1.0992871224880219e-01
   1.3400000000000000e+02   1.1787393689155579e-01
   1.3500000000000000e+02   1.2570284307003021e-01
   1.3600000000000000e+02   1.3287696242332458e-01
   1.3700000000000000e+02   1.3970217108726501e-01
   1.3800000000000000e+02   1.4620397984981537e-01
   1.3900000000000000e+02   1.5196743607521057e-01
   1.4000000000000000e+02   1.5705753862857819e-01
   1.4100000000000000e+02   1.6162917017936707e-01
   1.4200000000000000e+02   1.6545465588569641e-01
   1.4300000000000000e+02   1.6861127316951752e-01
   1.4400000000000000e+02   1.7137384414672852e-01
   1.4500000000000000e+02   1.7355479300022125e-01
   1.4600000000000000e+02   1.7522631585597992e-01
   1.4700000000000000e+02   1.7633199691772461e-01
   1.4800000000000000e+02   1.7692011594772339e-01
   1.4900000000000000e+02   1.7726236581802368e-01
   1.5000000000000000e+02   1.7719984054565430e-01
   1.5100000000000000e+02   1.7689903080463409e-01
   1.5200000000000000e+02   1.7624716460704803e-01
   1.5300000000000000e+02   1.7540843784809113e-01
   1.5400000000000000e+02   1.7439965903759003e-01
   1.5500000000000000e+02   1.7312453687191010e-01
   1.5600000000000000e+02   1.7172391712665558e-01
   1.5700000000000000e+02   1.7029346525669098e-01
   1.5800000000000000e+02   1.6881364583969116e-01
   1.5900000000000000e+02   1.6718710958957672e-01
   1.6000000000000000e+02   1.6555383801460266e-01
   1.6100000000000000e+02   1.6369444131851196e-01
   1.6200000000000000e+02   1.6181746125221252e-01
   1.6300000000000000e+02   1.5994749963283539e-01
   1.6400000000000000e+02   1.5802603960037231e-01
   1.6500000000000000e+02   1.5607911348342896e-01
   1.6600000000000000e+02   1.5430968999862671e-01
   1.6700000000000000e+02   1.5236087143421173e-01
   1.6800000000000000e+02   1.5033459663391113e-01
   1.6900000000000000e+02   1.4849500358104706e-01
   1.7000000000000000e+02   1.4660756289958954e-01
   1.7100000000000000e+02   1.4477628469467163e-01
   1.7200000000000000e+02   1.4303795993328094e-01
   1.7300000000000000e+02   1.4114210009574890e-01
   1.7400000000000000e+02   1.3924464583396912e-01
   1.7500000000000000e+02   1.3734510540962219e-01
   1.7600000000000000e+02   1.3547945022583008e-01
   1.7700000000000000e+02   1.3373258709907532e-01
   1.7800000000000000e+02   1.3197718560695648e-01
   1.7900000000000000e+02   1.3012528419494629e-01
   1.8000000000000000e+02   1.2838679552078247e-01
   1.8100000000000000e+02   1.2650272250175476e-01
   1.8200000000000000e+02   1.2475267797708511e-01
   1.8300000000000000e+02   1.2297806888818741e-01
   1.8400000000000000e+02   1.2124435603618622e-01
   1.8500000000000000e+02   1.1956378072500229e-01
   1.8600000000000000e+02   1.1789207160472870e-01
   1.8700000000000000e+02   1.1610677093267441e-01
   1.8800000000000000e+02   1.1441864073276520e-01
   1.8900000000000000e+02   1.1273215711116791e-01
   1.9000000000000000e+02   1.1099912226200104e-01
   1.9100000000000000e+02   1.0950524359941483e-01
   1.9200000000000000e+02   1.0789008438587189e-01
   1.9300000000000000e+02   1.0638088732957840e-01
   1.9400000000000000e+02   1.0482332110404968e-01
   1.9500000000000000e+02   1.0320734977722168e-01
   1.9600000000000000e+02   1.0166735947132111e-01
   1.9700000000000000e+02   1.0015646368265152e-01
   1.9800000000000000e+02   9.8641440272331238e-02
   1.9900000000000000e+02   9.7074232995510101e-02
   2.0000000000000000e+02   9.5602400600910187e-02
   2.0100000000000000e+02   9.4010397791862488e-02
   2.0200000000000000e+02   9.2613428831100464e-02
   2.0300000000000000e+02   9.1297775506973267e-02
   2.0400000000000000e+02   8.9949868619441986e-02
   2.0500000000000000e+02   8.8604621589183807e-02
   2.0600000000000000e+02   8.7215304374694824e-02
   2.0700000000000000e+02   8.5882268846035004e-02
   2.0800000000000000e+02   8.4433503448963165e-02
   2.0900000000000000e+02   8.3151735365390778e-02
   2.1000000000000000e+02   8.1979550421237946e-02
   2.1100000000000000e+02   8.0699905753135681e-02
   2.1200000000000000e+02   7.9401507973670959e-02
   2.1300000000000000e+02   7.8124620020389557e-02
   2.1400000000000000e+02   7.6941162347793579e-02
   2.1500000000000000e+02   7.5721636414527893e-02
   2.1600000000000000e+02   7.4572890996932983e-02
   2.1700000000000000e+02   7.3370821774005890e-02
   2.1800000000000000e+02   7.2125963866710663e-02
   2.1900000000000000e+02   7.0932522416114807e-02
   2.2000000000000000e+02   6.9838687777519226e-02
   2.2100000000000000e+02   6.8710647523403168e-02
   2.2200000000000000e+02   6.7610129714012146e-02
   2.2300000000000000e+02   6.6602341830730438e-02
   2.2400000000000000e+02   6.5503887832164764e-02
   2.2500000000000000e+02   6.4483784139156342e-02
   2.2600000000000000e+02   6.3533231616020203e-02
   2.2700000000000000e+02   6.2563195824623108e-02
   2.2800000000000000e+02   6.1553124338388443e-02
   2.2900000000000000e+02   6.0564670711755753e-02
   2.3000000000000000e+02   5.9629213064908981e-02
   2.3100000000000000e+02   5.8637056499719620e-02
   2.3200000000000000e+02   5.7626176625490189e-02
   2.3300000000000000e+02   5.6603968143463135e-02
   2.3400000000000000e+02   5.5633969604969025e-02
   2.3500000000000000e+02   5.4576802998781204e-02
   2.3600000000000000e+02   5.3593184798955917e-02
   2.3700000000000000e+02   5.2614830434322357e-02
   2.3800000000000000e+02   5.1674496382474899e-02
   2.3900000000000000e+02   5.0733923912048340e-02
   2.4000000000000000e+02   4.9752708524465561e-02
   2.4100000000000000e+02   4.8701927065849304e-02
   2.4200000000000000e+02   4.7704599797725677e-02
   2.4300000000000000e+02   4.6847991645336151e-02
   2.4400000000000000e+02   4.5847792178392410e-02
   2.4500000000000000e+02   4.4913891702890396e-02
   2.4600000000000000e+02   4.4017132371664047e-02
   2.4700000000000000e+02   4.3075103312730789e-02
   2.4800000000000000e+02   4.2183656245470047e-02
   2.4900000000000000e+02   4.1341502219438553e-02
   2.5000000000000000e+02   4.0498241782188416e-02
   2.5100000000000000e+02   3.9638306945562363e-02
   2.5200000000000000e+02   3.8750391453504562e-02
   2.5300000000000000e+02   3.7833113223314285e-02
   2.5400000000000000e+02   3.7011805921792984e-02
   2.5500000000000000e+02   3.6064881831407547e-02
   2.5600000000000000e+02   3.5193096846342087e-02
   2.5700000000000000e+02   3.4358516335487366e-02
   2.5800000000000000e+02   3.3473815768957138e-02
   2.5900000000000000e+02   3.2706577330827713e-02
   2.6000000000000000e+02   3.1818013638257980e-02
   2.6100000000000000e+02   3.0973872169852257e-02
   2.6200000000000000e+02   3.0184004455804825e-02
   2.6300000000000000e+02   2.9392208904027939e-02
   2.6400000000000000e+02   2.8582779690623283e-02
   2.6500000000000000e+02   2.7778336778283119e-02
   2.6600000000000000e+02   2.7026293799281120e-02
   2.6700000000000000e+02   2.6335978880524635e-02
   2.6800000000000000e+02   2.5627560913562775e-02
   2.6900000000000000e+02   2.4892000481486320e-02
   2.7000000000000000e+02   2.4232719093561172e-02
   2.7100000000000000e+02   2.3572143167257309e-02
   2.7200000000000000e+02   2.2822005674242973e-02
   2.7300000000000000e+02   2.2178441286087036e-02
   2.7400000000000000e+02   2.1552618592977524e-02
   2.7500000000000000e+02   2.0900588482618332e-02
   2.7600000000000000e+02   2.0327581092715263e-02
   2.7700000000000000e+02   1.9615579396486282e-02
   2.7800000000000000e+02   1.9055997952818871e-02
   2.7900000000000000e+02   1.8446749076247215e-02
   2.8000000000000000e+02   1.7837805673480034e-02
   2.8100000000000000e+02   1.7221428453922272e-02
   2.8200000000000000e+02   1.6665959730744362e-02
   2.8300000000000000e+02   1.6093827784061432e-02
   2.8400000000000000e+02   1.5515190549194813e-02
   2.8500000000000000e+02   1.4939616434276104e-02
   2.8600000000000000e+02   1.4414993114769459e-02
   2.8700000000000000e+02   1.3996890746057034e-02
   2.8800000000000000e+02   1.3630997389554977e-02
   2.8900000000000000e+02   1.3232722878456116e-02
   2.9000000000000000e+02   1.2867084704339504e-02
   2.9100000000000000e+02   1.2431294657289982e-02
   2.9200000000000000e+02   1.2197128497064114e-02
   2.9300000000000000e+02   1.1803610250353813e-02
   2.9400000000000000e+02   1.1543093249201775e-02
   2.9500000000000000e+02   1.1225935071706772e-02
   2.9600000000000000e+02   1.0875669308006763e-02
   2.9700000000000000e+02   1.0529581457376480e-02
   2.9800000000000000e+02   1.0244076140224934e-02
   2.9900000000000000e+02   9.9715143442153931e-03
   3.0000000000000000e+02   9.7565613687038422e-03
