   1.0000000000000000e+00   2.1841490524820983e-04
   2.0000000000000000e+00   2.2242491832002997e-04
   3.0000000000000000e+00   2.2876488219480962e-04
   4.0000000000000000e+00   2.3095378128346056e-04
   5.0000000000000000e+00   2.3159559350460768e-04
   6.0000000000000000e+00   2.3299269378185272e-04
   7.0000000000000000e+00   2.3705189232714474e-04
   8.0000000000000000e+00   2.4027423933148384e-04
   9.0000000000000000e+00   2.3732600675430149e-04
   1.0000000000000000e+01   2.4013727670535445e-04
   1.1000000000000000e+01   2.4300317454617471e-04
   1.2000000000000000e+01   2.5210017338395119e-04
   1.3000000000000000e+01   2.6276017888449132e-04
   1.4000000000000000e+01   2.7382973348721862e-04
   1.5000000000000000e+01   2.8496386948972940e-04
   1.6000000000000000e+01   2.9031361918896437e-04
   1.7000000000000000e+01   2.9615953098982573e-04
   1.8000000000000000e+01   2.9468591674230993e-04
   1.9000000000000000e+01   3.0322765815071762e-04
   2.0000000000000000e+01   3.1056461739353836e-04
   2.1000000000000000e+01   3.1834578840062022e-04
   2.2000000000000000e+01   3.2029196154326200e-04
   2.3000000000000000e+01   3.2052586902864277e-04
   2.4000000000000000e+01   3.2171199563890696e-04
   2.5000000000000000e+01   3.2385633676312864e-04
   2.6000000000000000e+01   3.2821868080645800e-04
   2.7000000000000000e+01   3.2672920497134328e-04
   2.8000000000000000e+01   3.2185905729420483e-04
   2.9000000000000000e+01   3.2228342024609447e-04
   3.0000000000000000e+01   3.2109246239997447e-04
   3.1000000000000000e+01   3.1970694544725120e-04
   3.2000000000000000e+01   3.2034199102781713e-04
   3.3000000000000000e+01   3.1868615769781172e-04
   3.4000000000000000e+01   3.0812979093752801e-04
   3.5000000000000000e+01   3.0336779309436679e-04
   3.6000000000000000e+01   2.9352412093430758e-04
   3.7000000000000000e+01   2.8471861151047051e-04
   3.8000000000000000e+01   2.7904642047360539e-04
   3.9000000000000000e+01   2.7163710910826921e-04
   4.0000000000000000e+01   2.6682004681788385e-04
   4.1000000000000000e+01   2.6126235025003552e-04
   4.2000000000000000e+01   2.5428537628613412e-04
   4.3000000000000000e+01   2.5062874192371964e-04
   4.4000000000000000e+01   2.4349158047698438e-04
   4.5000000000000000e+01   2.3693374532740563e-04
   4.6000000000000000e+01   2.2958287445362657e-04
   4.7000000000000000e+01   2.1793368796352297e-04
   4.8000000000000000e+01   2.1252266014926136e-04
   4.9000000000000000e+01   2.0903030235785991e-04
   5.0000000000000000e+01   1.9955045718234032e-04
   5.1000000000000000e+01   1.9782973686233163e-04
   5.2000000000000000e+01   1.9735255045816302e-04
   5.3000000000000000e+01   1.8999092571903020e-04
   5.4000000000000000e+01   1.8404681759420782e-04
   5.5000000000000000e+01   1.7501725233159959e-04
   5.6000000000000000e+01   1.6349265933968127e-04
   5.7000000000000000e+01   1.5300969243980944e-04
   5.8000000000000000e+01   1.4356496103573591e-04
   5.9000000000000000e+01   1.3147745630703866e-04
   6.0000000000000000e+01   1.2272270396351814e-04
   6.1000000000000000e+01   1.1350659769959748e-04
   6.2000000000000000e+01   1.0425313666928560e-04
   6.3000000000000000e+01   9.5782539574429393e-05
   6.4000000000000000e+01   8.7508728029206395e-05
   6.5000000000000000e+01   8.0511956184636801e-05
   6.6000000000000000e+01   7.0616879384033382e-05
   6.7000000000000000e+01   6.0894446505699307e-05
   6.8000000000000000e+01   5.6303029850823805e-05
   6.9000000000000000e+01   5.2668860007543117e-05
   7.0000000000000000e+01   4.6810426283627748e-05
   7.1000000000000000e+01   4.4332911784294993e-05
   7.2000000000000000e+01   4.0955594158731401e-05
   7.3000000000000000e+01   3.8099959056125954e-05
   7.4000000000000000e+01   3.5943703551311046e-05
   7.5000000000000000e+01   3.2072563044494018e-05
   7.6000000000000000e+01   2.9709157388424501e-05
   7.7000000000000000e+01   2.8385260520735756e-05
   7.8000000000000000e+01   2.7192641937290318e-05
   7.9000000000000000e+01   2.5211526008206420e-05
   8.0000000000000000e+01   2.4083139578578994e-05
   8.1000000000000000e+01   2.1987159925629385e-05
   8.2000000000000000e+01   2.0522731574601494e-05
   8.3000000000000000e+01   1.9818782675429247e-05
   8.4000000000000000e+01   1.8173355783801526e-05
   8.5000000000000000e+01   1.7238246073247865e-05
   8.6000000000000000e+01   1.6006313671823591e-05
   8.7000000000000000e+01   1.5237190382322297e-05
   8.8000000000000000e+01   1.3299248166731559e-05
   8.9000000000000000e+01   1.2262399650353473e-05
   9.0000000000000000e+01   1.1364533747837413e-05
   9.1000000000000000e+01   1.0481114259164315e-05
   9.2000000000000000e+01   9.6898129413602874e-06
   9.3000000000000000e+01   9.1319470811868086e-06
   9.4000000000000000e+01   8.4211360444896854e-06
   9.5000000000000000e+01   7.7862196121714078e-06
   9.6000000000000000e+01   7.1733156801201403e-06
   9.7000000000000000e+01   6.7371715886110906e-06
   9.8000000000000000e+01   6.1086070672899950e-06
   9.9000000000000000e+01   5.8148821153736208e-06
   1.0000000000000000e+02   5.4546267165278550e-06
   1.0100000000000000e+02   5.0950307013408747e-06
   1.0200000000000000e+02   4.9438253881817218e-06
   1.0300000000000000e+02   4.7960911615518853e-06
   1.0400000000000000e+02   4.6667978494951967e-06
   1.0500000000000000e+02   4.4146609070594423e-06
   1.0600000000000000e+02   4.1497141864965670e-06
   1.0700000000000000e+02   3.9594779082108289e-06
   1.0800000000000000e+02   3.8150624277477618e-06
   1.0900000000000000e+02   3.6092508253204869e-06
   1.1000000000000000e+02   3.5717703212867491e-06
   1.1100000000000000e+02   3.4935203530039871e-06
   1.1200000000000000e+02   3.3324920423183357e-06
   1.1300000000000000e+02   3.2168061352422228e-06
   1.1400000000000000e+02   3.1066638257470913e-06
   1.1500000000000000e+02   3.0641540433862247e-06
   1.1600000000000000e+02   2.9416655706882011e-06
   1.1700000000000000e+02   2.8636177376029082e-06
   1.1800000000000000e+02   2.8105453111493262e-06
   1.1900000000000000e+02   2.7588623652263777e-06
   1.2000000000000000e+02   2.8250135528651299e-06
   1.2100000000000000e+02   3.0314618015836459e-06
   1.2200000000000000e+02   3.0870191949361470e-06
   1.2300000000000000e+02   3.2818550153024262e-06
   1.2400000000000000e+02   3.8506050259456970e-06
   1.2500000000000000e+02   4.3800891944556497e-06
   1.2600000000000000e+02   4.9130626393889543e-06
   1.2700000000000000e+02   5.8152622841589618e-06
   1.2800000000000000e+02   7.0181913542910479e-06
   1.2900000000000000e+02   8.7575599536648951e-06
   1.3000000000000000e+02   1.0338907486584503e-05
   1.3100000000000000e+02   1.2828438229917083e-05
   1.3200000000000000e+02   1.6200812751776539e-05
   1.3300000000000000e+02   1.8943839677376673e-05
   1.3400000000000000e+02   2.4028560801525600e-05
   1.3500000000000000e+02   3.0457526008831337e-05
   1.3600000000000000e+02   3.9737813494866714e-05
   1.3700000000000000e+02   4.8361496737925336e-05
   1.3800000000000000e+02   5.9246471209917217e-05
   1.3900000000000000e+02   7.1276568633038551e-05
   1.4000000000000000e+02   8.2271864812355489e-05
   1.4100000000000000e+02   9.7292730060871691e-05
   1.4200000000000000e+02   1.1550922499736771e-04
   1.4300000000000000e+02   1.3899574696552008e-04
   1.4400000000000000e+02   1.6568880528211594e-04
   1.4500000000000000e+02   1.9024146604351699e-04
   1.4600000000000000e+02   2.1786087017972022e-04
   1.4700000000000000e+02   2.4847139138728380e-04
   1.4800000000000000e+02   2.8553820447996259e-04
   1.4900000000000000e+02   3.1627828138880432e-04
   1.5000000000000000e+02   3.5296491114422679e-04
   1.5100000000000000e+02   3.8937359931878746e-04
   1.5200000000000000e+02   4.2072052019648254e-04
   1.5300000000000000e+02   4.5666983351111412e-04
   1.5400000000000000e+02   4.9443240277469158e-04
   1.5500000000000000e+02   5.4074649233371019e-04
   1.5600000000000000e+02   5.9228215832263231e-04
   1.5700000000000000e+02   6.3603842863813043e-04
   1.5800000000000000e+02   6.8161753006279469e-04
   1.5900000000000000e+02   7.3391670593991876e-04
   1.6000000000000000e+02   7.9341378295794129e-04
   1.6100000000000000e+02   8.4816553862765431e-04
   1.6200000000000000e+02   9.0684532187879086e-04
   1.6300000000000000e+02   9.5063424669206142e-04
   1.6400000000000000e+02   1.0302810696884990e-03
   1.6500000000000000e+02   1.1301040649414062e-03
   1.6600000000000000e+02   1.2276079505681992e-03
   1.6700000000000000e+02   1.3276480603963137e-03
   1.6800000000000000e+02   1.4410024741664529e-03
   1.6900000000000000e+02   1.5526475617662072e-03
   1.7000000000000000e+02   1.6860099276527762e-03
   1.7100000000000000e+02   1.8504235194995999e-03
   1.7200000000000000e+02   1.9826265051960945e-03
   1.7300000000000000e+02   2.1250357385724783e-03
   1.7400000000000000e+02   2.3167547769844532e-03
   1.7500000000000000e+02   2.5051571428775787e-03
   1.7600000000000000e+02   2.6897818315774202e-03
   1.7700000000000000e+02   2.9058365616947412e-03
   1.7800000000000000e+02   3.1660562381148338e-03
   1.7900000000000000e+02   3.4151868894696236e-03
   1.8000000000000000e+02   3.6763793323189020e-03
   1.8100000000000000e+02   3.9302450604736805e-03
   1.8200000000000000e+02   4.2905816808342934e-03
   1.8300000000000000e+02   4.6344962902367115e-03
   1.8400000000000000e+02   5.0295842811465263e-03
   1.8500000000000000e+02   5.3954888135194778e-03
   1.8600000000000000e+02   5.7766824029386044e-03
   1.8700000000000000e+02   6.1857854016125202e-03
   1.8800000000000000e+02   6.7627974785864353e-03
   1.8900000000000000e+02   7.3203667998313904e-03
   1.9000000000000000e+02   7.8599257394671440e-03
   1.9100000000000000e+02   8.6551886051893234e-03
   1.9200000000000000e+02   9.3485200777649879e-03
   1.9300000000000000e+02   1.0032346472144127e-02
   1.9400000000000000e+02   1.0804345831274986e-02
   1.9500000000000000e+02   1.1668452993035316e-02
   1.9600000000000000e+02   1.2658102437853813e-02
   1.9700000000000000e+02   1.3670173473656178e-02
   1.9800000000000000e+02   1.4832606539130211e-02
   1.9900000000000000e+02   1.5815334394574165e-02
   2.0000000000000000e+02   1.6965446993708611e-02
   2.0100000000000000e+02   1.8096355721354485e-02
   2.0200000000000000e+02   1.9423479214310646e-02
   2.0300000000000000e+02   2.0614784210920334e-02
   2.0400000000000000e+02   2.1828373894095421e-02
   2.0500000000000000e+02   2.3176472634077072e-02
   2.0600000000000000e+02   2.4499140679836273e-02
   2.0700000000000000e+02   2.5719191879034042e-02
   2.0800000000000000e+02   2.7189325541257858e-02
   2.0900000000000000e+02   2.8565622866153717e-02
   2.1000000000000000e+02   3.0092716217041016e-02
   2.1100000000000000e+02   3.1536389142274857e-02
   2.1200000000000000e+02   3.2843865454196930e-02
   2.1300000000000000e+02   3.4178894013166428e-02
   2.1400000000000000e+02   3.5644669085741043e-02
   2.1500000000000000e+02   3.7143666297197342e-02
   2.1600000000000000e+02   3.8784369826316833e-02
   2.1700000000000000e+02   4.0313329547643661e-02
   2.1800000000000000e+02   4.1784942150115967e-02
   2.1900000000000000e+02   4.3489597737789154e-02
   2.2000000000000000e+02   4.4688429683446884e-02
   2.2100000000000000e+02   4.6114183962345123e-02
   2.2200000000000000e+02   4.7846257686614990e-02
   2.2300000000000000e+02   4.9263644963502884e-02
   2.2400000000000000e+02   5.0974071025848389e-02
   2.2500000000000000e+02   5.2317891269922256e-02
   2.2600000000000000e+02   5.3683359175920486e-02
   2.2700000000000000e+02   5.5335029959678650e-02
   2.2800000000000000e+02   5.6729435920715332e-02
   2.2900000000000000e+02   5.8218490332365036e-02
   2.3000000000000000e+02   5.9361454099416733e-02
   2.3100000000000000e+02   6.0508731752634048e-02
   2.3200000000000000e+02   6.1445631086826324e-02
   2.3300000000000000e+02   6.2457777559757233e-02
   2.3400000000000000e+02   6.3509225845336914e-02
   2.3500000000000000e+02   6.4995951950550079e-02
   2.3600000000000000e+02   6.5574303269386292e-02
   2.3700000000000000e+02   6.6375933587551117e-02
   2.3800000000000000e+02   6.7767113447189331e-02
   2.3900000000000000e+02   6.8530105054378510e-02
   2.4000000000000000e+02   6.9274097681045532e-02
   2.4100000000000000e+02   7.0104666054248810e-02
   2.4200000000000000e+02   7.0657543838024139e-02
   2.4300000000000000e+02   7.1119591593742371e-02
   2.4400000000000000e+02   7.1695767343044281e-02
   2.4500000000000000e+02   7.2102673351764679e-02
   2.4600000000000000e+02   7.2550922632217407e-02
   2.4700000000000000e+02   7.3273822665214539e-02
   2.4800000000000000e+02   7.3951199650764465e-02
   2.4900000000000000e+02   7.4020422995090485e-02
   2.5000000000000000e+02   7.4255101382732391e-02
   2.5100000000000000e+02   7.5083225965499878e-02
   2.5200000000000000e+02   7.5228027999401093e-02
   2.5300000000000000e+02   7.5130343437194824e-02
   2.5400000000000000e+02   7.4788838624954224e-02
   2.5500000000000000e+02   7.5021825730800629e-02
   2.5600000000000000e+02   7.5285233557224274e-02
   2.5700000000000000e+02   7.4936009943485260e-02
   2.5800000000000000e+02   7.5174115598201752e-02
   2.5900000000000000e+02   7.5278051197528839e-02
   2.6000000000000000e+02   7.5761586427688599e-02
   2.6100000000000000e+02   7.5739942491054535e-02
   2.6200000000000000e+02   7.5729377567768097e-02
   2.6300000000000000e+02   7.5892947614192963e-02
   2.6400000000000000e+02   7.6124057173728943e-02
   2.6500000000000000e+02   7.6104134321212769e-02
   2.6600000000000000e+02   7.5660914182662964e-02
   2.6700000000000000e+02   7.5554259121417999e-02
   2.6800000000000000e+02   7.5202718377113342e-02
   2.6900000000000000e+02   7.5511179864406586e-02
   2.7000000000000000e+02   7.5031273066997528e-02
   2.7100000000000000e+02   7.4629895389080048e-02
   2.7200000000000000e+02   7.5024925172328949e-02
   2.7300000000000000e+02   7.4705608189105988e-02
   2.7400000000000000e+02   7.4525378644466400e-02
   2.7500000000000000e+02   7.4376180768013000e-02
   2.7600000000000000e+02   7.4093274772167206e-02
   2.7700000000000000e+02   7.3660865426063538e-02
   2.7800000000000000e+02   7.2989597916603088e-02
   2.7900000000000000e+02   7.2890155017375946e-02
   2.8000000000000000e+02   7.2188720107078552e-02
   2.8100000000000000e+02   7.2245173156261444e-02
   2.8200000000000000e+02   7.1997717022895813e-02
   2.8300000000000000e+02   7.1649923920631409e-02
   2.8400000000000000e+02   7.1221619844436646e-02
   2.8500000000000000e+02   7.1157582104206085e-02
   2.8600000000000000e+02   7.0568002760410309e-02
   2.8700000000000000e+02   7.0055522024631500e-02
   2.8800000000000000e+02   6.9822236895561218e-02
   2.8900000000000000e+02   6.9391444325447083e-02
   2.9000000000000000e+02   6.8554945290088654e-02
   2.9100000000000000e+02   6.8051129579544067e-02
   2.9200000000000000e+02   6.7853190004825592e-02
   2.9300000000000000e+02   6.7223891615867615e-02
   2.9400000000000000e+02   6.6667601466178894e-02
   2.9500000000000000e+02   6.6764250397682190e-02
   2.9600000000000000e+02   6.6286683082580566e-02
   2.9700000000000000e+02   6.6112741827964783e-02
   2.9800000000000000e+02   6.5959677100181580e-02
   2.9900000000000000e+02   6.5746575593948364e-02
   3.0000000000000000e+02   6.5391652286052704e-02
