   1.0000000000000000e+00   2.5036491453647614e-02
   2.0000000000000000e+00   2.4843515828251839e-02
   3.0000000000000000e+00   2.4792607873678207e-02
   4.0000000000000000e+00   2.4747658520936966e-02
   5.0000000000000000e+00   2.4602012708783150e-02
   6.0000000000000000e+00   2.4578897282481194e-02
   7.0000000000000000e+00   2.4410422891378403e-02
   8.0000000000000000e+00   2.4406315758824348e-02
   9.0000000000000000e+00   2.4422157555818558e-02
   1.0000000000000000e+01   2.4360740557312965e-02
   1.1000000000000000e+01   2.4312423542141914e-02
   1.2000000000000000e+01   2.4248480796813965e-02
   1.3000000000000000e+01   2.4155018851161003e-02
   1.4000000000000000e+01   2.4122739210724831e-02
   1.5000000000000000e+01   2.3838570341467857e-02
   1.6000000000000000e+01   2.3610811680555344e-02
   1.7000000000000000e+01   2.3536061868071556e-02
   1.8000000000000000e+01   2.3292753845453262e-02
   1.9000000000000000e+01   2.3052476346492767e-02
   2.0000000000000000e+01   2.2818645462393761e-02
   2.1000000000000000e+01   2.2759905084967613e-02
   2.2000000000000000e+01   2.2660987451672554e-02
   2.3000000000000000e+01   2.2315399721264839e-02
   2.4000000000000000e+01   2.1931525319814682e-02
   2.5000000000000000e+01   2.1778548136353493e-02
   2.6000000000000000e+01   2.1467622369527817e-02
   2.7000000000000000e+01   2.1270344033837318e-02
   2.8000000000000000e+01   2.1150071173906326e-02
   2.9000000000000000e+01   2.0871425047516823e-02
   3.0000000000000000e+01   2.0676964893937111e-02
   3.1000000000000000e+01   2.0601209253072739e-02
   3.2000000000000000e+01   2.0345525816082954e-02
   3.3000000000000000e+01   2.0133407786488533e-02
   3.4000000000000000e+01   1.9974470138549805e-02
   3.5000000000000000e+01   1.9911861047148705e-02
   3.6000000000000000e+01   1.9562968984246254e-02
   3.7000000000000000e+01   1.9399767741560936e-02
   3.8000000000000000e+01   1.9243292510509491e-02
   3.9000000000000000e+01   1.9167482852935791e-02
   4.0000000000000000e+01   1.9027948379516602e-02
   4.1000000000000000e+01   1.8898732960224152e-02
   4.2000000000000000e+01   1.8629802390933037e-02
   4.3000000000000000e+01   1.8354697152972221e-02
   4.4000000000000000e+01   1.8204297870397568e-02
   4.5000000000000000e+01   1.8088569864630699e-02
   4.6000000000000000e+01   1.7836030572652817e-02
   4.7000000000000000e+01   1.7660181969404221e-02
   4.8000000000000000e+01   1.7445463687181473e-02
   4.9000000000000000e+01   1.7215685918927193e-02
   5.0000000000000000e+01   1.7100544646382332e-02
   5.1000000000000000e+01   1.6835661605000496e-02
   5.2000000000000000e+01   1.6509803012013435e-02
   5.3000000000000000e+01   1.6290171071887016e-02
   5.4000000000000000e+01   1.6087459400296211e-02
   5.5000000000000000e+01   1.5880325809121132e-02
   5.6000000000000000e+01   1.5712186694145203e-02
   5.7000000000000000e+01   1.5557751990854740e-02
   5.8000000000000000e+01   1.5448761172592640e-02
   5.9000000000000000e+01   1.5286675654351711e-02
   6.0000000000000000e+01   1.5109640546143055e-02
   6.1000000000000000e+01   1.5050199814140797e-02
   6.2000000000000000e+01   1.4947439543902874e-02
   6.3000000000000000e+01   1.4962019398808479e-02
   6.4000000000000000e+01   1.4862879179418087e-02
   6.5000000000000000e+01   1.8105523660778999e-02
   6.6000000000000000e+01   1.9120851531624794e-02
   6.7000000000000000e+01   2.0066902041435242e-02
   6.8000000000000000e+01   2.1042067557573318e-02
   6.9000000000000000e+01   2.1991506218910217e-02
   7.0000000000000000e+01   2.2956402972340584e-02
   7.1000000000000000e+01   2.3924198001623154e-02
   7.2000000000000000e+01   2.5133211165666580e-02
   7.3000000000000000e+01   2.6948975399136543e-02
   7.4000000000000000e+01   2.8805265203118324e-02
   7.5000000000000000e+01   3.0515767633914948e-02
   7.6000000000000000e+01   3.2295353710651398e-02
   7.7000000000000000e+01   3.4023050218820572e-02
   7.8000000000000000e+01   3.5566408187150955e-02
   7.9000000000000000e+01   3.7218354642391205e-02
   8.0000000000000000e+01   3.8626264780759811e-02
   8.1000000000000000e+01   3.9779406040906906e-02
   8.2000000000000000e+01   4.1208066046237946e-02
   8.3000000000000000e+01   4.2443133890628815e-02
   8.4000000000000000e+01   4.3435741215944290e-02
   8.5000000000000000e+01   4.4378805905580521e-02
   8.6000000000000000e+01   4.5024618506431580e-02
   8.7000000000000000e+01   4.5390501618385315e-02
   8.8000000000000000e+01   4.5928180217742920e-02
   8.9000000000000000e+01   4.6284548938274384e-02
   9.0000000000000000e+01   4.6526085585355759e-02
   9.1000000000000000e+01   4.6705491840839386e-02
   9.2000000000000000e+01   4.6632748097181320e-02
   9.3000000000000000e+01   4.6347454190254211e-02
   9.4000000000000000e+01   4.6024322509765625e-02
   9.5000000000000000e+01   4.6063084155321121e-02
   9.6000000000000000e+01   4.5846272259950638e-02
   9.7000000000000000e+01   4.5530937612056732e-02
   9.8000000000000000e+01   4.5026242733001709e-02
   9.9000000000000000e+01   4.4615108519792557e-02
   1.0000000000000000e+02   4.4299975037574768e-02
   1.0100000000000000e+02   4.4188775122165680e-02
   1.0200000000000000e+02   4.4001813977956772e-02
   1.0300000000000000e+02   4.4017653912305832e-02
   1.0400000000000000e+02   4.3867580592632294e-02
   1.0500000000000000e+02   4.3873853981494904e-02
   1.0600000000000000e+02   4.3866261839866638e-02
   1.0700000000000000e+02   4.4102091342210770e-02
   1.0800000000000000e+02   4.4846415519714355e-02
   1.0900000000000000e+02   4.5626450330018997e-02
   1.1000000000000000e+02   4.6347223222255707e-02
   1.1100000000000000e+02   4.7513131052255630e-02
   1.1200000000000000e+02   4.8524301499128342e-02
   1.1300000000000000e+02   5.0065215677022934e-02
   1.1400000000000000e+02   5.1710590720176697e-02
   1.1500000000000000e+02   5.3319778293371201e-02
   1.1600000000000000e+02   5.4942846298217773e-02
   1.1700000000000000e+02   5.6759357452392578e-02
   1.1800000000000000e+02   5.8300435543060303e-02
   1.1900000000000000e+02   6.0378864407539368e-02
   1.2000000000000000e+02   6.2245883047580719e-02
   1.2100000000000000e+02   6.4225867390632629e-02
   1.2200000000000000e+02   6.6097818315029144e-02
   1.2300000000000000e+02   6.8029083311557770e-02
   1.2400000000000000e+02   6.9753482937812805e-02
   1.2500000000000000e+02   7.1415431797504425e-02
   1.2600000000000000e+02   7.3029272258281708e-02
   1.2700000000000000e+02   7.4567437171936035e-02
   1.2800000000000000e+02   7.5827106833457947e-02
   1.2900000000000000e+02   7.6771900057792664e-02
   1.3000000000000000e+02   7.8064948320388794e-02
   1.3100000000000000e+02   7.9521708190441132e-02
   1.3200000000000000e+02   8.0583743751049042e-02
   1.3300000000000000e+02   8.1491373479366302e-02
   1.3400000000000000e+02   8.2448273897171021e-02
   1.3500000000000000e+02   8.3551250398159027e-02
   1.3600000000000000e+02   8.4545724093914032e-02
   1.3700000000000000e+02   8.5825800895690918e-02
   1.3800000000000000e+02   8.6445353925228119e-02
   1.3900000000000000e+02   8.6971178650856018e-02
   1.4000000000000000e+02   8.7717942893505096e-02
   1.4100000000000000e+02   8.8229998946189880e-02
   1.4200000000000000e+02   8.8706575334072113e-02
   1.4300000000000000e+02   8.9293688535690308e-02
   1.4400000000000000e+02   9.0166933834552765e-02
   1.4500000000000000e+02   9.0349726378917694e-02
   1.4600000000000000e+02   9.0422466397285461e-02
   1.4700000000000000e+02   9.0546436607837677e-02
   1.4800000000000000e+02   9.1214627027511597e-02
   1.4900000000000000e+02   9.1431267559528351e-02
   1.5000000000000000e+02   9.1351948678493500e-02
   1.5100000000000000e+02   9.1200157999992371e-02
   1.5200000000000000e+02   9.0794041752815247e-02
   1.5300000000000000e+02   9.0897873044013977e-02
   1.5400000000000000e+02   9.1073855757713318e-02
   1.5500000000000000e+02   9.0703085064888000e-02
   1.5600000000000000e+02   9.0639866888523102e-02
   1.5700000000000000e+02   9.0538226068019867e-02
   1.5800000000000000e+02   9.0291745960712433e-02
   1.5900000000000000e+02   8.9825525879859924e-02
   1.6000000000000000e+02   8.9719057083129883e-02
   1.6100000000000000e+02   8.9398391544818878e-02
   1.6200000000000000e+02   8.9287377893924713e-02
   1.6300000000000000e+02   8.8694855570793152e-02
   1.6400000000000000e+02   8.8106557726860046e-02
   1.6500000000000000e+02   8.7913163006305695e-02
   1.6600000000000000e+02   8.7728880345821381e-02
   1.6700000000000000e+02   8.7344057857990265e-02
   1.6800000000000000e+02   8.6561657488346100e-02
   1.6900000000000000e+02   8.6048789322376251e-02
   1.7000000000000000e+02   8.5848219692707062e-02
   1.7100000000000000e+02   8.5406787693500519e-02
   1.7200000000000000e+02   8.4892444312572479e-02
   1.7300000000000000e+02   8.4482535719871521e-02
   1.7400000000000000e+02   8.3835721015930176e-02
   1.7500000000000000e+02   8.3132542669773102e-02
   1.7600000000000000e+02   8.2583993673324585e-02
   1.7700000000000000e+02   8.1803716719150543e-02
   1.7800000000000000e+02   8.1428751349449158e-02
   1.7900000000000000e+02   8.0955028533935547e-02
   1.8000000000000000e+02   8.0342359840869904e-02
   1.8100000000000000e+02   7.9743608832359314e-02
   1.8200000000000000e+02   7.9124584794044495e-02
   1.8300000000000000e+02   7.8650511801242828e-02
   1.8400000000000000e+02   7.8052192926406860e-02
   1.8500000000000000e+02   7.7441655099391937e-02
   1.8600000000000000e+02   7.6627768576145172e-02
   1.8700000000000000e+02   7.5909934937953949e-02
   1.8800000000000000e+02   7.5124695897102356e-02
   1.8900000000000000e+02   7.4848257005214691e-02
   1.9000000000000000e+02   7.4267245829105377e-02
   1.9100000000000000e+02   7.3647871613502502e-02
   1.9200000000000000e+02   7.3429845273494720e-02
   1.9300000000000000e+02   7.2832033038139343e-02
   1.9400000000000000e+02   7.2127476334571838e-02
   1.9500000000000000e+02   7.1541696786880493e-02
   1.9600000000000000e+02   7.0570699870586395e-02
   1.9700000000000000e+02   7.0136696100234985e-02
   1.9800000000000000e+02   6.9434858858585358e-02
   1.9900000000000000e+02   6.8996146321296692e-02
   2.0000000000000000e+02   6.8571075797080994e-02
   2.0100000000000000e+02   6.8178921937942505e-02
   2.0200000000000000e+02   6.7714340984821320e-02
   2.0300000000000000e+02   6.7067854106426239e-02
   2.0400000000000000e+02   6.6144205629825592e-02
   2.0500000000000000e+02   6.5546043217182159e-02
   2.0600000000000000e+02   6.5000198781490326e-02
   2.0700000000000000e+02   6.4131252467632294e-02
   2.0800000000000000e+02   6.3419826328754425e-02
   2.0900000000000000e+02   6.2957726418972015e-02
   2.1000000000000000e+02   6.2136258929967880e-02
   2.1100000000000000e+02   6.1861205846071243e-02
   2.1200000000000000e+02   6.1236843466758728e-02
   2.1300000000000000e+02   6.0611922293901443e-02
   2.1400000000000000e+02   5.9576861560344696e-02
   2.1500000000000000e+02   5.8590803295373917e-02
   2.1600000000000000e+02   5.7882081717252731e-02
   2.1700000000000000e+02   5.6979086250066757e-02
   2.1800000000000000e+02   5.6386958807706833e-02
   2.1900000000000000e+02   5.5905718356370926e-02
   2.2000000000000000e+02   5.5268354713916779e-02
   2.2100000000000000e+02   5.4455794394016266e-02
   2.2200000000000000e+02   5.3698491305112839e-02
   2.2300000000000000e+02   5.2964475005865097e-02
   2.2400000000000000e+02   5.2236009389162064e-02
   2.2500000000000000e+02   5.1752448081970215e-02
   2.2600000000000000e+02   5.0954572856426239e-02
   2.2700000000000000e+02   5.0289936363697052e-02
   2.2800000000000000e+02   4.9725670367479324e-02
   2.2900000000000000e+02   4.9567118287086487e-02
   2.3000000000000000e+02   4.9138888716697693e-02
   2.3100000000000000e+02   4.8446942120790482e-02
   2.3200000000000000e+02   4.8111446201801300e-02
   2.3300000000000000e+02   4.7526415437459946e-02
   2.3400000000000000e+02   4.7215126454830170e-02
   2.3500000000000000e+02   4.6839997172355652e-02
   2.3600000000000000e+02   4.6322587877511978e-02
   2.3700000000000000e+02   4.5814700424671173e-02
   2.3800000000000000e+02   4.5336585491895676e-02
   2.3900000000000000e+02   4.4770218431949615e-02
   2.4000000000000000e+02   4.4279973953962326e-02
   2.4100000000000000e+02   4.3636843562126160e-02
   2.4200000000000000e+02   4.2968295514583588e-02
   2.4300000000000000e+02   4.2528096586465836e-02
   2.4400000000000000e+02   4.1646458208560944e-02
   2.4500000000000000e+02   4.1152425110340118e-02
   2.4600000000000000e+02   4.0605843067169189e-02
   2.4700000000000000e+02   4.0062233805656433e-02
   2.4800000000000000e+02   3.9520885795354843e-02
   2.4900000000000000e+02   3.8775220513343811e-02
   2.5000000000000000e+02   3.8124393671751022e-02
   2.5100000000000000e+02   3.7649389356374741e-02
   2.5200000000000000e+02   3.7198919802904129e-02
   2.5300000000000000e+02   3.6919474601745605e-02
   2.5400000000000000e+02   3.6517642438411713e-02
   2.5500000000000000e+02   3.5935282707214355e-02
   2.5600000000000000e+02   3.5713195800781250e-02
   2.5700000000000000e+02   3.5321790724992752e-02
   2.5800000000000000e+02   3.4921877086162567e-02
   2.5900000000000000e+02   3.4837901592254639e-02
   2.6000000000000000e+02   3.4499220550060272e-02
   2.6100000000000000e+02   3.4193597733974457e-02
   2.6200000000000000e+02   3.3827621489763260e-02
   2.6300000000000000e+02   3.3553052693605423e-02
   2.6400000000000000e+02   3.3154558390378952e-02
   2.6500000000000000e+02   3.2784227281808853e-02
   2.6600000000000000e+02   3.2601553946733475e-02
   2.6700000000000000e+02   3.2475110143423080e-02
   2.6800000000000000e+02   3.2038468867540359e-02
   2.6900000000000000e+02   3.1886409968137741e-02
   2.7000000000000000e+02   3.1666573137044907e-02
   2.7100000000000000e+02   3.1359992921352386e-02
   2.7200000000000000e+02   3.1199114397168159e-02
   2.7300000000000000e+02   3.0921489000320435e-02
   2.7400000000000000e+02   3.0389087274670601e-02
   2.7500000000000000e+02   3.0019203200936317e-02
   2.7600000000000000e+02   2.9941404238343239e-02
   2.7700000000000000e+02   2.9717946425080299e-02
   2.7800000000000000e+02   2.9489347711205482e-02
   2.7900000000000000e+02   2.9321882873773575e-02
   2.8000000000000000e+02   2.9069745913147926e-02
   2.8100000000000000e+02   2.8797172009944916e-02
   2.8200000000000000e+02   2.8298471122980118e-02
   2.8300000000000000e+02   2.8061022982001305e-02
   2.8400000000000000e+02   2.8020404279232025e-02
   2.8500000000000000e+02   2.8042949736118317e-02
   2.8600000000000000e+02   2.7955535799264908e-02
   2.8700000000000000e+02   2.7718164026737213e-02
   2.8800000000000000e+02   2.7505965903401375e-02
   2.8900000000000000e+02   2.7410279959440231e-02
   2.9000000000000000e+02   2.7236582711338997e-02
   2.9100000000000000e+02   2.6901403442025185e-02
   2.9200000000000000e+02   2.6753950864076614e-02
   2.9300000000000000e+02   2.6534225791692734e-02
   2.9400000000000000e+02   2.6383183896541595e-02
   2.9500000000000000e+02   2.6203334331512451e-02
   2.9600000000000000e+02   2.6006203144788742e-02
   2.9700000000000000e+02   2.5974866002798080e-02
   2.9800000000000000e+02   2.5842670351266861e-02
   2.9900000000000000e+02   2.5454310700297356e-02
   3.0000000000000000e+02   2.5271646678447723e-02
