   1.0000000000000000e+00   2.0304813515394926e-03
   2.0000000000000000e+00   2.0260373130440712e-03
   3.0000000000000000e+00   1.9964647945016623e-03
   4.0000000000000000e+00   1.9881583284586668e-03
   5.0000000000000000e+00   1.9737430848181248e-03
   6.0000000000000000e+00   1.9517581677064300e-03
   7.0000000000000000e+00   1.9265923183411360e-03
   8.0000000000000000e+00   1.9162858370691538e-03
   9.0000000000000000e+00   1.9120243377983570e-03
   1.0000000000000000e+01   1.9004029454663396e-03
   1.1000000000000000e+01   1.8776877550408244e-03
   1.2000000000000000e+01   1.8554761772975326e-03
   1.3000000000000000e+01   1.8582948250696063e-03
   1.4000000000000000e+01   1.8891617655754089e-03
   1.5000000000000000e+01   1.9054455915465951e-03
   1.6000000000000000e+01   1.9176367204636335e-03
   1.7000000000000000e+01   1.9178860820829868e-03
   1.8000000000000000e+01   1.9657218363136053e-03
   1.9000000000000000e+01   1.9771249499171972e-03
   2.0000000000000000e+01   2.0304534118622541e-03
   2.1000000000000000e+01   2.0390825811773539e-03
   2.2000000000000000e+01   2.0541767589747906e-03
   2.3000000000000000e+01   2.0555902738124132e-03
   2.4000000000000000e+01   2.0806684624403715e-03
   2.5000000000000000e+01   2.1041631698608398e-03
   2.6000000000000000e+01   2.1444368176162243e-03
   2.7000000000000000e+01   2.2000723984092474e-03
   2.8000000000000000e+01   2.2313597146421671e-03
   2.9000000000000000e+01   2.2315648384392262e-03
   3.0000000000000000e+01   2.2317054681479931e-03
   3.1000000000000000e+01   2.2589375730603933e-03
   3.2000000000000000e+01   2.2720221895724535e-03
   3.3000000000000000e+01   2.2858672309666872e-03
   3.4000000000000000e+01   2.3282626643776894e-03
   3.5000000000000000e+01   2.3170697968453169e-03
   3.6000000000000000e+01   2.3538903333246708e-03
   3.7000000000000000e+01   2.4025519378483295e-03
   3.8000000000000000e+01   2.4286075495183468e-03
   3.9000000000000000e+01   2.4430374614894390e-03
   4.0000000000000000e+01   2.4905786849558353e-03
   4.1000000000000000e+01   2.5326202157884836e-03
   4.2000000000000000e+01   2.5338488630950451e-03
   4.3000000000000000e+01   2.5460543110966682e-03
   4.4000000000000000e+01   2.5759548880159855e-03
   4.5000000000000000e+01   2.5859421584755182e-03
   4.6000000000000000e+01   2.6319867465645075e-03
   4.7000000000000000e+01   2.6758697349578142e-03
   4.8000000000000000e+01   2.7248519472777843e-03
   4.9000000000000000e+01   2.7404949069023132e-03
   5.0000000000000000e+01   2.7997428551316261e-03
   5.1000000000000000e+01   2.8289193287491798e-03
   5.2000000000000000e+01   2.8246520087122917e-03
   5.3000000000000000e+01   2.8631475288420916e-03
   5.4000000000000000e+01   2.8996272012591362e-03
   5.5000000000000000e+01   2.9245610348880291e-03
   5.6000000000000000e+01   2.9684663750231266e-03
   5.7000000000000000e+01   2.9749141540378332e-03
   5.8000000000000000e+01   3.0104261822998524e-03
   5.9000000000000000e+01   3.0431938357651234e-03
   6.0000000000000000e+01   3.0910193454474211e-03
   6.1000000000000000e+01   3.0937765259295702e-03
   6.2000000000000000e+01   3.1329046469181776e-03
   6.3000000000000000e+01   3.1316766981035471e-03
   6.4000000000000000e+01   3.1786595936864614e-03
   6.5000000000000000e+01   3.1772623769938946e-03
   6.6000000000000000e+01   3.2257293350994587e-03
   6.7000000000000000e+01   3.2915498595684767e-03
   6.8000000000000000e+01   3.2828489784151316e-03
   6.9000000000000000e+01   3.3057315740734339e-03
   7.0000000000000000e+01   3.2927379943430424e-03
   7.1000000000000000e+01   3.2613277435302734e-03
   7.2000000000000000e+01   3.3287268597632647e-03
   7.3000000000000000e+01   3.3487372566014528e-03
   7.4000000000000000e+01   3.3601163886487484e-03
   7.5000000000000000e+01   3.3711646683514118e-03
   7.6000000000000000e+01   3.3768033608794212e-03
   7.7000000000000000e+01   3.3536651171743870e-03
   7.8000000000000000e+01   3.3515533432364464e-03
   7.9000000000000000e+01   3.3695145975798368e-03
   8.0000000000000000e+01   3.3999932929873466e-03
   8.1000000000000000e+01   3.4039269667118788e-03
   8.2000000000000000e+01   3.4039525780826807e-03
   8.3000000000000000e+01   3.4354561939835548e-03
   8.4000000000000000e+01   3.4050303511321545e-03
   8.5000000000000000e+01   3.4572337754070759e-03
   8.6000000000000000e+01   3.4995288588106632e-03
   8.7000000000000000e+01   3.4616407938301563e-03
   8.8000000000000000e+01   3.4369246568530798e-03
   8.9000000000000000e+01   3.4429943189024925e-03
   9.0000000000000000e+01   3.4500136971473694e-03
   9.1000000000000000e+01   3.4536558669060469e-03
   9.2000000000000000e+01   3.4990417771041393e-03
   9.3000000000000000e+01   3.4939427860081196e-03
   9.4000000000000000e+01   3.4813608508557081e-03
   9.5000000000000000e+01   3.4953542053699493e-03
   9.6000000000000000e+01   3.4806074108928442e-03
   9.7000000000000000e+01   3.4700320102274418e-03
   9.8000000000000000e+01   3.4917290322482586e-03
   9.9000000000000000e+01   3.5131236072629690e-03
   1.0000000000000000e+02   3.4846498165279627e-03
   1.0100000000000000e+02   3.4487762022763491e-03
   1.0200000000000000e+02   3.4662066027522087e-03
   1.0300000000000000e+02   3.4922859631478786e-03
   1.0400000000000000e+02   3.4837361890822649e-03
   1.0500000000000000e+02   3.4725836012512445e-03
   1.0600000000000000e+02   3.5019891802221537e-03
   1.0700000000000000e+02   3.5053279716521502e-03
   1.0800000000000000e+02   3.5330164246261120e-03
   1.0900000000000000e+02   3.5282007884234190e-03
   1.1000000000000000e+02   3.4897865261882544e-03
   1.1100000000000000e+02   3.5119177773594856e-03
   1.1200000000000000e+02   3.4968571271747351e-03
   1.1300000000000000e+02   3.4527168609201908e-03
   1.1400000000000000e+02   3.4797349944710732e-03
   1.1500000000000000e+02   3.5151797346770763e-03
   1.1600000000000000e+02   3.5119638778269291e-03
   1.1700000000000000e+02   3.5324282944202423e-03
   1.1800000000000000e+02   3.5295484121888876e-03
   1.1900000000000000e+02   3.5153592471033335e-03
   1.2000000000000000e+02   3.5417042672634125e-03
   1.2100000000000000e+02   3.5209218040108681e-03
   1.2200000000000000e+02   3.5157934762537479e-03
   1.2300000000000000e+02   3.4876568242907524e-03
   1.2400000000000000e+02   3.4617932979017496e-03
   1.2500000000000000e+02   3.4718967508524656e-03
   1.2600000000000000e+02   3.4662736579775810e-03
   1.2700000000000000e+02   3.4921301994472742e-03
   1.2800000000000000e+02   3.4925709478557110e-03
   1.2900000000000000e+02   3.4888586960732937e-03
   1.3000000000000000e+02   3.4393197856843472e-03
   1.3100000000000000e+02   3.4737975802272558e-03
   1.3200000000000000e+02   3.4862987231463194e-03
   1.3300000000000000e+02   3.5082921385765076e-03
   1.3400000000000000e+02   3.5576040390878916e-03
   1.3500000000000000e+02   3.5266063641756773e-03
   1.3600000000000000e+02   3.5495348274707794e-03
   1.3700000000000000e+02   3.5222040023654699e-03
   1.3800000000000000e+02   3.5360117908567190e-03
   1.3900000000000000e+02   3.5700022708624601e-03
   1.4000000000000000e+02   3.5962450783699751e-03
   1.4100000000000000e+02   3.5762453917413950e-03
   1.4200000000000000e+02   3.5892326850444078e-03
   1.4300000000000000e+02   3.6169516388326883e-03
   1.4400000000000000e+02   3.6141772288829088e-03
   1.4500000000000000e+02   3.6565351765602827e-03
   1.4600000000000000e+02   3.6482275463640690e-03
   1.4700000000000000e+02   3.6237027961760759e-03
   1.4800000000000000e+02   3.6085518077015877e-03
   1.4900000000000000e+02   3.5690669901669025e-03
   1.5000000000000000e+02   2.0996282994747162e-01
   1.5100000000000000e+02   2.0783178508281708e-01
   1.5200000000000000e+02   2.0586416125297546e-01
   1.5300000000000000e+02   2.0386694371700287e-01
   1.5400000000000000e+02   2.0190203189849854e-01
   1.5500000000000000e+02   1.9996428489685059e-01
   1.5600000000000000e+02   1.9802780449390411e-01
   1.5700000000000000e+02   1.9607779383659363e-01
   1.5800000000000000e+02   1.9224931299686432e-01
   1.5900000000000000e+02   1.8838970363140106e-01
   1.6000000000000000e+02   1.8453989923000336e-01
   1.6100000000000000e+02   1.8082621693611145e-01
   1.6200000000000000e+02   1.7739544808864594e-01
   1.6300000000000000e+02   1.7391876876354218e-01
   1.6400000000000000e+02   1.7080774903297424e-01
   1.6500000000000000e+02   1.6766546666622162e-01
   1.6600000000000000e+02   1.6462063789367676e-01
   1.6700000000000000e+02   1.6151817142963409e-01
   1.6800000000000000e+02   1.5857481956481934e-01
   1.6900000000000000e+02   1.5547367930412292e-01
   1.7000000000000000e+02   1.5264964103698730e-01
   1.7100000000000000e+02   1.4983004331588745e-01
   1.7200000000000000e+02   1.4728431403636932e-01
   1.7300000000000000e+02   1.4464356005191803e-01
   1.7400000000000000e+02   1.4201550185680389e-01
   1.7500000000000000e+02   1.3959370553493500e-01
   1.7600000000000000e+02   1.3719858229160309e-01
   1.7700000000000000e+02   1.3484150171279907e-01
   1.7800000000000000e+02   1.3246324658393860e-01
   1.7900000000000000e+02   1.3027802109718323e-01
   1.8000000000000000e+02   1.2797845900058746e-01
   1.8100000000000000e+02   1.2579734623432159e-01
   1.8200000000000000e+02   1.2363569438457489e-01
   1.8300000000000000e+02   1.2143979221582413e-01
   1.8400000000000000e+02   1.1957302689552307e-01
   1.8500000000000000e+02   1.1757065355777740e-01
   1.8600000000000000e+02   1.1578525602817535e-01
   1.8700000000000000e+02   1.1363960802555084e-01
   1.8800000000000000e+02   1.1155213415622711e-01
   1.8900000000000000e+02   1.0974185913801193e-01
   1.9000000000000000e+02   1.0785529762506485e-01
   1.9100000000000000e+02   1.0604365915060043e-01
   1.9200000000000000e+02   1.0418471693992615e-01
   1.9300000000000000e+02   1.0244276374578476e-01
   1.9400000000000000e+02   1.0052175074815750e-01
   1.9500000000000000e+02   9.8789229989051819e-02
   1.9600000000000000e+02   9.7068168222904205e-02
   1.9700000000000000e+02   9.5432542264461517e-02
   1.9800000000000000e+02   9.4012126326560974e-02
   1.9900000000000000e+02   9.2414908111095428e-02
   2.0000000000000000e+02   9.0842641890048981e-02
   2.0100000000000000e+02   8.9157178997993469e-02
   2.0200000000000000e+02   8.7733648717403412e-02
   2.0300000000000000e+02   8.6364462971687317e-02
   2.0400000000000000e+02   8.4863573312759399e-02
   2.0500000000000000e+02   8.3320550620555878e-02
   2.0600000000000000e+02   8.1812456250190735e-02
   2.0700000000000000e+02   8.0181971192359924e-02
   2.0800000000000000e+02   7.8576914966106415e-02
   2.0900000000000000e+02   7.7031917870044708e-02
   2.1000000000000000e+02   7.5621232390403748e-02
   2.1100000000000000e+02   7.4071489274501801e-02
   2.1200000000000000e+02   7.2576291859149933e-02
   2.1300000000000000e+02   7.0856250822544098e-02
   2.1400000000000000e+02   6.9311842322349548e-02
   2.1500000000000000e+02   6.7767508327960968e-02
   2.1600000000000000e+02   6.6240675747394562e-02
   2.1700000000000000e+02   6.4758159220218658e-02
   2.1800000000000000e+02   6.3315279781818390e-02
   2.1900000000000000e+02   6.1775039881467819e-02
   2.2000000000000000e+02   6.0434985905885696e-02
   2.2100000000000000e+02   5.8882907032966614e-02
   2.2200000000000000e+02   5.7524617761373520e-02
   2.2300000000000000e+02   5.6276220828294754e-02
   2.2400000000000000e+02   5.4929137229919434e-02
   2.2500000000000000e+02   5.3520485758781433e-02
   2.2600000000000000e+02   5.2163898944854736e-02
   2.2700000000000000e+02   5.0715815275907516e-02
   2.2800000000000000e+02   4.9391888082027435e-02
   2.2900000000000000e+02   4.8040203750133514e-02
   2.3000000000000000e+02   4.6787876635789871e-02
   2.3100000000000000e+02   4.5557957142591476e-02
   2.3200000000000000e+02   4.4295251369476318e-02
   2.3300000000000000e+02   4.3012782931327820e-02
   2.3400000000000000e+02   4.1780065745115280e-02
   2.3500000000000000e+02   4.0402207523584366e-02
   2.3600000000000000e+02   3.9326377213001251e-02
   2.3700000000000000e+02   3.8137588649988174e-02
   2.3800000000000000e+02   3.6985680460929871e-02
   2.3900000000000000e+02   3.5802844911813736e-02
   2.4000000000000000e+02   3.4642457962036133e-02
   2.4100000000000000e+02   3.3496424555778503e-02
   2.4200000000000000e+02   3.2522037625312805e-02
   2.4300000000000000e+02   3.1512945890426636e-02
   2.4400000000000000e+02   3.0514778569340706e-02
   2.4500000000000000e+02   2.9422832652926445e-02
   2.4600000000000000e+02   2.8398348018527031e-02
   2.4700000000000000e+02   2.7424013242125511e-02
   2.4800000000000000e+02   2.6440786197781563e-02
   2.4900000000000000e+02   2.5526335462927818e-02
   2.5000000000000000e+02   2.4664239957928658e-02
   2.5100000000000000e+02   2.3718206211924553e-02
   2.5200000000000000e+02   2.2779451683163643e-02
   2.5300000000000000e+02   2.1835608407855034e-02
   2.5400000000000000e+02   2.0907728001475334e-02
   2.5500000000000000e+02   2.0039731636643410e-02
   2.5600000000000000e+02   1.9229890778660774e-02
   2.5700000000000000e+02   1.8308613449335098e-02
   2.5800000000000000e+02   1.7440007999539375e-02
   2.5900000000000000e+02   1.6607128083705902e-02
   2.6000000000000000e+02   1.5775391831994057e-02
   2.6100000000000000e+02   1.4944278635084629e-02
   2.6200000000000000e+02   1.4089697040617466e-02
   2.6300000000000000e+02   1.3341117650270462e-02
   2.6400000000000000e+02   1.2601370923221111e-02
   2.6500000000000000e+02   1.1889725923538208e-02
   2.6600000000000000e+02   1.1189642362296581e-02
   2.6700000000000000e+02   1.0517281480133533e-02
   2.6800000000000000e+02   9.8634511232376099e-03
   2.6900000000000000e+02   9.2852618545293808e-03
   2.7000000000000000e+02   8.6911153048276901e-03
   2.7100000000000000e+02   8.0844806507229805e-03
   2.7200000000000000e+02   7.5849187560379505e-03
   2.7300000000000000e+02   7.0609357208013535e-03
   2.7400000000000000e+02   6.5819346345961094e-03
   2.7500000000000000e+02   6.1514894478023052e-03
   2.7600000000000000e+02   5.7479743845760822e-03
   2.7700000000000000e+02   5.4009635932743549e-03
   2.7800000000000000e+02   5.0280489958822727e-03
   2.7900000000000000e+02   4.6771597117185593e-03
   2.8000000000000000e+02   4.3727029114961624e-03
   2.8100000000000000e+02   4.0571307763457298e-03
   2.8200000000000000e+02   3.7975290324538946e-03
   2.8300000000000000e+02   3.5625947639346123e-03
   2.8400000000000000e+02   3.3368987496942282e-03
   2.8500000000000000e+02   3.1311302445828915e-03
   2.8600000000000000e+02   2.9624127782881260e-03
   2.8700000000000000e+02   2.7926929760724306e-03
   2.8800000000000000e+02   2.6777738239616156e-03
   2.8900000000000000e+02   2.5598560459911823e-03
   2.9000000000000000e+02   2.4662239011377096e-03
   2.9100000000000000e+02   2.3843881208449602e-03
   2.9200000000000000e+02   2.3106031585484743e-03
   2.9300000000000000e+02   2.2690878249704838e-03
   2.9400000000000000e+02   2.2191782481968403e-03
   2.9500000000000000e+02   2.1549277007579803e-03
   2.9600000000000000e+02   2.1328148432075977e-03
   2.9700000000000000e+02   2.1106584463268518e-03
   2.9800000000000000e+02   2.0831790752708912e-03
   2.9900000000000000e+02   2.0561388228088617e-03
   3.0000000000000000e+02   2.0477860234677792e-03
