   1.0000000000000000e+00   6.5009012818336487e-02
   2.0000000000000000e+00   6.8809717893600464e-02
   3.0000000000000000e+00   7.2742186486721039e-02
   4.0000000000000000e+00   7.6791979372501373e-02
   5.0000000000000000e+00   8.0975115299224854e-02
   6.0000000000000000e+00   8.5000820457935333e-02
   7.0000000000000000e+00   8.8765002787113190e-02
   8.0000000000000000e+00   9.2432633042335510e-02
   9.0000000000000000e+00   9.9788315594196320e-02
   1.0000000000000000e+01   1.0703371465206146e-01
   1.1000000000000000e+01   1.1396483331918716e-01
   1.2000000000000000e+01   1.2047951668500900e-01
   1.3000000000000000e+01   1.2676960229873657e-01
   1.4000000000000000e+01   1.3244332373142242e-01
   1.5000000000000000e+01   1.3781970739364624e-01
   1.6000000000000000e+01   1.4271172881126404e-01
   1.7000000000000000e+01   1.4716631174087524e-01
   1.8000000000000000e+01   1.5115581452846527e-01
   1.9000000000000000e+01   1.5446254611015320e-01
   2.0000000000000000e+01   1.5706570446491241e-01
   2.1000000000000000e+01   1.5915553271770477e-01
   2.2000000000000000e+01   1.6103559732437134e-01
   2.3000000000000000e+01   1.6245266795158386e-01
   2.4000000000000000e+01   1.6345803439617157e-01
   2.5000000000000000e+01   1.6409447789192200e-01
   2.6000000000000000e+01   1.6436164081096649e-01
   2.7000000000000000e+01   1.6437140107154846e-01
   2.8000000000000000e+01   1.6404232382774353e-01
   2.9000000000000000e+01   1.6336628794670105e-01
   3.0000000000000000e+01   1.6273169219493866e-01
   3.1000000000000000e+01   1.6192725300788879e-01
   3.2000000000000000e+01   1.6089291870594025e-01
   3.3000000000000000e+01   1.5985645353794098e-01
   3.4000000000000000e+01   1.5869234502315521e-01
   3.5000000000000000e+01   1.5735732018947601e-01
   3.6000000000000000e+01   1.5608607232570648e-01
   3.7000000000000000e+01   1.5475732088088989e-01
   3.8000000000000000e+01   1.5308758616447449e-01
   3.9000000000000000e+01   1.5155790746212006e-01
   4.0000000000000000e+01   1.4978097379207611e-01
   4.1000000000000000e+01   1.4829285442829132e-01
   4.2000000000000000e+01   1.4674147963523865e-01
   4.3000000000000000e+01   1.4508377015590668e-01
   4.4000000000000000e+01   1.4369082450866699e-01
   4.5000000000000000e+01   1.4209391176700592e-01
   4.6000000000000000e+01   1.4043556153774261e-01
   4.7000000000000000e+01   1.3893668353557587e-01
   4.8000000000000000e+01   1.3722930848598480e-01
   4.9000000000000000e+01   1.3565763831138611e-01
   5.0000000000000000e+01   1.3423457741737366e-01
   5.1000000000000000e+01   1.3266561925411224e-01
   5.2000000000000000e+01   1.3091643154621124e-01
   5.3000000000000000e+01   1.2948781251907349e-01
   5.4000000000000000e+01   1.2794664502143860e-01
   5.5000000000000000e+01   1.2673167884349823e-01
   5.6000000000000000e+01   1.2506599724292755e-01
   5.7000000000000000e+01   1.2352453917264938e-01
   5.8000000000000000e+01   1.2197876721620560e-01
   5.9000000000000000e+01   1.2054147571325302e-01
   6.0000000000000000e+01   1.1893185228109360e-01
   6.1000000000000000e+01   1.1741062998771667e-01
   6.2000000000000000e+01   1.1599168926477432e-01
   6.3000000000000000e+01   1.1451105028390884e-01
   6.4000000000000000e+01   1.1298574507236481e-01
   6.5000000000000000e+01   1.1139683425426483e-01
   6.6000000000000000e+01   1.1004032939672470e-01
   6.7000000000000000e+01   1.0876200348138809e-01
   6.8000000000000000e+01   1.0744477063417435e-01
   6.9000000000000000e+01   1.0596489906311035e-01
   7.0000000000000000e+01   1.0455854237079620e-01
   7.1000000000000000e+01   1.0342744737863541e-01
   7.2000000000000000e+01   1.0224973410367966e-01
   7.3000000000000000e+01   1.0122480243444443e-01
   7.4000000000000000e+01   1.0002557188272476e-01
   7.5000000000000000e+01   9.8842456936836243e-02
   7.6000000000000000e+01   9.7773000597953796e-02
   7.7000000000000000e+01   9.6564292907714844e-02
   7.8000000000000000e+01   9.5503568649291992e-02
   7.9000000000000000e+01   9.4520241022109985e-02
   8.0000000000000000e+01   9.3533128499984741e-02
   8.1000000000000000e+01   9.2464782297611237e-02
   8.2000000000000000e+01   9.1354645788669586e-02
   8.3000000000000000e+01   9.0334661304950714e-02
   8.4000000000000000e+01   8.9618422091007233e-02
   8.5000000000000000e+01   8.8644370436668396e-02
   8.6000000000000000e+01   8.7564632296562195e-02
   8.7000000000000000e+01   8.6558684706687927e-02
   8.8000000000000000e+01   8.5394509136676788e-02
   8.9000000000000000e+01   8.4469392895698547e-02
   9.0000000000000000e+01   8.3658613264560699e-02
   9.1000000000000000e+01   8.2716621458530426e-02
   9.2000000000000000e+01   8.1865020096302032e-02
   9.3000000000000000e+01   8.0939508974552155e-02
   9.4000000000000000e+01   8.0059304833412170e-02
   9.5000000000000000e+01   7.9096511006355286e-02
   9.6000000000000000e+01   7.8221082687377930e-02
   9.7000000000000000e+01   7.7455729246139526e-02
   9.8000000000000000e+01   7.6640330255031586e-02
   9.9000000000000000e+01   7.5678363442420959e-02
   1.0000000000000000e+02   7.4778623878955841e-02
   1.0100000000000000e+02   7.4074335396289825e-02
   1.0200000000000000e+02   7.3335327208042145e-02
   1.0300000000000000e+02   7.2607256472110748e-02
   1.0400000000000000e+02   7.1671470999717712e-02
   1.0500000000000000e+02   7.0811972022056580e-02
   1.0600000000000000e+02   7.0052757859230042e-02
   1.0700000000000000e+02   6.9314345717430115e-02
   1.0800000000000000e+02   6.8519048392772675e-02
   1.0900000000000000e+02   6.7721568048000336e-02
   1.1000000000000000e+02   6.6941387951374054e-02
   1.1100000000000000e+02   6.6103212535381317e-02
   1.1200000000000000e+02   6.5231941640377045e-02
   1.1300000000000000e+02   6.4362354576587677e-02
   1.1400000000000000e+02   6.3522733747959137e-02
   1.1500000000000000e+02   6.2738530337810516e-02
   1.1600000000000000e+02   6.1884116381406784e-02
   1.1700000000000000e+02   6.1109378933906555e-02
   1.1800000000000000e+02   6.0251004993915558e-02
   1.1900000000000000e+02   5.9478379786014557e-02
   1.2000000000000000e+02   5.8661084622144699e-02
   1.2100000000000000e+02   5.7906635105609894e-02
   1.2200000000000000e+02   5.6975647807121277e-02
   1.2300000000000000e+02   5.6187618523836136e-02
   1.2400000000000000e+02   5.5246062576770782e-02
   1.2500000000000000e+02   5.4533295333385468e-02
   1.2600000000000000e+02   5.3704399615526199e-02
   1.2700000000000000e+02   5.2943278104066849e-02
   1.2800000000000000e+02   5.2258647978305817e-02
   1.2900000000000000e+02   5.1522675901651382e-02
   1.3000000000000000e+02   5.0792057067155838e-02
   1.3100000000000000e+02   5.0085000693798065e-02
   1.3200000000000000e+02   4.9105599522590637e-02
   1.3300000000000000e+02   4.8384137451648712e-02
   1.3400000000000000e+02   4.7556769102811813e-02
   1.3500000000000000e+02   4.6890910714864731e-02
   1.3600000000000000e+02   4.6074628829956055e-02
   1.3700000000000000e+02   4.5397538691759109e-02
   1.3800000000000000e+02   4.4550541788339615e-02
   1.3900000000000000e+02   4.3851591646671295e-02
   1.4000000000000000e+02   4.3029487133026123e-02
   1.4100000000000000e+02   4.2266923934221268e-02
   1.4200000000000000e+02   4.1513159871101379e-02
   1.4300000000000000e+02   4.0722124278545380e-02
   1.4400000000000000e+02   3.9962273091077805e-02
   1.4500000000000000e+02   3.9237096905708313e-02
   1.4600000000000000e+02   3.8392402231693268e-02
   1.4700000000000000e+02   3.7828873842954636e-02
   1.4800000000000000e+02   3.7102099508047104e-02
   1.4900000000000000e+02   3.6446858197450638e-02
   1.5000000000000000e+02   3.5560864955186844e-02
   1.5100000000000000e+02   3.4738060086965561e-02
   1.5200000000000000e+02   3.3962376415729523e-02
   1.5300000000000000e+02   3.3242050558328629e-02
   1.5400000000000000e+02   3.2518096268177032e-02
   1.5500000000000000e+02   3.1957276165485382e-02
   1.5600000000000000e+02   3.1298629939556122e-02
   1.5700000000000000e+02   3.0494932085275650e-02
   1.5800000000000000e+02   2.9691694304347038e-02
   1.5900000000000000e+02   2.8947571292519569e-02
   1.6000000000000000e+02   2.8263621032238007e-02
   1.6100000000000000e+02   2.7604352682828903e-02
   1.6200000000000000e+02   2.6905965059995651e-02
   1.6300000000000000e+02   2.6298046112060547e-02
   1.6400000000000000e+02   2.5676185265183449e-02
   1.6500000000000000e+02   2.5237822905182838e-02
   1.6600000000000000e+02   2.4739723652601242e-02
   1.6700000000000000e+02   2.4112096056342125e-02
   1.6800000000000000e+02   2.3622496053576469e-02
   1.6900000000000000e+02   2.3131569847464561e-02
   1.7000000000000000e+02   2.2590747103095055e-02
   1.7100000000000000e+02   2.2105280309915543e-02
   1.7200000000000000e+02   2.1659566089510918e-02
   1.7300000000000000e+02   2.1205460652709007e-02
   1.7400000000000000e+02   2.0720681175589561e-02
   1.7500000000000000e+02   2.0138582214713097e-02
   1.7600000000000000e+02   1.9725529477000237e-02
   1.7700000000000000e+02   1.9179804250597954e-02
   1.7800000000000000e+02   1.8602738156914711e-02
   1.7900000000000000e+02   1.8150649964809418e-02
   1.8000000000000000e+02   1.7543248832225800e-02
   1.8100000000000000e+02   1.7083801329135895e-02
   1.8200000000000000e+02   1.6655130311846733e-02
   1.8300000000000000e+02   1.6169195994734764e-02
   1.8400000000000000e+02   1.5667332336306572e-02
   1.8500000000000000e+02   1.5169905498623848e-02
   1.8600000000000000e+02   1.4722275547683239e-02
   1.8700000000000000e+02   1.4337198808789253e-02
   1.8800000000000000e+02   1.3959618285298347e-02
   1.8900000000000000e+02   1.3651898130774498e-02
   1.9000000000000000e+02   1.3313541188836098e-02
   1.9100000000000000e+02   1.2905734591186047e-02
   1.9200000000000000e+02   1.2640749104321003e-02
   1.9300000000000000e+02   1.2348699383437634e-02
   1.9400000000000000e+02   1.1994099244475365e-02
   1.9500000000000000e+02   1.1828288435935974e-02
   1.9600000000000000e+02   1.1509490199387074e-02
   1.9700000000000000e+02   1.1255460791289806e-02
   1.9800000000000000e+02   1.1060044169425964e-02
   1.9900000000000000e+02   1.0832498781383038e-02
   2.0000000000000000e+02   1.0539001785218716e-02
   2.0100000000000000e+02   1.0275219567120075e-02
   2.0200000000000000e+02   1.0053025558590889e-02
   2.0300000000000000e+02   9.9093774333596230e-03
   2.0400000000000000e+02   9.6695739775896072e-03
   2.0500000000000000e+02   9.5425350591540337e-03
   2.0600000000000000e+02   9.3892812728881836e-03
   2.0700000000000000e+02   9.2012537643313408e-03
   2.0800000000000000e+02   9.0698832646012306e-03
   2.0900000000000000e+02   8.9549096301198006e-03
   2.1000000000000000e+02   8.7106665596365929e-03
   2.1100000000000000e+02   8.5851373150944710e-03
   2.1200000000000000e+02   8.4879193454980850e-03
   2.1300000000000000e+02   8.3687985315918922e-03
   2.1400000000000000e+02   8.2543687894940376e-03
   2.1500000000000000e+02   8.1957783550024033e-03
   2.1600000000000000e+02   8.1153092905879021e-03
   2.1700000000000000e+02   8.0370157957077026e-03
   2.1800000000000000e+02   7.8591899946331978e-03
   2.1900000000000000e+02   7.7591696754097939e-03
   2.2000000000000000e+02   7.6989275403320789e-03
   2.2100000000000000e+02   7.6328543946146965e-03
   2.2200000000000000e+02   7.5764153152704239e-03
   2.2300000000000000e+02   7.4846460483968258e-03
   2.2400000000000000e+02   7.3852152563631535e-03
   2.2500000000000000e+02   7.2993831709027290e-03
   2.2600000000000000e+02   7.2606247849762440e-03
   2.2700000000000000e+02   7.1477512829005718e-03
   2.2800000000000000e+02   7.0553421974182129e-03
   2.2900000000000000e+02   6.9763977080583572e-03
   2.3000000000000000e+02   6.8674325011670589e-03
   2.3100000000000000e+02   6.7847589962184429e-03
   2.3200000000000000e+02   6.6765514202415943e-03
   2.3300000000000000e+02   6.6738207824528217e-03
   2.3400000000000000e+02   6.6375308670103550e-03
   2.3500000000000000e+02   6.5211486071348190e-03
   2.3600000000000000e+02   6.5274955704808235e-03
   2.3700000000000000e+02   6.4741135574877262e-03
   2.3800000000000000e+02   6.3978126272559166e-03
   2.3900000000000000e+02   6.3707069493830204e-03
   2.4000000000000000e+02   6.3560362905263901e-03
   2.4100000000000000e+02   6.3052447512745857e-03
   2.4200000000000000e+02   6.2850555405020714e-03
   2.4300000000000000e+02   6.2746824696660042e-03
   2.4400000000000000e+02   6.3098939135670662e-03
   2.4500000000000000e+02   6.3457763753831387e-03
   2.4600000000000000e+02   6.3367066904902458e-03
   2.4700000000000000e+02   6.3774981535971165e-03
   2.4800000000000000e+02   6.3529559411108494e-03
   2.4900000000000000e+02   6.3472893089056015e-03
   2.5000000000000000e+02   6.4022215083241463e-03
   2.5100000000000000e+02   6.3074068166315556e-03
   2.5200000000000000e+02   6.2886397354304790e-03
   2.5300000000000000e+02   6.3198730349540710e-03
   2.5400000000000000e+02   6.2802564352750778e-03
   2.5500000000000000e+02   6.2845591455698013e-03
   2.5600000000000000e+02   6.2202890403568745e-03
   2.5700000000000000e+02   6.2615121714770794e-03
   2.5800000000000000e+02   6.2592080794274807e-03
   2.5900000000000000e+02   6.1404756270349026e-03
   2.6000000000000000e+02   6.0263178311288357e-03
   2.6100000000000000e+02   6.0004973784089088e-03
   2.6200000000000000e+02   5.8932029642164707e-03
   2.6300000000000000e+02   5.8624753728508949e-03
   2.6400000000000000e+02   5.8197430334985256e-03
   2.6500000000000000e+02   5.7033090852200985e-03
   2.6600000000000000e+02   5.6472597643733025e-03
   2.6700000000000000e+02   5.5954037234187126e-03
   2.6800000000000000e+02   5.5267959833145142e-03
   2.6900000000000000e+02   5.4655387066304684e-03
   2.7000000000000000e+02   5.3956764750182629e-03
   2.7100000000000000e+02   5.4040914401412010e-03
   2.7200000000000000e+02   5.3055495955049992e-03
   2.7300000000000000e+02   5.2330507896840572e-03
   2.7400000000000000e+02   5.1724603399634361e-03
   2.7500000000000000e+02   5.1858741790056229e-03
   2.7600000000000000e+02   5.2003865130245686e-03
   2.7700000000000000e+02   5.1857852376997471e-03
   2.7800000000000000e+02   5.0945016555488110e-03
   2.7900000000000000e+02   5.0556301139295101e-03
   2.8000000000000000e+02   5.0662034191191196e-03
   2.8100000000000000e+02   5.0457017496228218e-03
   2.8200000000000000e+02   5.0110821612179279e-03
   2.8300000000000000e+02   4.9638180062174797e-03
   2.8400000000000000e+02   4.9338997341692448e-03
   2.8500000000000000e+02   4.9193655140697956e-03
   2.8600000000000000e+02   4.8926244489848614e-03
   2.8700000000000000e+02   4.8417360521852970e-03
   2.8800000000000000e+02   4.7365673817694187e-03
   2.8900000000000000e+02   4.6876287087798119e-03
   2.9000000000000000e+02   4.6504051424562931e-03
   2.9100000000000000e+02   4.5562614686787128e-03
   2.9200000000000000e+02   4.5036054216325283e-03
   2.9300000000000000e+02   4.4714785180985928e-03
   2.9400000000000000e+02   4.4401967898011208e-03
   2.9500000000000000e+02   4.3672425672411919e-03
   2.9600000000000000e+02   4.3310415931046009e-03
   2.9700000000000000e+02   4.3099359609186649e-03
   2.9800000000000000e+02   4.2801080271601677e-03
   2.9900000000000000e+02   4.2871739715337753e-03
   3.0000000000000000e+02   4.2097778059542179e-03
