   1.0000000000000000e+00   7.9437675992721779e-08
   2.0000000000000000e+00   8.5485844181221182e-08
   3.0000000000000000e+00   8.8530640596218291e-08
   4.0000000000000000e+00   9.2027192977184313e-08
   5.0000000000000000e+00   8.9870489716759039e-08
   6.0000000000000000e+00   8.7673001303301135e-08
   7.0000000000000000e+00   8.7488636779653461e-08
   8.0000000000000000e+00   8.5668503402303031e-08
   9.0000000000000000e+00   8.5356546719594917e-08
   1.0000000000000000e+01   8.3472514234017581e-08
   1.1000000000000000e+01   7.8742068865267356e-08
   1.2000000000000000e+01   7.4388275095316203e-08
   1.3000000000000000e+01   7.3617762552657950e-08
   1.4000000000000000e+01   7.0183077127694560e-08
   1.5000000000000000e+01   6.9141563585617405e-08
   1.6000000000000000e+01   6.6416106392352958e-08
   1.7000000000000000e+01   5.9787069517369673e-08
   1.8000000000000000e+01   5.3655430320986852e-08
   1.9000000000000000e+01   4.8697827992327802e-08
   2.0000000000000000e+01   4.7809155745426324e-08
   2.1000000000000000e+01   4.7623974097632527e-08
   2.2000000000000000e+01   4.4077928862407134e-08
   2.3000000000000000e+01   4.2931219468300696e-08
   2.4000000000000000e+01   4.0921644739455587e-08
   2.5000000000000000e+01   4.1287059104888613e-08
   2.6000000000000000e+01   4.2984254378097830e-08
   2.7000000000000000e+01   4.3263689519790205e-08
   2.8000000000000000e+01   4.4494012030327212e-08
   2.9000000000000000e+01   4.7750486231734612e-08
   3.0000000000000000e+01   4.7255532820145163e-08
   3.1000000000000000e+01   4.9871268004153535e-08
   3.2000000000000000e+01   5.2565827246553454e-08
   3.3000000000000000e+01   5.4014105188571193e-08
   3.4000000000000000e+01   5.4216084066638359e-08
   3.5000000000000000e+01   5.8281241166469044e-08
   3.6000000000000000e+01   5.7237539152765748e-08
   3.7000000000000000e+01   5.8873482089438767e-08
   3.8000000000000000e+01   6.1808137274965702e-08
   3.9000000000000000e+01   6.5754349520830147e-08
   4.0000000000000000e+01   7.3335826300535700e-08
   4.1000000000000000e+01   7.9073487313507940e-08
   4.2000000000000000e+01   8.4647915343794011e-08
   4.3000000000000000e+01   9.4105601533556182e-08
   4.4000000000000000e+01   1.0840053477068068e-07
   4.5000000000000000e+01   1.2637164559237135e-07
   4.6000000000000000e+01   1.6475014774641750e-07
   4.7000000000000000e+01   1.8934949252980005e-07
   4.8000000000000000e+01   2.3314881048008829e-07
   4.9000000000000000e+01   2.8934067586305900e-07
   5.0000000000000000e+01   3.2940343430709618e-07
   5.1000000000000000e+01   4.0808942003422999e-07
   5.2000000000000000e+01   4.9500704335514456e-07
   5.3000000000000000e+01   5.3996853921489674e-07
   5.4000000000000000e+01   6.0519687394844368e-07
   5.5000000000000000e+01   6.7642940848600119e-07
   5.6000000000000000e+01   7.3211577955589746e-07
   5.7000000000000000e+01   8.0841493854677537e-07
   5.8000000000000000e+01   8.9204718278779183e-07
   5.9000000000000000e+01   9.3154648084237124e-07
   6.0000000000000000e+01   1.0303909903086605e-06
   6.1000000000000000e+01   1.0807432317960775e-06
   6.2000000000000000e+01   1.1092542990809307e-06
   6.3000000000000000e+01   1.1137620958834304e-06
   6.4000000000000000e+01   1.1382238653823151e-06
   6.5000000000000000e+01   1.1632839687081287e-06
   6.6000000000000000e+01   1.1551981060620164e-06
   6.7000000000000000e+01   1.1358548590578721e-06
   6.8000000000000000e+01   1.1381446256564232e-06
   6.9000000000000000e+01   1.2315681487962138e-06
   7.0000000000000000e+01   1.2220316421007738e-06
   7.1000000000000000e+01   1.2648629308387171e-06
   7.2000000000000000e+01   1.2402507536535268e-06
   7.3000000000000000e+01   1.2628272543224739e-06
   7.4000000000000000e+01   1.3127205420460086e-06
   7.5000000000000000e+01   1.2880295798822772e-06
   7.6000000000000000e+01   1.2856903595093172e-06
   7.7000000000000000e+01   1.3113433396938490e-06
   7.8000000000000000e+01   1.3210189990786603e-06
   7.9000000000000000e+01   1.3152898645785172e-06
   8.0000000000000000e+01   1.3365403219722793e-06
   8.1000000000000000e+01   1.3623825907416176e-06
   8.2000000000000000e+01   1.3728227941101068e-06
   8.3000000000000000e+01   1.4123762639428605e-06
   8.4000000000000000e+01   1.3067395912003121e-06
   8.5000000000000000e+01   1.2954922112839995e-06
   8.6000000000000000e+01   1.2662861763601541e-06
   8.7000000000000000e+01   1.2648519032154582e-06
   8.8000000000000000e+01   1.2104486586395069e-06
   8.9000000000000000e+01   1.1523319471962168e-06
   9.0000000000000000e+01   1.1164266879859497e-06
   9.1000000000000000e+01   1.1122675687147421e-06
   9.2000000000000000e+01   1.1037975582439685e-06
   9.3000000000000000e+01   1.0938105106106377e-06
   9.4000000000000000e+01   1.0722741308200057e-06
   9.5000000000000000e+01   1.0237465630780207e-06
   9.6000000000000000e+01   9.7178576652368065e-07
   9.7000000000000000e+01   9.4836019570720964e-07
   9.8000000000000000e+01   9.0603697344704415e-07
   9.9000000000000000e+01   9.0790598505918751e-07
   1.0000000000000000e+02   8.9206770326200058e-07
   1.0100000000000000e+02   8.5893663026581635e-07
   1.0200000000000000e+02   8.5137895666775876e-07
   1.0300000000000000e+02   8.4058740412729094e-07
   1.0400000000000000e+02   8.4763939867116278e-07
   1.0500000000000000e+02   8.2664428191492334e-07
   1.0600000000000000e+02   7.8259887459353195e-07
   1.0700000000000000e+02   7.5845832725462969e-07
   1.0800000000000000e+02   7.4348542966617970e-07
   1.0900000000000000e+02   7.3201317718485370e-07
   1.1000000000000000e+02   7.5509899488679366e-07
   1.1100000000000000e+02   7.5792030429511215e-07
   1.1200000000000000e+02   7.3913383857870940e-07
   1.1300000000000000e+02   7.4118776183240698e-07
   1.1400000000000000e+02   7.3486546625645133e-07
   1.1500000000000000e+02   7.3956272217401420e-07
   1.1600000000000000e+02   7.5232742346997838e-07
   1.1700000000000000e+02   7.5875533411817742e-07
   1.1800000000000000e+02   7.6324857900544885e-07
   1.1900000000000000e+02   7.7078573212929768e-07
   1.2000000000000000e+02   8.2406262436052202e-07
   1.2100000000000000e+02   9.0004868980031461e-07
   1.2200000000000000e+02   9.9030432920699241e-07
   1.2300000000000000e+02   1.1260584642514004e-06
   1.2400000000000000e+02   1.3256138799988548e-06
   1.2500000000000000e+02   1.5380337572423741e-06
   1.2600000000000000e+02   1.8211304677606677e-06
   1.2700000000000000e+02   2.2252845610637451e-06
   1.2800000000000000e+02   2.7458165732241469e-06
   1.2900000000000000e+02   3.5639036468637642e-06
   1.3000000000000000e+02   4.5014953684585635e-06
   1.3100000000000000e+02   5.9557319218583871e-06
   1.3200000000000000e+02   7.8352486525545828e-06
   1.3300000000000000e+02   9.8778873507399112e-06
   1.3400000000000000e+02   1.3637182746606413e-05
   1.3500000000000000e+02   1.7339336409349926e-05
   1.3600000000000000e+02   2.3089847672963515e-05
   1.3700000000000000e+02   3.1513987778453156e-05
   1.3800000000000000e+02   4.1948991565732285e-05
   1.3900000000000000e+02   5.3480162023333833e-05
   1.4000000000000000e+02   6.8594155891332775e-05
   1.4100000000000000e+02   9.3694390670862049e-05
   1.4200000000000000e+02   1.2042644812026992e-04
   1.4300000000000000e+02   1.4924359857104719e-04
   1.4400000000000000e+02   1.8435154925100505e-04
   1.4500000000000000e+02   2.3376326134894043e-04
   1.4600000000000000e+02   2.8774148086085916e-04
   1.4700000000000000e+02   3.4863507607951760e-04
   1.4800000000000000e+02   4.2442319681867957e-04
   1.4900000000000000e+02   5.1966204773634672e-04
   1.5000000000000000e+02   6.1399897094815969e-04
   1.5100000000000000e+02   7.0938584394752979e-04
   1.5200000000000000e+02   8.1704038893803954e-04
   1.5300000000000000e+02   9.7680324688553810e-04
   1.5400000000000000e+02   1.1184642789885402e-03
   1.5500000000000000e+02   1.2746775755658746e-03
   1.5600000000000000e+02   1.4598122797906399e-03
   1.5700000000000000e+02   1.6730579081922770e-03
   1.5800000000000000e+02   1.9096810137853026e-03
   1.5900000000000000e+02   2.1727320272475481e-03
   1.6000000000000000e+02   2.4342858232557774e-03
   1.6100000000000000e+02   2.7456781826913357e-03
   1.6200000000000000e+02   3.0384387355297804e-03
   1.6300000000000000e+02   3.3754180185496807e-03
   1.6400000000000000e+02   3.7853652611374855e-03
   1.6500000000000000e+02   4.2279297485947609e-03
   1.6600000000000000e+02   4.6382532455027103e-03
   1.6700000000000000e+02   5.1094796508550644e-03
   1.6800000000000000e+02   5.5379909463226795e-03
   1.6900000000000000e+02   6.0958219692111015e-03
   1.7000000000000000e+02   6.5678083337843418e-03
   1.7100000000000000e+02   7.1371304802596569e-03
   1.7200000000000000e+02   7.7835605479776859e-03
   1.7300000000000000e+02   8.3781089633703232e-03
   1.7400000000000000e+02   8.9893992990255356e-03
   1.7500000000000000e+02   9.6985353156924248e-03
   1.7600000000000000e+02   1.0468228720128536e-02
   1.7700000000000000e+02   1.1392115615308285e-02
   1.7800000000000000e+02   1.2318770401179790e-02
   1.7900000000000000e+02   1.3120519928634167e-02
   1.8000000000000000e+02   1.4088680036365986e-02
   1.8100000000000000e+02   1.4956882223486900e-02
   1.8200000000000000e+02   1.5909723937511444e-02
   1.8300000000000000e+02   1.6838021576404572e-02
   1.8400000000000000e+02   1.7803123220801353e-02
   1.8500000000000000e+02   1.9017541781067848e-02
   1.8600000000000000e+02   2.0089918747544289e-02
   1.8700000000000000e+02   2.1015400066971779e-02
   1.8800000000000000e+02   2.2210286930203438e-02
   1.8900000000000000e+02   2.3368276655673981e-02
   1.9000000000000000e+02   2.4430135264992714e-02
   1.9100000000000000e+02   2.5686642155051231e-02
   1.9200000000000000e+02   2.6642905548214912e-02
   1.9300000000000000e+02   2.7511615306138992e-02
   1.9400000000000000e+02   2.8551841154694557e-02
   1.9500000000000000e+02   2.9328089207410812e-02
   1.9600000000000000e+02   3.0476003885269165e-02
   1.9700000000000000e+02   3.1624626368284225e-02
   1.9800000000000000e+02   3.3052682876586914e-02
   1.9900000000000000e+02   3.4369602799415588e-02
   2.0000000000000000e+02   3.5577185451984406e-02
   2.0100000000000000e+02   3.6765713244676590e-02
   2.0200000000000000e+02   3.8106445223093033e-02
   2.0300000000000000e+02   3.9026614278554916e-02
   2.0400000000000000e+02   4.0182456374168396e-02
   2.0500000000000000e+02   4.1456643491983414e-02
   2.0600000000000000e+02   4.2491793632507324e-02
   2.0700000000000000e+02   4.3781638145446777e-02
   2.0800000000000000e+02   4.5135695487260818e-02
   2.0900000000000000e+02   4.6483106911182404e-02
   2.1000000000000000e+02   4.7895994037389755e-02
   2.1100000000000000e+02   4.9370389431715012e-02
   2.1200000000000000e+02   5.0172075629234314e-02
   2.1300000000000000e+02   5.1108941435813904e-02
   2.1400000000000000e+02   5.1883511245250702e-02
   2.1500000000000000e+02   5.2903790026903152e-02
   2.1600000000000000e+02   5.4039880633354187e-02
   2.1700000000000000e+02   5.5310368537902832e-02
   2.1800000000000000e+02   5.6188523769378662e-02
   2.1900000000000000e+02   5.7077944278717041e-02
   2.2000000000000000e+02   5.7570978999137878e-02
   2.2100000000000000e+02   5.8072164654731750e-02
   2.2200000000000000e+02   5.8860260993242264e-02
   2.2300000000000000e+02   5.9733036905527115e-02
   2.2400000000000000e+02   6.0329683125019073e-02
   2.2500000000000000e+02   6.0722105205059052e-02
   2.2600000000000000e+02   6.1081685125827789e-02
   2.2700000000000000e+02   6.2003985047340393e-02
   2.2800000000000000e+02   6.2352754175662994e-02
   2.2900000000000000e+02   6.3013307750225067e-02
   2.3000000000000000e+02   6.3623934984207153e-02
   2.3100000000000000e+02   6.3732475042343140e-02
   2.3200000000000000e+02   6.3863798975944519e-02
   2.3300000000000000e+02   6.4792111515998840e-02
   2.3400000000000000e+02   6.5177783370018005e-02
   2.3500000000000000e+02   6.5633259713649750e-02
   2.3600000000000000e+02   6.6256202757358551e-02
   2.3700000000000000e+02   6.6502049565315247e-02
   2.3800000000000000e+02   6.6596731543540955e-02
   2.3900000000000000e+02   6.6584162414073944e-02
   2.4000000000000000e+02   6.6698752343654633e-02
   2.4100000000000000e+02   6.6787704825401306e-02
   2.4200000000000000e+02   6.6728509962558746e-02
   2.4300000000000000e+02   6.6949337720870972e-02
   2.4400000000000000e+02   6.7057728767395020e-02
   2.4500000000000000e+02   6.7090302705764771e-02
   2.4600000000000000e+02   6.7374914884567261e-02
   2.4700000000000000e+02   6.7239075899124146e-02
   2.4800000000000000e+02   6.7179411649703979e-02
   2.4900000000000000e+02   6.7418999969959259e-02
   2.5000000000000000e+02   6.7626290023326874e-02
   2.5100000000000000e+02   6.7614510655403137e-02
   2.5200000000000000e+02   6.7497737705707550e-02
   2.5300000000000000e+02   6.7397914826869965e-02
   2.5400000000000000e+02   6.7691437900066376e-02
   2.5500000000000000e+02   6.7712470889091492e-02
   2.5600000000000000e+02   6.7604057490825653e-02
   2.5700000000000000e+02   6.7522659897804260e-02
   2.5800000000000000e+02   6.7616105079650879e-02
   2.5900000000000000e+02   6.7535303533077240e-02
   2.6000000000000000e+02   6.7298501729965210e-02
   2.6100000000000000e+02   6.7095659673213959e-02
   2.6200000000000000e+02   6.6918730735778809e-02
   2.6300000000000000e+02   6.6571809351444244e-02
   2.6400000000000000e+02   6.5781913697719574e-02
   2.6500000000000000e+02   6.5712951123714447e-02
   2.6600000000000000e+02   6.5382249653339386e-02
   2.6700000000000000e+02   6.5177306532859802e-02
   2.6800000000000000e+02   6.5144173800945282e-02
   2.6900000000000000e+02   6.4811617136001587e-02
   2.7000000000000000e+02   6.4704351127147675e-02
   2.7100000000000000e+02   6.4772874116897583e-02
   2.7200000000000000e+02   6.5006420016288757e-02
   2.7300000000000000e+02   6.4560510218143463e-02
   2.7400000000000000e+02   6.4415894448757172e-02
   2.7500000000000000e+02   6.3867412507534027e-02
   2.7600000000000000e+02   6.3622236251831055e-02
   2.7700000000000000e+02   6.3670888543128967e-02
   2.7800000000000000e+02   6.3403762876987457e-02
   2.7900000000000000e+02   6.3410058617591858e-02
   2.8000000000000000e+02   6.2953047454357147e-02
   2.8100000000000000e+02   6.2279935926198959e-02
   2.8200000000000000e+02   6.1867389827966690e-02
   2.8300000000000000e+02   6.1343654990196228e-02
   2.8400000000000000e+02   6.1077199876308441e-02
   2.8500000000000000e+02   6.1120383441448212e-02
   2.8600000000000000e+02   6.0373283922672272e-02
   2.8700000000000000e+02   5.9874840080738068e-02
   2.8800000000000000e+02   5.9669744223356247e-02
   2.8900000000000000e+02   5.9635438024997711e-02
   2.9000000000000000e+02   5.9596061706542969e-02
   2.9100000000000000e+02   5.9285655617713928e-02
   2.9200000000000000e+02   5.8586582541465759e-02
   2.9300000000000000e+02   5.8312226086854935e-02
   2.9400000000000000e+02   5.8239635080099106e-02
   2.9500000000000000e+02   5.8119259774684906e-02
   2.9600000000000000e+02   5.8541577309370041e-02
   2.9700000000000000e+02   5.8647252619266510e-02
   2.9800000000000000e+02   5.8699391782283783e-02
   2.9900000000000000e+02   5.8593258261680603e-02
   3.0000000000000000e+02   5.8113723993301392e-02
