   1.0000000000000000e+00   6.2017998425289989e-04
   2.0000000000000000e+00   6.2493409495800734e-04
   3.0000000000000000e+00   6.2989583238959312e-04
   4.0000000000000000e+00   6.3495064387097955e-04
   5.0000000000000000e+00   6.4009800553321838e-04
   6.0000000000000000e+00   6.4562790794298053e-04
   7.0000000000000000e+00   6.5232906490564346e-04
   8.0000000000000000e+00   6.5975764300674200e-04
   9.0000000000000000e+00   6.6736323060467839e-04
   1.0000000000000000e+01   6.7404890432953835e-04
   1.1000000000000000e+01   6.7882775329053402e-04
   1.2000000000000000e+01   6.8129866849631071e-04
   1.3000000000000000e+01   6.8177765933796763e-04
   1.4000000000000000e+01   6.8080832716077566e-04
   1.5000000000000000e+01   6.7867751931771636e-04
   1.6000000000000000e+01   6.7577441222965717e-04
   1.7000000000000000e+01   6.7245413083583117e-04
   1.8000000000000000e+01   6.6920008976012468e-04
   1.9000000000000000e+01   6.6652242094278336e-04
   2.0000000000000000e+01   6.6443503601476550e-04
   2.1000000000000000e+01   6.6259870072826743e-04
   2.2000000000000000e+01   6.6080223768949509e-04
   2.3000000000000000e+01   6.5929326228797436e-04
   2.4000000000000000e+01   6.5860705217346549e-04
   2.5000000000000000e+01   6.5924343653023243e-04
   2.6000000000000000e+01   6.6147954203188419e-04
   2.7000000000000000e+01   6.6504179267212749e-04
   2.8000000000000000e+01   6.6962226992473006e-04
   2.9000000000000000e+01   6.7502865567803383e-04
   3.0000000000000000e+01   6.8147282581776381e-04
   3.1000000000000000e+01   6.8919523619115353e-04
   3.2000000000000000e+01   6.9845071993768215e-04
   3.3000000000000000e+01   7.0963788311928511e-04
   3.4000000000000000e+01   7.2350981645286083e-04
   3.5000000000000000e+01   7.4130564462393522e-04
   3.6000000000000000e+01   7.6440942939370871e-04
   3.7000000000000000e+01   7.9434941289946437e-04
   3.8000000000000000e+01   8.3264999557286501e-04
   3.9000000000000000e+01   8.8128645438700914e-04
   4.0000000000000000e+01   9.4289227854460478e-04
   4.1000000000000000e+01   1.0218516690656543e-03
   4.2000000000000000e+01   1.1240224121138453e-03
   4.3000000000000000e+01   1.2569713871926069e-03
   4.4000000000000000e+01   1.4293655985966325e-03
   4.5000000000000000e+01   1.6500974306836724e-03
   4.6000000000000000e+01   1.9284882582724094e-03
   4.7000000000000000e+01   2.2752401418983936e-03
   4.8000000000000000e+01   2.7006736490875483e-03
   4.9000000000000000e+01   3.2161497510969639e-03
   5.0000000000000000e+01   3.8335162680596113e-03
   5.1000000000000000e+01   4.5650457032024860e-03
   5.2000000000000000e+01   5.4234853014349937e-03
   5.3000000000000000e+01   6.4199683256447315e-03
   5.4000000000000000e+01   7.5645912438631058e-03
   5.5000000000000000e+01   8.8658137246966362e-03
   5.6000000000000000e+01   1.0330022312700748e-02
   5.7000000000000000e+01   1.1960486881434917e-02
   5.8000000000000000e+01   1.3757486827671528e-02
   5.9000000000000000e+01   1.5719026327133179e-02
   6.0000000000000000e+01   1.7839660868048668e-02
   6.1000000000000000e+01   2.0111123099923134e-02
   6.2000000000000000e+01   2.2521121427416801e-02
   6.3000000000000000e+01   2.5056559592485428e-02
   6.4000000000000000e+01   2.7704613283276558e-02
   6.5000000000000000e+01   3.0455084517598152e-02
   6.6000000000000000e+01   3.3297766000032425e-02
   6.7000000000000000e+01   3.6218412220478058e-02
   6.8000000000000000e+01   3.9201091974973679e-02
   6.9000000000000000e+01   4.2226247489452362e-02
   7.0000000000000000e+01   4.5274391770362854e-02
   7.1000000000000000e+01   4.8327211290597916e-02
   7.2000000000000000e+01   5.1368299871683121e-02
   7.3000000000000000e+01   5.4381519556045532e-02
   7.4000000000000000e+01   5.7352341711521149e-02
   7.5000000000000000e+01   6.0273181647062302e-02
   7.6000000000000000e+01   6.3139393925666809e-02
   7.7000000000000000e+01   6.5952517092227936e-02
   7.8000000000000000e+01   6.8711228668689728e-02
   7.9000000000000000e+01   7.1407929062843323e-02
   8.0000000000000000e+01   7.4027188122272491e-02
   8.1000000000000000e+01   7.6552443206310272e-02
   8.2000000000000000e+01   7.8972123563289642e-02
   8.3000000000000000e+01   8.1279896199703217e-02
   8.4000000000000000e+01   8.3476126194000244e-02
   8.5000000000000000e+01   8.5560843348503113e-02
   8.6000000000000000e+01   8.7533086538314819e-02
   8.7000000000000000e+01   8.9392848312854767e-02
   8.8000000000000000e+01   9.1141134500503540e-02
   8.9000000000000000e+01   9.2780403792858124e-02
   9.0000000000000000e+01   9.4311013817787170e-02
   9.1000000000000000e+01   9.5734789967536926e-02
   9.2000000000000000e+01   9.7047388553619385e-02
   9.3000000000000000e+01   9.8246783018112183e-02
   9.4000000000000000e+01   9.9333532154560089e-02
   9.5000000000000000e+01   1.0031215101480484e-01
   9.6000000000000000e+01   1.0118836164474487e-01
   9.7000000000000000e+01   1.0196918994188309e-01
   9.8000000000000000e+01   1.0266049951314926e-01
   9.9000000000000000e+01   1.0326995700597763e-01
   1.0000000000000000e+02   1.0380934178829193e-01
   1.0100000000000000e+02   1.0428836196660995e-01
   1.0200000000000000e+02   1.0471334308385849e-01
   1.0300000000000000e+02   1.0508646816015244e-01
   1.0400000000000000e+02   1.0540664196014404e-01
   1.0500000000000000e+02   1.0566984862089157e-01
   1.0600000000000000e+02   1.0587056726217270e-01
   1.0700000000000000e+02   1.0600282996892929e-01
   1.0800000000000000e+02   1.0606145858764648e-01
   1.0900000000000000e+02   1.0605010390281677e-01
   1.1000000000000000e+02   1.0597771406173706e-01
   1.1100000000000000e+02   1.0585913062095642e-01
   1.1200000000000000e+02   1.0570902377367020e-01
   1.1300000000000000e+02   1.0553561896085739e-01
   1.1400000000000000e+02   1.0533811897039413e-01
   1.1500000000000000e+02   1.0510709136724472e-01
   1.1600000000000000e+02   1.0483422130346298e-01
   1.1700000000000000e+02   1.0451392829418182e-01
   1.1800000000000000e+02   1.0414855927228928e-01
   1.1900000000000000e+02   1.0373901575803757e-01
   1.2000000000000000e+02   1.0328669100999832e-01
   1.2100000000000000e+02   1.0279402136802673e-01
   1.2200000000000000e+02   1.0227071493864059e-01
   1.2300000000000000e+02   1.0173231363296509e-01
   1.2400000000000000e+02   1.0119087249040604e-01
   1.2500000000000000e+02   1.0064999759197235e-01
   1.2600000000000000e+02   1.0010395944118500e-01
   1.2700000000000000e+02   9.9537663161754608e-02
   1.2800000000000000e+02   9.8937980830669403e-02
   1.2900000000000000e+02   9.8296537995338440e-02
   1.3000000000000000e+02   9.7616434097290039e-02
   1.3100000000000000e+02   9.6907854080200195e-02
   1.3200000000000000e+02   9.6182160079479218e-02
   1.3300000000000000e+02   9.5450267195701599e-02
   1.3400000000000000e+02   9.4722509384155273e-02
   1.3500000000000000e+02   9.4007089734077454e-02
   1.3600000000000000e+02   9.3307264149188995e-02
   1.3700000000000000e+02   9.2618897557258606e-02
   1.3800000000000000e+02   9.1934427618980408e-02
   1.3900000000000000e+02   9.1244019567966461e-02
   1.4000000000000000e+02   9.0544894337654114e-02
   1.4100000000000000e+02   8.9832521975040436e-02
   1.4200000000000000e+02   8.9106082916259766e-02
   1.4300000000000000e+02   8.8369123637676239e-02
   1.4400000000000000e+02   8.7627239525318146e-02
   1.4500000000000000e+02   8.6886726319789886e-02
   1.4600000000000000e+02   8.6149662733078003e-02
   1.4700000000000000e+02   8.5410989820957184e-02
   1.4800000000000000e+02   8.4659777581691742e-02
   1.4900000000000000e+02   8.3890542387962341e-02
   1.5000000000000000e+02   8.3101250231266022e-02
   1.5100000000000000e+02   8.2295075058937073e-02
   1.5200000000000000e+02   8.1479519605636597e-02
   1.5300000000000000e+02   8.0661863088607788e-02
   1.5400000000000000e+02   7.9847089946269989e-02
   1.5500000000000000e+02   7.9035900533199310e-02
   1.5600000000000000e+02   7.8231886029243469e-02
   1.5700000000000000e+02   7.7438972890377045e-02
   1.5800000000000000e+02   7.6660610735416412e-02
   1.5900000000000000e+02   7.5896903872489929e-02
   1.6000000000000000e+02   7.5143501162528992e-02
   1.6100000000000000e+02   7.4399739503860474e-02
   1.6200000000000000e+02   7.3669523000717163e-02
   1.6300000000000000e+02   7.2959318757057190e-02
   1.6400000000000000e+02   7.2267152369022369e-02
   1.6500000000000000e+02   7.1589991450309753e-02
   1.6600000000000000e+02   7.0919245481491089e-02
   1.6700000000000000e+02   7.0247188210487366e-02
   1.6800000000000000e+02   6.9570146501064301e-02
   1.6900000000000000e+02   6.8891681730747223e-02
   1.7000000000000000e+02   6.8218372762203217e-02
   1.7100000000000000e+02   6.7557230591773987e-02
   1.7200000000000000e+02   6.6912025213241577e-02
   1.7300000000000000e+02   6.6284060478210449e-02
   1.7400000000000000e+02   6.5672144293785095e-02
   1.7500000000000000e+02   6.5075829625129700e-02
   1.7600000000000000e+02   6.4488686621189117e-02
   1.7700000000000000e+02   6.3906788825988770e-02
   1.7800000000000000e+02   6.3327588140964508e-02
   1.7900000000000000e+02   6.2755241990089417e-02
   1.8000000000000000e+02   6.2192782759666443e-02
   1.8100000000000000e+02   6.1646152287721634e-02
   1.8200000000000000e+02   6.1115775257349014e-02
   1.8300000000000000e+02   6.0599625110626221e-02
   1.8400000000000000e+02   6.0091182589530945e-02
   1.8500000000000000e+02   5.9586182236671448e-02
   1.8600000000000000e+02   5.9079132974147797e-02
   1.8700000000000000e+02   5.8571834117174149e-02
   1.8800000000000000e+02   5.8065477758646011e-02
   1.8900000000000000e+02   5.7564545422792435e-02
   1.9000000000000000e+02   5.7069052010774612e-02
   1.9100000000000000e+02   5.6576851755380630e-02
   1.9200000000000000e+02   5.6079979985952377e-02
   1.9300000000000000e+02   5.5573262274265289e-02
   1.9400000000000000e+02   5.5054504424333572e-02
   1.9500000000000000e+02   5.4525859653949738e-02
   1.9600000000000000e+02   5.3990978747606277e-02
   1.9700000000000000e+02   5.3456164896488190e-02
   1.9800000000000000e+02   5.2923344075679779e-02
   1.9900000000000000e+02   5.2395638078451157e-02
   2.0000000000000000e+02   5.1868107169866562e-02
   2.0100000000000000e+02   5.1336906850337982e-02
   2.0200000000000000e+02   5.0797391682863235e-02
   2.0300000000000000e+02   5.0247762352228165e-02
   2.0400000000000000e+02   4.9688253551721573e-02
   2.0500000000000000e+02   4.9119949340820312e-02
   2.0600000000000000e+02   4.8545747995376587e-02
   2.0700000000000000e+02   4.7971121966838837e-02
   2.0800000000000000e+02   4.7398120164871216e-02
   2.0900000000000000e+02   4.6828210353851318e-02
   2.1000000000000000e+02   4.6263840049505234e-02
   2.1100000000000000e+02   4.5709360390901566e-02
   2.1200000000000000e+02   4.5168027281761169e-02
   2.1300000000000000e+02   4.4637981802225113e-02
   2.1400000000000000e+02   4.4111452996730804e-02
   2.1500000000000000e+02   4.3585468083620071e-02
   2.1600000000000000e+02   4.3062485754489899e-02
   2.1700000000000000e+02   4.2548898607492447e-02
   2.1800000000000000e+02   4.2051427066326141e-02
   2.1900000000000000e+02   4.1573267430067062e-02
   2.2000000000000000e+02   4.1113059967756271e-02
   2.2100000000000000e+02   4.0666345506906509e-02
   2.2200000000000000e+02   4.0230076760053635e-02
   2.2300000000000000e+02   3.9802107959985733e-02
   2.2400000000000000e+02   3.9380867034196854e-02
   2.2500000000000000e+02   3.8961622864007950e-02
   2.2600000000000000e+02   3.8535051047801971e-02
   2.2700000000000000e+02   3.8097020238637924e-02
   2.2800000000000000e+02   3.7650413811206818e-02
   2.2900000000000000e+02   3.7203762680292130e-02
   2.3000000000000000e+02   3.6765098571777344e-02
   2.3100000000000000e+02   3.6335889250040054e-02
   2.3200000000000000e+02   3.5911541432142258e-02
   2.3300000000000000e+02   3.5484097898006439e-02
   2.3400000000000000e+02   3.5048533231019974e-02
   2.3500000000000000e+02   3.4605868160724640e-02
   2.3600000000000000e+02   3.4160215407609940e-02
   2.3700000000000000e+02   3.3717200160026550e-02
   2.3800000000000000e+02   3.3280726522207260e-02
   2.3900000000000000e+02   3.2852161675691605e-02
   2.4000000000000000e+02   3.2434117048978806e-02
   2.4100000000000000e+02   3.2031510025262833e-02
   2.4200000000000000e+02   3.1645532697439194e-02
   2.4300000000000000e+02   3.1275298446416855e-02
   2.4400000000000000e+02   3.0915975570678711e-02
   2.4500000000000000e+02   3.0558692291378975e-02
   2.4600000000000000e+02   3.0197212472558022e-02
   2.4700000000000000e+02   2.9829626902937889e-02
   2.4800000000000000e+02   2.9457835480570793e-02
   2.4900000000000000e+02   2.9086375609040260e-02
   2.5000000000000000e+02   2.8718270361423492e-02
   2.5100000000000000e+02   2.8356740251183510e-02
   2.5200000000000000e+02   2.8003502637147903e-02
   2.5300000000000000e+02   2.7658112347126007e-02
   2.5400000000000000e+02   2.7317712083458900e-02
   2.5500000000000000e+02   2.6978729292750359e-02
   2.5600000000000000e+02   2.6640674099326134e-02
   2.5700000000000000e+02   2.6303220540285110e-02
   2.5800000000000000e+02   2.5965651497244835e-02
   2.5900000000000000e+02   2.5627687573432922e-02
   2.6000000000000000e+02   2.5290232151746750e-02
   2.6100000000000000e+02   2.4957172572612762e-02
   2.6200000000000000e+02   2.4630773812532425e-02
   2.6300000000000000e+02   2.4315208196640015e-02
   2.6400000000000000e+02   2.4011634290218353e-02
   2.6500000000000000e+02   2.3719053715467453e-02
   2.6600000000000000e+02   2.3434516042470932e-02
   2.6700000000000000e+02   2.3152703419327736e-02
   2.6800000000000000e+02   2.2872937843203545e-02
   2.6900000000000000e+02   2.2594671696424484e-02
   2.7000000000000000e+02   2.2316465154290199e-02
   2.7100000000000000e+02   2.2034229710698128e-02
   2.7200000000000000e+02   2.1744450554251671e-02
   2.7300000000000000e+02   2.1446703001856804e-02
   2.7400000000000000e+02   2.1143674850463867e-02
   2.7500000000000000e+02   2.0842732861638069e-02
   2.7600000000000000e+02   2.0546957850456238e-02
   2.7700000000000000e+02   2.0256256684660912e-02
   2.7800000000000000e+02   1.9965710118412971e-02
   2.7900000000000000e+02   1.9667580723762512e-02
   2.8000000000000000e+02   1.9360166043043137e-02
   2.8100000000000000e+02   1.9044827669858932e-02
   2.8200000000000000e+02   1.8726026639342308e-02
   2.8300000000000000e+02   1.8406966701149940e-02
   2.8400000000000000e+02   1.8091548234224319e-02
   2.8500000000000000e+02   1.7783049494028091e-02
   2.8600000000000000e+02   1.7482971772551537e-02
   2.8700000000000000e+02   1.7193088307976723e-02
   2.8800000000000000e+02   1.6915729269385338e-02
   2.8900000000000000e+02   1.6653405502438545e-02
   2.9000000000000000e+02   1.6406988725066185e-02
   2.9100000000000000e+02   1.6178069636225700e-02
   2.9200000000000000e+02   1.5969684347510338e-02
   2.9300000000000000e+02   1.5784839168190956e-02
   2.9400000000000000e+02   1.5625240281224251e-02
   2.9500000000000000e+02   1.5486898832023144e-02
   2.9600000000000000e+02   1.5372064895927906e-02
   2.9700000000000000e+02   1.5276181511580944e-02
   2.9800000000000000e+02   1.5198663808405399e-02
   2.9900000000000000e+02   1.5137390233576298e-02
   3.0000000000000000e+02   1.5089751221239567e-02
