   1.0000000000000000e+00   2.7605000650510192e-04
   2.0000000000000000e+00   2.8026397922076285e-04
   3.0000000000000000e+00   2.8499664040282369e-04
   4.0000000000000000e+00   2.9030357836745679e-04
   5.0000000000000000e+00   2.9629288474097848e-04
   6.0000000000000000e+00   3.0324884573929012e-04
   7.0000000000000000e+00   3.1174704781733453e-04
   8.0000000000000000e+00   3.2135119545273483e-04
   9.0000000000000000e+00   3.3171975519508123e-04
   1.0000000000000000e+01   3.4203153336420655e-04
   1.1000000000000000e+01   3.5152747295796871e-04
   1.2000000000000000e+01   3.5976470098830760e-04
   1.3000000000000000e+01   3.6678061587736011e-04
   1.4000000000000000e+01   3.7278048694133759e-04
   1.5000000000000000e+01   3.7786079337820411e-04
   1.6000000000000000e+01   3.8220183341763914e-04
   1.7000000000000000e+01   3.8605596637353301e-04
   1.8000000000000000e+01   3.8971388130448759e-04
   1.9000000000000000e+01   3.9333614404313266e-04
   2.0000000000000000e+01   3.9672429556958377e-04
   2.1000000000000000e+01   3.9964984171092510e-04
   2.2000000000000000e+01   4.0212002932094038e-04
   2.3000000000000000e+01   4.0457420982420444e-04
   2.4000000000000000e+01   4.0750467451289296e-04
   2.5000000000000000e+01   4.1114146006293595e-04
   2.6000000000000000e+01   4.1528645670041442e-04
   2.7000000000000000e+01   4.1950165177695453e-04
   2.8000000000000000e+01   4.2343029053881764e-04
   2.9000000000000000e+01   4.2702732025645673e-04
   3.0000000000000000e+01   4.3062012991867959e-04
   3.1000000000000000e+01   4.3467254727147520e-04
   3.2000000000000000e+01   4.3951818952336907e-04
   3.3000000000000000e+01   4.4559600064530969e-04
   3.4000000000000000e+01   4.5354710891842842e-04
   3.5000000000000000e+01   4.6439847210422158e-04
   3.6000000000000000e+01   4.7926823026500642e-04
   3.7000000000000000e+01   4.9942539772018790e-04
   3.8000000000000000e+01   5.2621163194999099e-04
   3.9000000000000000e+01   5.6124670663848519e-04
   4.0000000000000000e+01   6.0676044085994363e-04
   4.1000000000000000e+01   6.6589796915650368e-04
   4.2000000000000000e+01   7.4290542397648096e-04
   4.3000000000000000e+01   8.4298063302412629e-04
   4.4000000000000000e+01   9.7219087183475494e-04
   4.5000000000000000e+01   1.1372866574674845e-03
   4.6000000000000000e+01   1.3460495974868536e-03
   4.7000000000000000e+01   1.6074060695245862e-03
   4.8000000000000000e+01   1.9310064380988479e-03
   4.9000000000000000e+01   2.3279816377907991e-03
   5.0000000000000000e+01   2.8105974197387695e-03
   5.1000000000000000e+01   3.3907836768776178e-03
   5.2000000000000000e+01   4.0810052305459976e-03
   5.3000000000000000e+01   4.8932563513517380e-03
   5.4000000000000000e+01   5.8403499424457550e-03
   5.5000000000000000e+01   6.9376560859382153e-03
   5.6000000000000000e+01   8.2010785117745399e-03
   5.7000000000000000e+01   9.6452049911022186e-03
   5.8000000000000000e+01   1.1282402090728283e-02
   5.9000000000000000e+01   1.3121849857270718e-02
   6.0000000000000000e+01   1.5169551596045494e-02
   6.1000000000000000e+01   1.7429569736123085e-02
   6.2000000000000000e+01   1.9904455170035362e-02
   6.3000000000000000e+01   2.2593738511204720e-02
   6.4000000000000000e+01   2.5491485372185707e-02
   6.5000000000000000e+01   2.8584877029061317e-02
   6.6000000000000000e+01   3.1855583190917969e-02
   6.7000000000000000e+01   3.5283442586660385e-02
   6.8000000000000000e+01   3.8843948394060135e-02
   6.9000000000000000e+01   4.2510196566581726e-02
   7.0000000000000000e+01   4.6252999454736710e-02
   7.1000000000000000e+01   5.0040502101182938e-02
   7.2000000000000000e+01   5.3841978311538696e-02
   7.3000000000000000e+01   5.7626996189355850e-02
   7.4000000000000000e+01   6.1368733644485474e-02
   7.5000000000000000e+01   6.5040841698646545e-02
   7.6000000000000000e+01   6.8614982068538666e-02
   7.7000000000000000e+01   7.2063066065311432e-02
   7.8000000000000000e+01   7.5360991060733795e-02
   7.9000000000000000e+01   7.8495793044567108e-02
   8.0000000000000000e+01   8.1460528075695038e-02
   8.1000000000000000e+01   8.4253191947937012e-02
   8.2000000000000000e+01   8.6871765553951263e-02
   8.3000000000000000e+01   8.9312508702278137e-02
   8.4000000000000000e+01   9.1570600867271423e-02
   8.5000000000000000e+01   9.3638665974140167e-02
   8.6000000000000000e+01   9.5516212284564972e-02
   8.7000000000000000e+01   9.7204379737377167e-02
   8.8000000000000000e+01   9.8710022866725922e-02
   8.9000000000000000e+01   1.0004109144210815e-01
   9.0000000000000000e+01   1.0120716691017151e-01
   9.1000000000000000e+01   1.0222182422876358e-01
   9.2000000000000000e+01   1.0309795290231705e-01
   9.3000000000000000e+01   1.0384652018547058e-01
   9.4000000000000000e+01   1.0447275638580322e-01
   9.5000000000000000e+01   1.0497982800006866e-01
   9.6000000000000000e+01   1.0537460446357727e-01
   9.7000000000000000e+01   1.0566399246454239e-01
   9.8000000000000000e+01   1.0585881769657135e-01
   9.9000000000000000e+01   1.0596787929534912e-01
   1.0000000000000000e+02   1.0599978268146515e-01
   1.0100000000000000e+02   1.0596225410699844e-01
   1.0200000000000000e+02   1.0586313158273697e-01
   1.0300000000000000e+02   1.0570774972438812e-01
   1.0400000000000000e+02   1.0549740493297577e-01
   1.0500000000000000e+02   1.0523167997598648e-01
   1.0600000000000000e+02   1.0491111129522324e-01
   1.0700000000000000e+02   1.0453730821609497e-01
   1.0800000000000000e+02   1.0411117225885391e-01
   1.0900000000000000e+02   1.0363008826971054e-01
   1.1000000000000000e+02   1.0308996587991714e-01
   1.1100000000000000e+02   1.0248634219169617e-01
   1.1200000000000000e+02   1.0181957483291626e-01
   1.1300000000000000e+02   1.0109923779964447e-01
   1.1400000000000000e+02   1.0033860057592392e-01
   1.1500000000000000e+02   9.9551349878311157e-02
   1.1600000000000000e+02   9.8744943737983704e-02
   1.1700000000000000e+02   9.7919464111328125e-02
   1.1800000000000000e+02   9.7073003649711609e-02
   1.1900000000000000e+02   9.6208319067955017e-02
   1.2000000000000000e+02   9.5330916345119476e-02
   1.2100000000000000e+02   9.4447784125804901e-02
   1.2200000000000000e+02   9.3563877046108246e-02
   1.2300000000000000e+02   9.2677973210811615e-02
   1.2400000000000000e+02   9.1785453259944916e-02
   1.2500000000000000e+02   9.0885728597640991e-02
   1.2600000000000000e+02   8.9977160096168518e-02
   1.2700000000000000e+02   8.9062102138996124e-02
   1.2800000000000000e+02   8.8141947984695435e-02
   1.2900000000000000e+02   8.7220646440982819e-02
   1.3000000000000000e+02   8.6300455033779144e-02
   1.3100000000000000e+02   8.5378408432006836e-02
   1.3200000000000000e+02   8.4448024630546570e-02
   1.3300000000000000e+02   8.3503760397434235e-02
   1.3400000000000000e+02   8.2541294395923615e-02
   1.3500000000000000e+02   8.1559397280216217e-02
   1.3600000000000000e+02   8.0556310713291168e-02
   1.3700000000000000e+02   7.9536348581314087e-02
   1.3800000000000000e+02   7.8510001301765442e-02
   1.3900000000000000e+02   7.7493160963058472e-02
   1.4000000000000000e+02   7.6494969427585602e-02
   1.4100000000000000e+02   7.5519092381000519e-02
   1.4200000000000000e+02   7.4557892978191376e-02
   1.4300000000000000e+02   7.3599748313426971e-02
   1.4400000000000000e+02   7.2634078562259674e-02
   1.4500000000000000e+02   7.1657471358776093e-02
   1.4600000000000000e+02   7.0675142109394073e-02
   1.4700000000000000e+02   6.9700956344604492e-02
   1.4800000000000000e+02   6.8744681775569916e-02
   1.4900000000000000e+02   6.7808538675308228e-02
   1.5000000000000000e+02   6.6887982189655304e-02
   1.5100000000000000e+02   6.5975986421108246e-02
   1.5200000000000000e+02   6.5065719187259674e-02
   1.5300000000000000e+02   6.4155258238315582e-02
   1.5400000000000000e+02   6.3240766525268555e-02
   1.5500000000000000e+02   6.2324095517396927e-02
   1.5600000000000000e+02   6.1408475041389465e-02
   1.5700000000000000e+02   6.0503423213958740e-02
   1.5800000000000000e+02   5.9614501893520355e-02
   1.5900000000000000e+02   5.8746222406625748e-02
   1.6000000000000000e+02   5.7895407080650330e-02
   1.6100000000000000e+02   5.7055201381444931e-02
   1.6200000000000000e+02   5.6217502802610397e-02
   1.6300000000000000e+02   5.5376634001731873e-02
   1.6400000000000000e+02   5.4532740265130997e-02
   1.6500000000000000e+02   5.3692724555730820e-02
   1.6600000000000000e+02   5.2864179015159607e-02
   1.6700000000000000e+02   5.2055593580007553e-02
   1.6800000000000000e+02   5.1265526562929153e-02
   1.6900000000000000e+02   5.0495285540819168e-02
   1.7000000000000000e+02   4.9743138253688812e-02
   1.7100000000000000e+02   4.9012422561645508e-02
   1.7200000000000000e+02   4.8300988972187042e-02
   1.7300000000000000e+02   4.7604896128177643e-02
   1.7400000000000000e+02   4.6916734427213669e-02
   1.7500000000000000e+02   4.6232301741838455e-02
   1.7600000000000000e+02   4.5550573617219925e-02
   1.7700000000000000e+02   4.4874690473079681e-02
   1.7800000000000000e+02   4.4209063053131104e-02
   1.7900000000000000e+02   4.3560601770877838e-02
   1.8000000000000000e+02   4.2932014912366867e-02
   1.8100000000000000e+02   4.2326003313064575e-02
   1.8200000000000000e+02   4.1738573461771011e-02
   1.8300000000000000e+02   4.1170090436935425e-02
   1.8400000000000000e+02   4.0617302060127258e-02
   1.8500000000000000e+02   4.0077500045299530e-02
   1.8600000000000000e+02   3.9542384445667267e-02
   1.8700000000000000e+02   3.9005033671855927e-02
   1.8800000000000000e+02   3.8462933152914047e-02
   1.8900000000000000e+02   3.7919629365205765e-02
   1.9000000000000000e+02   3.7382468581199646e-02
   1.9100000000000000e+02   3.6858629435300827e-02
   1.9200000000000000e+02   3.6349631845951080e-02
   1.9300000000000000e+02   3.5856246948242188e-02
   1.9400000000000000e+02   3.5372622311115265e-02
   1.9500000000000000e+02   3.4894075244665146e-02
   1.9600000000000000e+02   3.4414585679769516e-02
   1.9700000000000000e+02   3.3930230885744095e-02
   1.9800000000000000e+02   3.3436242491006851e-02
   1.9900000000000000e+02   3.2930843532085419e-02
   2.0000000000000000e+02   3.2415423542261124e-02
   2.0100000000000000e+02   3.1895902007818222e-02
   2.0200000000000000e+02   3.1380176544189453e-02
   2.0300000000000000e+02   3.0875796452164650e-02
   2.0400000000000000e+02   3.0384670943021774e-02
   2.0500000000000000e+02   2.9905283823609352e-02
   2.0600000000000000e+02   2.9433747753500938e-02
   2.0700000000000000e+02   2.8967447578907013e-02
   2.0800000000000000e+02   2.8506627306342125e-02
   2.0900000000000000e+02   2.8054287657141685e-02
   2.1000000000000000e+02   2.7612973004579544e-02
   2.1100000000000000e+02   2.7184708043932915e-02
   2.1200000000000000e+02   2.6770124211907387e-02
   2.1300000000000000e+02   2.6369880884885788e-02
   2.1400000000000000e+02   2.5982622057199478e-02
   2.1500000000000000e+02   2.5604464113712311e-02
   2.1600000000000000e+02   2.5229124352335930e-02
   2.1700000000000000e+02   2.4851057678461075e-02
   2.1800000000000000e+02   2.4467328563332558e-02
   2.1900000000000000e+02   2.4079602211713791e-02
   2.2000000000000000e+02   2.3693062365055084e-02
   2.2100000000000000e+02   2.3314764723181725e-02
   2.2200000000000000e+02   2.2950598970055580e-02
   2.2300000000000000e+02   2.2601174190640450e-02
   2.2400000000000000e+02   2.2263322025537491e-02
   2.2500000000000000e+02   2.1930206567049026e-02
   2.2600000000000000e+02   2.1593982353806496e-02
   2.2700000000000000e+02   2.1248679608106613e-02
   2.2800000000000000e+02   2.0891644060611725e-02
   2.2900000000000000e+02   2.0526114851236343e-02
   2.3000000000000000e+02   2.0158417522907257e-02
   2.3100000000000000e+02   1.9796309992671013e-02
   2.3200000000000000e+02   1.9445648416876793e-02
   2.3300000000000000e+02   1.9109474495053291e-02
   2.3400000000000000e+02   1.8785495311021805e-02
   2.3500000000000000e+02   1.8468407914042473e-02
   2.3600000000000000e+02   1.8151795491576195e-02
   2.3700000000000000e+02   1.7831021919846535e-02
   2.3800000000000000e+02   1.7503239214420319e-02
   2.3900000000000000e+02   1.7168242484331131e-02
   2.4000000000000000e+02   1.6831295564770699e-02
   2.4100000000000000e+02   1.6500070691108704e-02
   2.4200000000000000e+02   1.6182405874133110e-02
   2.4300000000000000e+02   1.5882600098848343e-02
   2.4400000000000000e+02   1.5598793514072895e-02
   2.4500000000000000e+02   1.5326598659157753e-02
   2.4600000000000000e+02   1.5060924924910069e-02
   2.4700000000000000e+02   1.4798007905483246e-02
   2.4800000000000000e+02   1.4535476453602314e-02
   2.4900000000000000e+02   1.4273824170231819e-02
   2.5000000000000000e+02   1.4014621265232563e-02
   2.5100000000000000e+02   1.3759681954979897e-02
   2.5200000000000000e+02   1.3511639088392258e-02
   2.5300000000000000e+02   1.3271208852529526e-02
   2.5400000000000000e+02   1.3037553988397121e-02
   2.5500000000000000e+02   1.2807328253984451e-02
   2.5600000000000000e+02   1.2577243149280548e-02
   2.5700000000000000e+02   1.2344170361757278e-02
   2.5800000000000000e+02   1.2108523398637772e-02
   2.5900000000000000e+02   1.1870529502630234e-02
   2.6000000000000000e+02   1.1631714180111885e-02
   2.6100000000000000e+02   1.1393572203814983e-02
   2.6200000000000000e+02   1.1158864945173264e-02
   2.6300000000000000e+02   1.0930091142654419e-02
   2.6400000000000000e+02   1.0708644054830074e-02
   2.6500000000000000e+02   1.0493157431483269e-02
   2.6600000000000000e+02   1.0281185619533062e-02
   2.6700000000000000e+02   1.0069709271192551e-02
   2.6800000000000000e+02   9.8582552745938301e-03
   2.6900000000000000e+02   9.6472818404436111e-03
   2.7000000000000000e+02   9.4383722171187401e-03
   2.7100000000000000e+02   9.2330155894160271e-03
   2.7200000000000000e+02   9.0321842581033707e-03
   2.7300000000000000e+02   8.8355410844087601e-03
   2.7400000000000000e+02   8.6443498730659485e-03
   2.7500000000000000e+02   8.4578348323702812e-03
   2.7600000000000000e+02   8.2749873399734497e-03
   2.7700000000000000e+02   8.0928355455398560e-03
   2.7800000000000000e+02   7.9084206372499466e-03
   2.7900000000000000e+02   7.7208001166582108e-03
   2.8000000000000000e+02   7.5316559523344040e-03
   2.8100000000000000e+02   7.3438393883407116e-03
   2.8200000000000000e+02   7.1596875786781311e-03
   2.8300000000000000e+02   6.9822245277464390e-03
   2.8400000000000000e+02   6.8133859895169735e-03
   2.8500000000000000e+02   6.6531556658446789e-03
   2.8600000000000000e+02   6.4998329617083073e-03
   2.8700000000000000e+02   6.3502164557576180e-03
   2.8800000000000000e+02   6.2029976397752762e-03
   2.8900000000000000e+02   6.0589783824980259e-03
   2.9000000000000000e+02   5.9223533608019352e-03
   2.9100000000000000e+02   5.7985489256680012e-03
   2.9200000000000000e+02   5.6927050463855267e-03
   2.9300000000000000e+02   5.6068371050059795e-03
   2.9400000000000000e+02   5.5385287851095200e-03
   2.9500000000000000e+02   5.4827514104545116e-03
   2.9600000000000000e+02   5.4381806403398514e-03
   2.9700000000000000e+02   5.4013370536267757e-03
   2.9800000000000000e+02   5.3706313483417034e-03
   2.9900000000000000e+02   5.3450446575880051e-03
   3.0000000000000000e+02   5.3237644024193287e-03
