   1.0000000000000000e+00   8.5732519626617432e-02
   2.0000000000000000e+00   8.9537590742111206e-02
   3.0000000000000000e+00   9.3360073864459991e-02
   4.0000000000000000e+00   9.7085565328598022e-02
   5.0000000000000000e+00   1.0086106508970261e-01
   6.0000000000000000e+00   1.0435226559638977e-01
   7.0000000000000000e+00   1.0780174285173416e-01
   8.0000000000000000e+00   1.1116426438093185e-01
   9.0000000000000000e+00   1.1766447871923447e-01
   1.0000000000000000e+01   1.2425935268402100e-01
   1.1000000000000000e+01   1.3058766722679138e-01
   1.2000000000000000e+01   1.3689400255680084e-01
   1.3000000000000000e+01   1.4267443120479584e-01
   1.4000000000000000e+01   1.4807818830013275e-01
   1.5000000000000000e+01   1.5337571501731873e-01
   1.6000000000000000e+01   1.5789571404457092e-01
   1.7000000000000000e+01   1.6186162829399109e-01
   1.8000000000000000e+01   1.6525202989578247e-01
   1.9000000000000000e+01   1.6815350949764252e-01
   2.0000000000000000e+01   1.7043380439281464e-01
   2.1000000000000000e+01   1.7258305847644806e-01
   2.2000000000000000e+01   1.7407205700874329e-01
   2.3000000000000000e+01   1.7516413331031799e-01
   2.4000000000000000e+01   1.7583867907524109e-01
   2.5000000000000000e+01   1.7603124678134918e-01
   2.6000000000000000e+01   1.7597943544387817e-01
   2.7000000000000000e+01   1.7557087540626526e-01
   2.8000000000000000e+01   1.7504182457923889e-01
   2.9000000000000000e+01   1.7421135306358337e-01
   3.0000000000000000e+01   1.7309559881687164e-01
   3.1000000000000000e+01   1.7182336747646332e-01
   3.2000000000000000e+01   1.7040130496025085e-01
   3.3000000000000000e+01   1.6881343722343445e-01
   3.4000000000000000e+01   1.6712835431098938e-01
   3.5000000000000000e+01   1.6554407775402069e-01
   3.6000000000000000e+01   1.6361697018146515e-01
   3.7000000000000000e+01   1.6181115806102753e-01
   3.8000000000000000e+01   1.5983583033084869e-01
   3.9000000000000000e+01   1.5778249502182007e-01
   4.0000000000000000e+01   1.5592172741889954e-01
   4.1000000000000000e+01   1.5386132895946503e-01
   4.2000000000000000e+01   1.5182273089885712e-01
   4.3000000000000000e+01   1.4977535605430603e-01
   4.4000000000000000e+01   1.4767073094844818e-01
   4.5000000000000000e+01   1.4554424583911896e-01
   4.6000000000000000e+01   1.4363151788711548e-01
   4.7000000000000000e+01   1.4158736169338226e-01
   4.8000000000000000e+01   1.3971096277236938e-01
   4.9000000000000000e+01   1.3796147704124451e-01
   5.0000000000000000e+01   1.3593879342079163e-01
   5.1000000000000000e+01   1.3405853509902954e-01
   5.2000000000000000e+01   1.3226513564586639e-01
   5.3000000000000000e+01   1.3038522005081177e-01
   5.4000000000000000e+01   1.2860603630542755e-01
   5.5000000000000000e+01   1.2671941518783569e-01
   5.6000000000000000e+01   1.2487486004829407e-01
   5.7000000000000000e+01   1.2309940159320831e-01
   5.8000000000000000e+01   1.2124042212963104e-01
   5.9000000000000000e+01   1.1947372555732727e-01
   6.0000000000000000e+01   1.1767072975635529e-01
   6.1000000000000000e+01   1.1589249223470688e-01
   6.2000000000000000e+01   1.1418251693248749e-01
   6.3000000000000000e+01   1.1240458488464355e-01
   6.4000000000000000e+01   1.1054599285125732e-01
   6.5000000000000000e+01   1.0872434079647064e-01
   6.6000000000000000e+01   1.0690828412771225e-01
   6.7000000000000000e+01   1.0491038113832474e-01
   6.8000000000000000e+01   1.0317032784223557e-01
   6.9000000000000000e+01   1.0139353573322296e-01
   7.0000000000000000e+01   9.9706411361694336e-02
   7.1000000000000000e+01   9.8005197942256927e-02
   7.2000000000000000e+01   9.6115224063396454e-02
   7.3000000000000000e+01   9.4453580677509308e-02
   7.4000000000000000e+01   9.2764616012573242e-02
   7.5000000000000000e+01   9.1073893010616302e-02
   7.6000000000000000e+01   8.9322254061698914e-02
   7.7000000000000000e+01   8.7694101035594940e-02
   7.8000000000000000e+01   8.5897393524646759e-02
   7.9000000000000000e+01   8.4270872175693512e-02
   8.0000000000000000e+01   8.2785323262214661e-02
   8.1000000000000000e+01   8.1327170133590698e-02
   8.2000000000000000e+01   7.9905964434146881e-02
   8.3000000000000000e+01   7.8463464975357056e-02
   8.4000000000000000e+01   7.7042855322360992e-02
   8.5000000000000000e+01   7.5462386012077332e-02
   8.6000000000000000e+01   7.4037998914718628e-02
   8.7000000000000000e+01   7.2866424918174744e-02
   8.8000000000000000e+01   7.1503095328807831e-02
   8.9000000000000000e+01   7.0175498723983765e-02
   9.0000000000000000e+01   6.8840771913528442e-02
   9.1000000000000000e+01   6.7598670721054077e-02
   9.2000000000000000e+01   6.6339604556560516e-02
   9.3000000000000000e+01   6.5345183014869690e-02
   9.4000000000000000e+01   6.4151652157306671e-02
   9.5000000000000000e+01   6.2951691448688507e-02
   9.6000000000000000e+01   6.1724416911602020e-02
   9.7000000000000000e+01   6.0662444680929184e-02
   9.8000000000000000e+01   5.9570945799350739e-02
   9.9000000000000000e+01   5.8472789824008942e-02
   1.0000000000000000e+02   5.7595428079366684e-02
   1.0100000000000000e+02   5.6572619825601578e-02
   1.0200000000000000e+02   5.5570650845766068e-02
   1.0300000000000000e+02   5.4541986435651779e-02
   1.0400000000000000e+02   5.3552877157926559e-02
   1.0500000000000000e+02   5.2503205835819244e-02
   1.0600000000000000e+02   5.1481947302818298e-02
   1.0700000000000000e+02   5.0464484840631485e-02
   1.0800000000000000e+02   4.9316275864839554e-02
   1.0900000000000000e+02   4.8235058784484863e-02
   1.1000000000000000e+02   4.7154862433671951e-02
   1.1100000000000000e+02   4.6057444065809250e-02
   1.1200000000000000e+02   4.4880066066980362e-02
   1.1300000000000000e+02   4.3720088899135590e-02
   1.1400000000000000e+02   4.2691621929407120e-02
   1.1500000000000000e+02   4.1536185890436172e-02
   1.1600000000000000e+02   4.0436826646327972e-02
   1.1700000000000000e+02   3.9273835718631744e-02
   1.1800000000000000e+02   3.8127575069665909e-02
   1.1900000000000000e+02   3.6988735198974609e-02
   1.2000000000000000e+02   3.6022577434778214e-02
   1.2100000000000000e+02   3.4909594804048538e-02
   1.2200000000000000e+02   3.3831980079412460e-02
   1.2300000000000000e+02   3.2886881381273270e-02
   1.2400000000000000e+02   3.1836096197366714e-02
   1.2500000000000000e+02   3.0802439898252487e-02
   1.2600000000000000e+02   2.9859047383069992e-02
   1.2700000000000000e+02   2.8942698612809181e-02
   1.2800000000000000e+02   2.8040472418069839e-02
   1.2900000000000000e+02   2.7024118229746819e-02
   1.3000000000000000e+02   2.6066558435559273e-02
   1.3100000000000000e+02   2.5182498618960381e-02
   1.3200000000000000e+02   2.4224488064646721e-02
   1.3300000000000000e+02   2.3346440866589546e-02
   1.3400000000000000e+02   2.2492617368698120e-02
   1.3500000000000000e+02   2.1617054939270020e-02
   1.3600000000000000e+02   2.0877368748188019e-02
   1.3700000000000000e+02   2.0059149712324142e-02
   1.3800000000000000e+02   1.9264632835984230e-02
   1.3900000000000000e+02   1.8589103594422340e-02
   1.4000000000000000e+02   1.7945094034075737e-02
   1.4100000000000000e+02   1.7316851764917374e-02
   1.4200000000000000e+02   1.6680305823683739e-02
   1.4300000000000000e+02   1.6070140525698662e-02
   1.4400000000000000e+02   1.5556219965219498e-02
   1.4500000000000000e+02   1.5020404942333698e-02
   1.4600000000000000e+02   1.4474529772996902e-02
   1.4700000000000000e+02   1.4014287851750851e-02
   1.4800000000000000e+02   1.3555271551012993e-02
   1.4900000000000000e+02   1.3058898970484734e-02
   1.5000000000000000e+02   1.2649717740714550e-02
   1.5100000000000000e+02   1.2236838229000568e-02
   1.5200000000000000e+02   1.1837801896035671e-02
   1.5300000000000000e+02   1.1444637551903725e-02
   1.5400000000000000e+02   1.1012422852218151e-02
   1.5500000000000000e+02   1.0648111812770367e-02
   1.5600000000000000e+02   1.0255815461277962e-02
   1.5700000000000000e+02   9.8780551925301552e-03
   1.5800000000000000e+02   9.5227044075727463e-03
   1.5900000000000000e+02   9.1760372743010521e-03
   1.6000000000000000e+02   8.8634015992283821e-03
   1.6100000000000000e+02   8.5130995139479637e-03
   1.6200000000000000e+02   8.1716291606426239e-03
   1.6300000000000000e+02   7.8587876632809639e-03
   1.6400000000000000e+02   7.6067941263318062e-03
   1.6500000000000000e+02   7.3590297251939774e-03
   1.6600000000000000e+02   7.1042878553271294e-03
   1.6700000000000000e+02   6.8806181661784649e-03
   1.6800000000000000e+02   6.6275242716073990e-03
   1.6900000000000000e+02   6.4834682270884514e-03
   1.7000000000000000e+02   6.2555619515478611e-03
   1.7100000000000000e+02   6.0758856125175953e-03
   1.7200000000000000e+02   5.8746105059981346e-03
   1.7300000000000000e+02   5.6639830581843853e-03
   1.7400000000000000e+02   5.4511646740138531e-03
   1.7500000000000000e+02   5.2865962497889996e-03
   1.7600000000000000e+02   5.1250974647700787e-03
   1.7700000000000000e+02   4.9835322424769402e-03
   1.7800000000000000e+02   4.8714051954448223e-03
   1.7900000000000000e+02   4.7225872986018658e-03
   1.8000000000000000e+02   4.5429789461195469e-03
   1.8100000000000000e+02   4.3311538174748421e-03
   1.8200000000000000e+02   4.1794101707637310e-03
   1.8300000000000000e+02   4.0250453166663647e-03
   1.8400000000000000e+02   3.8675195537507534e-03
   1.8500000000000000e+02   3.7547214888036251e-03
   1.8600000000000000e+02   3.5845891106873751e-03
   1.8700000000000000e+02   3.4812144003808498e-03
   1.8800000000000000e+02   3.3789549488574266e-03
   1.8900000000000000e+02   3.2360062468796968e-03
   1.9000000000000000e+02   3.1002731993794441e-03
   1.9100000000000000e+02   3.0220365151762962e-03
   1.9200000000000000e+02   2.9201146680861712e-03
   1.9300000000000000e+02   2.7962499298155308e-03
   1.9400000000000000e+02   2.6795836165547371e-03
   1.9500000000000000e+02   2.5883035268634558e-03
   1.9600000000000000e+02   2.4829718749970198e-03
   1.9700000000000000e+02   2.3965057916939259e-03
   1.9800000000000000e+02   2.3384797386825085e-03
   1.9900000000000000e+02   2.2579422220587730e-03
   2.0000000000000000e+02   2.1750032901763916e-03
   2.0100000000000000e+02   2.1094756666570902e-03
   2.0200000000000000e+02   2.0361109636723995e-03
   2.0300000000000000e+02   1.9670058973133564e-03
   2.0400000000000000e+02   1.9175006309524179e-03
   2.0500000000000000e+02   1.8677830230444670e-03
   2.0600000000000000e+02   1.8104705959558487e-03
   2.0700000000000000e+02   1.7525783041492105e-03
   2.0800000000000000e+02   1.7018173821270466e-03
   2.0900000000000000e+02   1.6690072370693088e-03
   2.1000000000000000e+02   1.6270639607682824e-03
   2.1100000000000000e+02   1.5981792239472270e-03
   2.1200000000000000e+02   1.5603441279381514e-03
   2.1300000000000000e+02   1.5310531016439199e-03
   2.1400000000000000e+02   1.4998076949268579e-03
   2.1500000000000000e+02   1.4760446501895785e-03
   2.1600000000000000e+02   1.4454395277425647e-03
   2.1700000000000000e+02   1.4333842555060983e-03
   2.1800000000000000e+02   1.4218573924154043e-03
   2.1900000000000000e+02   1.3951131841167808e-03
   2.2000000000000000e+02   1.3722102157771587e-03
   2.2100000000000000e+02   1.3360644225031137e-03
   2.2200000000000000e+02   1.2979948660358787e-03
   2.2300000000000000e+02   1.2852079235017300e-03
   2.2400000000000000e+02   1.2597346212714911e-03
   2.2500000000000000e+02   1.2298329966142774e-03
   2.2600000000000000e+02   1.2221971992403269e-03
   2.2700000000000000e+02   1.2023852905258536e-03
   2.2800000000000000e+02   1.1735672596842051e-03
   2.2900000000000000e+02   1.1542203137651086e-03
   2.3000000000000000e+02   1.1313182767480612e-03
   2.3100000000000000e+02   1.1206490453332663e-03
   2.3200000000000000e+02   1.0996212949976325e-03
   2.3300000000000000e+02   1.0884177172556520e-03
   2.3400000000000000e+02   1.0790823725983500e-03
   2.3500000000000000e+02   1.0675038211047649e-03
   2.3600000000000000e+02   1.0767501080408692e-03
   2.3700000000000000e+02   1.0775859700515866e-03
   2.3800000000000000e+02   1.0605960851535201e-03
   2.3900000000000000e+02   1.0561445960775018e-03
   2.4000000000000000e+02   1.0491174180060625e-03
   2.4100000000000000e+02   1.0516043985262513e-03
   2.4200000000000000e+02   1.0370848467573524e-03
   2.4300000000000000e+02   1.0520535288378596e-03
   2.4400000000000000e+02   1.0581604437902570e-03
   2.4500000000000000e+02   1.0515445610508323e-03
   2.4600000000000000e+02   1.0475575691089034e-03
   2.4700000000000000e+02   1.0478927288204432e-03
   2.4800000000000000e+02   1.0321707231923938e-03
   2.4900000000000000e+02   1.0308645432814956e-03
   2.5000000000000000e+02   1.0380257153883576e-03
   2.5100000000000000e+02   1.0179086821153760e-03
   2.5200000000000000e+02   1.0226891608908772e-03
   2.5300000000000000e+02   1.0268448386341333e-03
   2.5400000000000000e+02   1.0275007225573063e-03
   2.5500000000000000e+02   1.0297331027686596e-03
   2.5600000000000000e+02   1.0175035567954183e-03
   2.5700000000000000e+02   1.0333866812288761e-03
   2.5800000000000000e+02   1.0236728703603148e-03
   2.5900000000000000e+02   1.0095551842823625e-03
   2.6000000000000000e+02   1.0051263961941004e-03
   2.6100000000000000e+02   9.9572108592838049e-04
   2.6200000000000000e+02   9.9302409216761589e-04
   2.6300000000000000e+02   9.9465053062886000e-04
   2.6400000000000000e+02   9.8613940645009279e-04
   2.6500000000000000e+02   9.7106711473315954e-04
   2.6600000000000000e+02   9.7493140492588282e-04
   2.6700000000000000e+02   9.5821154536679387e-04
   2.6800000000000000e+02   9.5919851446524262e-04
   2.6900000000000000e+02   9.4441871624439955e-04
   2.7000000000000000e+02   9.3673443188890815e-04
   2.7100000000000000e+02   9.4340258510783315e-04
   2.7200000000000000e+02   9.2959281755611300e-04
   2.7300000000000000e+02   9.1839581727981567e-04
   2.7400000000000000e+02   8.9783006114885211e-04
   2.7500000000000000e+02   8.9698721421882510e-04
   2.7600000000000000e+02   8.9991983259096742e-04
   2.7700000000000000e+02   8.9892867254093289e-04
   2.7800000000000000e+02   8.9570990530773997e-04
   2.7900000000000000e+02   8.9872372336685658e-04
   2.8000000000000000e+02   9.0922898380085826e-04
   2.8100000000000000e+02   8.9669902808964252e-04
   2.8200000000000000e+02   9.0511463349685073e-04
   2.8300000000000000e+02   8.9888548245653510e-04
   2.8400000000000000e+02   9.0295606059953570e-04
   2.8500000000000000e+02   9.1234623687341809e-04
   2.8600000000000000e+02   8.9409749489277601e-04
   2.8700000000000000e+02   8.8828161824494600e-04
   2.8800000000000000e+02   8.6958595784381032e-04
   2.8900000000000000e+02   8.6436409037560225e-04
   2.9000000000000000e+02   8.6632173042744398e-04
   2.9100000000000000e+02   8.5555290570482612e-04
   2.9200000000000000e+02   8.3824124885722995e-04
   2.9300000000000000e+02   8.2896952517330647e-04
   2.9400000000000000e+02   8.2463008584454656e-04
   2.9500000000000000e+02   8.0709246685728431e-04
   2.9600000000000000e+02   8.0998474732041359e-04
   2.9700000000000000e+02   7.9671083949506283e-04
   2.9800000000000000e+02   7.8467454295605421e-04
   2.9900000000000000e+02   7.7588146086782217e-04
   3.0000000000000000e+02   7.4992654845118523e-04
