   1.0000000000000000e+00   6.7805029451847076e-02
   2.0000000000000000e+00   7.0170901715755463e-02
   3.0000000000000000e+00   7.2540469467639923e-02
   4.0000000000000000e+00   7.5309693813323975e-02
   5.0000000000000000e+00   7.8199170529842377e-02
   6.0000000000000000e+00   8.1075504422187805e-02
   7.0000000000000000e+00   8.3690062165260315e-02
   8.0000000000000000e+00   8.6259812116622925e-02
   9.0000000000000000e+00   9.1299168765544891e-02
   1.0000000000000000e+01   9.6253141760826111e-02
   1.1000000000000000e+01   1.0110522806644440e-01
   1.2000000000000000e+01   1.0534664243459702e-01
   1.3000000000000000e+01   1.0969325155019760e-01
   1.4000000000000000e+01   1.1350813508033752e-01
   1.5000000000000000e+01   1.1730092018842697e-01
   1.6000000000000000e+01   1.2060821801424026e-01
   1.7000000000000000e+01   1.2392977625131607e-01
   1.8000000000000000e+01   1.2702819705009460e-01
   1.9000000000000000e+01   1.2934888899326324e-01
   2.0000000000000000e+01   1.3108591735363007e-01
   2.1000000000000000e+01   1.3236930966377258e-01
   2.2000000000000000e+01   1.3363429903984070e-01
   2.3000000000000000e+01   1.3455633819103241e-01
   2.4000000000000000e+01   1.3532003760337830e-01
   2.5000000000000000e+01   1.3585992157459259e-01
   2.6000000000000000e+01   1.3585747778415680e-01
   2.7000000000000000e+01   1.3583856821060181e-01
   2.8000000000000000e+01   1.3549567759037018e-01
   2.9000000000000000e+01   1.3480469584465027e-01
   3.0000000000000000e+01   1.3407738506793976e-01
   3.1000000000000000e+01   1.3357570767402649e-01
   3.2000000000000000e+01   1.3238579034805298e-01
   3.3000000000000000e+01   1.3153836131095886e-01
   3.4000000000000000e+01   1.3059502840042114e-01
   3.5000000000000000e+01   1.2944503128528595e-01
   3.6000000000000000e+01   1.2852843105792999e-01
   3.7000000000000000e+01   1.2763813138008118e-01
   3.8000000000000000e+01   1.2627249956130981e-01
   3.9000000000000000e+01   1.2514626979827881e-01
   4.0000000000000000e+01   1.2370716780424118e-01
   4.1000000000000000e+01   1.2277777493000031e-01
   4.2000000000000000e+01   1.2169316411018372e-01
   4.3000000000000000e+01   1.2058988213539124e-01
   4.4000000000000000e+01   1.1987634748220444e-01
   4.5000000000000000e+01   1.1900272965431213e-01
   4.6000000000000000e+01   1.1795154213905334e-01
   4.7000000000000000e+01   1.1733541637659073e-01
   4.8000000000000000e+01   1.1626122146844864e-01
   4.9000000000000000e+01   1.1550069600343704e-01
   5.0000000000000000e+01   1.1502657085657120e-01
   5.1000000000000000e+01   1.1425469815731049e-01
   5.2000000000000000e+01   1.1318705976009369e-01
   5.3000000000000000e+01   1.1271198838949203e-01
   5.4000000000000000e+01   1.1186878383159637e-01
   5.5000000000000000e+01   1.1149431020021439e-01
   5.6000000000000000e+01   1.1055421084165573e-01
   5.7000000000000000e+01   1.0991553217172623e-01
   5.8000000000000000e+01   1.0905849933624268e-01
   5.9000000000000000e+01   1.0842500627040863e-01
   6.0000000000000000e+01   1.0751169174909592e-01
   6.1000000000000000e+01   1.0688088834285736e-01
   6.2000000000000000e+01   1.0620494186878204e-01
   6.3000000000000000e+01   1.0546746850013733e-01
   6.4000000000000000e+01   1.0453072935342789e-01
   6.5000000000000000e+01   1.0342088341712952e-01
   6.6000000000000000e+01   1.0266931354999542e-01
   6.7000000000000000e+01   1.0197328031063080e-01
   6.8000000000000000e+01   1.0117284208536148e-01
   6.9000000000000000e+01   1.0028962790966034e-01
   7.0000000000000000e+01   9.9417589604854584e-02
   7.1000000000000000e+01   9.8781511187553406e-02
   7.2000000000000000e+01   9.8065309226512909e-02
   7.3000000000000000e+01   9.7610287368297577e-02
   7.4000000000000000e+01   9.6892341971397400e-02
   7.5000000000000000e+01   9.6135482192039490e-02
   7.6000000000000000e+01   9.5406867563724518e-02
   7.7000000000000000e+01   9.4657100737094879e-02
   7.8000000000000000e+01   9.3864426016807556e-02
   7.9000000000000000e+01   9.3252882361412048e-02
   8.0000000000000000e+01   9.2771634459495544e-02
   8.1000000000000000e+01   9.1988578438758850e-02
   8.2000000000000000e+01   9.1262951493263245e-02
   8.3000000000000000e+01   9.0448021888732910e-02
   8.4000000000000000e+01   9.0062208473682404e-02
   8.5000000000000000e+01   8.9327730238437653e-02
   8.6000000000000000e+01   8.8411621749401093e-02
   8.7000000000000000e+01   8.7707333266735077e-02
   8.8000000000000000e+01   8.6636438965797424e-02
   8.9000000000000000e+01   8.5910961031913757e-02
   9.0000000000000000e+01   8.5242457687854767e-02
   9.1000000000000000e+01   8.4248885512351990e-02
   9.2000000000000000e+01   8.3513610064983368e-02
   9.3000000000000000e+01   8.2681022584438324e-02
   9.4000000000000000e+01   8.2023575901985168e-02
   9.5000000000000000e+01   8.1130348145961761e-02
   9.6000000000000000e+01   8.0479331314563751e-02
   9.7000000000000000e+01   7.9866096377372742e-02
   9.8000000000000000e+01   7.9209133982658386e-02
   9.9000000000000000e+01   7.8329123556613922e-02
   1.0000000000000000e+02   7.7478513121604919e-02
   1.0100000000000000e+02   7.7030286192893982e-02
   1.0200000000000000e+02   7.6259627938270569e-02
   1.0300000000000000e+02   7.5698263943195343e-02
   1.0400000000000000e+02   7.4677720665931702e-02
   1.0500000000000000e+02   7.3953241109848022e-02
   1.0600000000000000e+02   7.3382154107093811e-02
   1.0700000000000000e+02   7.2677992284297943e-02
   1.0800000000000000e+02   7.2147116065025330e-02
   1.0900000000000000e+02   7.1456715464591980e-02
   1.1000000000000000e+02   7.0852309465408325e-02
   1.1100000000000000e+02   7.0066161453723907e-02
   1.1200000000000000e+02   6.9332890212535858e-02
   1.1300000000000000e+02   6.8719781935214996e-02
   1.1400000000000000e+02   6.8024627864360809e-02
   1.1500000000000000e+02   6.7483887076377869e-02
   1.1600000000000000e+02   6.6776320338249207e-02
   1.1700000000000000e+02   6.6252239048480988e-02
   1.1800000000000000e+02   6.5660253167152405e-02
   1.1900000000000000e+02   6.5157197415828705e-02
   1.2000000000000000e+02   6.4516454935073853e-02
   1.2100000000000000e+02   6.3996046781539917e-02
   1.2200000000000000e+02   6.3256040215492249e-02
   1.2300000000000000e+02   6.2621861696243286e-02
   1.2400000000000000e+02   6.1915270984172821e-02
   1.2500000000000000e+02   6.1567008495330811e-02
   1.2600000000000000e+02   6.0962952673435211e-02
   1.2700000000000000e+02   6.0435447841882706e-02
   1.2800000000000000e+02   5.9953879565000534e-02
   1.2900000000000000e+02   5.9530377388000488e-02
   1.3000000000000000e+02   5.9058047831058502e-02
   1.3100000000000000e+02   5.8553695678710938e-02
   1.3200000000000000e+02   5.7869467884302139e-02
   1.3300000000000000e+02   5.7378113269805908e-02
   1.3400000000000000e+02   5.6839812546968460e-02
   1.3500000000000000e+02   5.6584287434816360e-02
   1.3600000000000000e+02   5.6147728115320206e-02
   1.3700000000000000e+02   5.5810403078794479e-02
   1.3800000000000000e+02   5.5314019322395325e-02
   1.3900000000000000e+02   5.4846532642841339e-02
   1.4000000000000000e+02   5.4109852761030197e-02
   1.4100000000000000e+02   5.3701926022768021e-02
   1.4200000000000000e+02   5.3078625351190567e-02
   1.4300000000000000e+02   5.2434351295232773e-02
   1.4400000000000000e+02   5.1980532705783844e-02
   1.4500000000000000e+02   5.1440514624118805e-02
   1.4600000000000000e+02   5.0786864012479782e-02
   1.4700000000000000e+02   5.0458557903766632e-02
   1.4800000000000000e+02   4.9913693219423294e-02
   1.4900000000000000e+02   4.9376625567674637e-02
   1.5000000000000000e+02   4.8536404967308044e-02
   1.5100000000000000e+02   4.7795314341783524e-02
   1.5200000000000000e+02   4.7212745994329453e-02
   1.5300000000000000e+02   4.6538773924112320e-02
   1.5400000000000000e+02   4.5833948999643326e-02
   1.5500000000000000e+02   4.5318201184272766e-02
   1.5600000000000000e+02   4.4708058238029480e-02
   1.5700000000000000e+02   4.4028151780366898e-02
   1.5800000000000000e+02   4.3309472501277924e-02
   1.5900000000000000e+02   4.2585510760545731e-02
   1.6000000000000000e+02   4.1909761726856232e-02
   1.6100000000000000e+02   4.1385699063539505e-02
   1.6200000000000000e+02   4.0721569210290909e-02
   1.6300000000000000e+02   4.0121261030435562e-02
   1.6400000000000000e+02   3.9608057588338852e-02
   1.6500000000000000e+02   3.9408814162015915e-02
   1.6600000000000000e+02   3.9041396230459213e-02
   1.6700000000000000e+02   3.8488138467073441e-02
   1.6800000000000000e+02   3.8075163960456848e-02
   1.6900000000000000e+02   3.7836011499166489e-02
   1.7000000000000000e+02   3.7517268210649490e-02
   1.7100000000000000e+02   3.7222247570753098e-02
   1.7200000000000000e+02   3.6739926785230637e-02
   1.7300000000000000e+02   3.6350432783365250e-02
   1.7400000000000000e+02   3.5957057029008865e-02
   1.7500000000000000e+02   3.5594537854194641e-02
   1.7600000000000000e+02   3.5217847675085068e-02
   1.7700000000000000e+02   3.4661248326301575e-02
   1.7800000000000000e+02   3.4223981201648712e-02
   1.7900000000000000e+02   3.3925175666809082e-02
   1.8000000000000000e+02   3.3266358077526093e-02
   1.8100000000000000e+02   3.2893132418394089e-02
   1.8200000000000000e+02   3.2448485493659973e-02
   1.8300000000000000e+02   3.2065249979496002e-02
   1.8400000000000000e+02   3.1492263078689575e-02
   1.8500000000000000e+02   3.1021315604448318e-02
   1.8600000000000000e+02   3.0434407293796539e-02
   1.8700000000000000e+02   3.0165398493409157e-02
   1.8800000000000000e+02   2.9835002496838570e-02
   1.8900000000000000e+02   2.9573461040854454e-02
   1.9000000000000000e+02   2.9153516516089439e-02
   1.9100000000000000e+02   2.8786288574337959e-02
   1.9200000000000000e+02   2.8667446225881577e-02
   1.9300000000000000e+02   2.8365712612867355e-02
   1.9400000000000000e+02   2.7988193556666374e-02
   1.9500000000000000e+02   2.7844745665788651e-02
   1.9600000000000000e+02   2.7437774464488029e-02
   1.9700000000000000e+02   2.7164159342646599e-02
   1.9800000000000000e+02   2.6945037767291069e-02
   1.9900000000000000e+02   2.6759637519717216e-02
   2.0000000000000000e+02   2.6332663372159004e-02
   2.0100000000000000e+02   2.6065861806273460e-02
   2.0200000000000000e+02   2.5873037055134773e-02
   2.0300000000000000e+02   2.5839500129222870e-02
   2.0400000000000000e+02   2.5510968640446663e-02
   2.0500000000000000e+02   2.5472680106759071e-02
   2.0600000000000000e+02   2.5327639654278755e-02
   2.0700000000000000e+02   2.5122469291090965e-02
   2.0800000000000000e+02   2.4945056065917015e-02
   2.0900000000000000e+02   2.4840602651238441e-02
   2.1000000000000000e+02   2.4569982662796974e-02
   2.1100000000000000e+02   2.4447500705718994e-02
   2.1200000000000000e+02   2.4418704211711884e-02
   2.1300000000000000e+02   2.4304978549480438e-02
   2.1400000000000000e+02   2.4146741256117821e-02
   2.1500000000000000e+02   2.4149088189005852e-02
   2.1600000000000000e+02   2.4090947583317757e-02
   2.1700000000000000e+02   2.4047400802373886e-02
   2.1800000000000000e+02   2.3802999407052994e-02
   2.1900000000000000e+02   2.3672288283705711e-02
   2.2000000000000000e+02   2.3614604026079178e-02
   2.2100000000000000e+02   2.3649239912629128e-02
   2.2200000000000000e+02   2.3480147123336792e-02
   2.2300000000000000e+02   2.3442743346095085e-02
   2.2400000000000000e+02   2.3273205384612083e-02
   2.2500000000000000e+02   2.3134749382734299e-02
   2.2600000000000000e+02   2.3029588162899017e-02
   2.2700000000000000e+02   2.2845556959509850e-02
   2.2800000000000000e+02   2.2720595821738243e-02
   2.2900000000000000e+02   2.2647745907306671e-02
   2.3000000000000000e+02   2.2500164806842804e-02
   2.3100000000000000e+02   2.2410603240132332e-02
   2.3200000000000000e+02   2.2228760644793510e-02
   2.3300000000000000e+02   2.2216141223907471e-02
   2.3400000000000000e+02   2.2252252325415611e-02
   2.3500000000000000e+02   2.2120652720332146e-02
   2.3600000000000000e+02   2.2154886275529861e-02
   2.3700000000000000e+02   2.2157073020935059e-02
   2.3800000000000000e+02   2.2022163495421410e-02
   2.3900000000000000e+02   2.2039884701371193e-02
   2.4000000000000000e+02   2.2043498232960701e-02
   2.4100000000000000e+02   2.2136710584163666e-02
   2.4200000000000000e+02   2.2132797166705132e-02
   2.4300000000000000e+02   2.2169647738337517e-02
   2.4400000000000000e+02   2.2262621670961380e-02
   2.4500000000000000e+02   2.2307775914669037e-02
   2.4600000000000000e+02   2.2300999611616135e-02
   2.4700000000000000e+02   2.2400656715035439e-02
   2.4800000000000000e+02   2.2396879270672798e-02
   2.4900000000000000e+02   2.2375931963324547e-02
   2.5000000000000000e+02   2.2490138188004494e-02
   2.5100000000000000e+02   2.2257005795836449e-02
   2.5200000000000000e+02   2.2209558635950089e-02
   2.5300000000000000e+02   2.2230071946978569e-02
   2.5400000000000000e+02   2.2062268108129501e-02
   2.5500000000000000e+02   2.2021114826202393e-02
   2.5600000000000000e+02   2.1840590983629227e-02
   2.5700000000000000e+02   2.1947132423520088e-02
   2.5800000000000000e+02   2.1936504170298576e-02
   2.5900000000000000e+02   2.1658364683389664e-02
   2.6000000000000000e+02   2.1489063277840614e-02
   2.6100000000000000e+02   2.1379580721259117e-02
   2.6200000000000000e+02   2.1260593086481094e-02
   2.6300000000000000e+02   2.1183248609304428e-02
   2.6400000000000000e+02   2.1044267341494560e-02
   2.6500000000000000e+02   2.0710846409201622e-02
   2.6600000000000000e+02   2.0593607798218727e-02
   2.6700000000000000e+02   2.0529462024569511e-02
   2.6800000000000000e+02   2.0389223471283913e-02
   2.6900000000000000e+02   2.0255373790860176e-02
   2.7000000000000000e+02   2.0154554396867752e-02
   2.7100000000000000e+02   2.0167903974652290e-02
   2.7200000000000000e+02   1.9941870123147964e-02
   2.7300000000000000e+02   1.9769433885812759e-02
   2.7400000000000000e+02   1.9623069092631340e-02
   2.7500000000000000e+02   1.9615996628999710e-02
   2.7600000000000000e+02   1.9586874172091484e-02
   2.7700000000000000e+02   1.9493240863084793e-02
   2.7800000000000000e+02   1.9315151497721672e-02
   2.7900000000000000e+02   1.9237093627452850e-02
   2.8000000000000000e+02   1.9353454932570457e-02
   2.8100000000000000e+02   1.9236607477068901e-02
   2.8200000000000000e+02   1.9138285890221596e-02
   2.8300000000000000e+02   1.9067769870162010e-02
   2.8400000000000000e+02   1.9083619117736816e-02
   2.8500000000000000e+02   1.8993707373738289e-02
   2.8600000000000000e+02   1.8815271556377411e-02
   2.8700000000000000e+02   1.8598278984427452e-02
   2.8800000000000000e+02   1.8292777240276337e-02
   2.8900000000000000e+02   1.8149988725781441e-02
   2.9000000000000000e+02   1.8034243956208229e-02
   2.9100000000000000e+02   1.7847027629613876e-02
   2.9200000000000000e+02   1.7651440575718880e-02
   2.9300000000000000e+02   1.7461508512496948e-02
   2.9400000000000000e+02   1.7348457127809525e-02
   2.9500000000000000e+02   1.7076395452022552e-02
   2.9600000000000000e+02   1.7014654353260994e-02
   2.9700000000000000e+02   1.6880424693226814e-02
   2.9800000000000000e+02   1.6681779175996780e-02
   2.9900000000000000e+02   1.6545124351978302e-02
   3.0000000000000000e+02   1.6344262287020683e-02
