   1.0000000000000000e+00   4.6214025467634201e-02
   2.0000000000000000e+00   5.2242554724216461e-02
   3.0000000000000000e+00   5.8519601821899414e-02
   4.0000000000000000e+00   6.4570315182209015e-02
   5.0000000000000000e+00   7.0447415113449097e-02
   6.0000000000000000e+00   7.6259367167949677e-02
   7.0000000000000000e+00   8.1988260149955750e-02
   8.0000000000000000e+00   8.7446793913841248e-02
   9.0000000000000000e+00   9.7776144742965698e-02
   1.0000000000000000e+01   1.0809101909399033e-01
   1.1000000000000000e+01   1.1824666708707809e-01
   1.2000000000000000e+01   1.2802372872829437e-01
   1.3000000000000000e+01   1.3742078840732574e-01
   1.4000000000000000e+01   1.4610581099987030e-01
   1.5000000000000000e+01   1.5394458174705505e-01
   1.6000000000000000e+01   1.6108001768589020e-01
   1.7000000000000000e+01   1.6718289256095886e-01
   1.8000000000000000e+01   1.7233698070049286e-01
   1.9000000000000000e+01   1.7689715325832367e-01
   2.0000000000000000e+01   1.8077287077903748e-01
   2.1000000000000000e+01   1.8385815620422363e-01
   2.2000000000000000e+01   1.8614345788955688e-01
   2.3000000000000000e+01   1.8792456388473511e-01
   2.4000000000000000e+01   1.8924139440059662e-01
   2.5000000000000000e+01   1.9017869234085083e-01
   2.6000000000000000e+01   1.9061931967735291e-01
   2.7000000000000000e+01   1.9061130285263062e-01
   2.8000000000000000e+01   1.9023039937019348e-01
   2.9000000000000000e+01   1.8960604071617126e-01
   3.0000000000000000e+01   1.8874153494834900e-01
   3.1000000000000000e+01   1.8748559057712555e-01
   3.2000000000000000e+01   1.8641273677349091e-01
   3.3000000000000000e+01   1.8504911661148071e-01
   3.4000000000000000e+01   1.8347872793674469e-01
   3.5000000000000000e+01   1.8183350563049316e-01
   3.6000000000000000e+01   1.8004328012466431e-01
   3.7000000000000000e+01   1.7808227241039276e-01
   3.8000000000000000e+01   1.7616310715675354e-01
   3.9000000000000000e+01   1.7415566742420197e-01
   4.0000000000000000e+01   1.7207318544387817e-01
   4.1000000000000000e+01   1.6982173919677734e-01
   4.2000000000000000e+01   1.6770111024379730e-01
   4.3000000000000000e+01   1.6544303297996521e-01
   4.4000000000000000e+01   1.6319362819194794e-01
   4.5000000000000000e+01   1.6091527044773102e-01
   4.6000000000000000e+01   1.5869419276714325e-01
   4.7000000000000000e+01   1.5640643239021301e-01
   4.8000000000000000e+01   1.5415075421333313e-01
   4.9000000000000000e+01   1.5185794234275818e-01
   5.0000000000000000e+01   1.4951941370964050e-01
   5.1000000000000000e+01   1.4735828340053558e-01
   5.2000000000000000e+01   1.4524629712104797e-01
   5.3000000000000000e+01   1.4301609992980957e-01
   5.4000000000000000e+01   1.4068697392940521e-01
   5.5000000000000000e+01   1.3835738599300385e-01
   5.6000000000000000e+01   1.3630554080009460e-01
   5.7000000000000000e+01   1.3403464853763580e-01
   5.8000000000000000e+01   1.3192267715930939e-01
   5.9000000000000000e+01   1.2988214194774628e-01
   6.0000000000000000e+01   1.2787285447120667e-01
   6.1000000000000000e+01   1.2580262124538422e-01
   6.2000000000000000e+01   1.2363760918378830e-01
   6.3000000000000000e+01   1.2155111879110336e-01
   6.4000000000000000e+01   1.1955098062753677e-01
   6.5000000000000000e+01   1.1747870594263077e-01
   6.6000000000000000e+01   1.1533819139003754e-01
   6.7000000000000000e+01   1.1325641721487045e-01
   6.8000000000000000e+01   1.1113443970680237e-01
   6.9000000000000000e+01   1.0911647975444794e-01
   7.0000000000000000e+01   1.0707516968250275e-01
   7.1000000000000000e+01   1.0496024787425995e-01
   7.2000000000000000e+01   1.0293034464120865e-01
   7.3000000000000000e+01   1.0089168697595596e-01
   7.4000000000000000e+01   9.8756760358810425e-02
   7.5000000000000000e+01   9.6656598150730133e-02
   7.6000000000000000e+01   9.4623960554599762e-02
   7.7000000000000000e+01   9.2667095363140106e-02
   7.8000000000000000e+01   9.0650171041488647e-02
   7.9000000000000000e+01   8.8535986840724945e-02
   8.0000000000000000e+01   8.6600996553897858e-02
   8.1000000000000000e+01   8.4637761116027832e-02
   8.2000000000000000e+01   8.2879729568958282e-02
   8.3000000000000000e+01   8.1033378839492798e-02
   8.4000000000000000e+01   7.9205550253391266e-02
   8.5000000000000000e+01   7.7418610453605652e-02
   8.6000000000000000e+01   7.5688041746616364e-02
   8.7000000000000000e+01   7.4016585946083069e-02
   8.8000000000000000e+01   7.2410263121128082e-02
   8.9000000000000000e+01   7.0846185088157654e-02
   9.0000000000000000e+01   6.9348521530628204e-02
   9.1000000000000000e+01   6.7936383187770844e-02
   9.2000000000000000e+01   6.6462092101573944e-02
   9.3000000000000000e+01   6.5172322094440460e-02
   9.4000000000000000e+01   6.3880205154418945e-02
   9.5000000000000000e+01   6.2609232962131500e-02
   9.6000000000000000e+01   6.1330933123826981e-02
   9.7000000000000000e+01   5.9842031449079514e-02
   9.8000000000000000e+01   5.8570913970470428e-02
   9.9000000000000000e+01   5.7341352105140686e-02
   1.0000000000000000e+02   5.6210327893495560e-02
   1.0100000000000000e+02   5.5069286376237869e-02
   1.0200000000000000e+02   5.3919084370136261e-02
   1.0300000000000000e+02   5.2639689296483994e-02
   1.0400000000000000e+02   5.1524240523576736e-02
   1.0500000000000000e+02   5.0316460430622101e-02
   1.0600000000000000e+02   4.9022492021322250e-02
   1.0700000000000000e+02   4.7864861786365509e-02
   1.0800000000000000e+02   4.6587895601987839e-02
   1.0900000000000000e+02   4.5442044734954834e-02
   1.1000000000000000e+02   4.4243820011615753e-02
   1.1100000000000000e+02   4.3153081089258194e-02
   1.1200000000000000e+02   4.2141124606132507e-02
   1.1300000000000000e+02   4.0999185293912888e-02
   1.1400000000000000e+02   3.9949238300323486e-02
   1.1500000000000000e+02   3.8786660879850388e-02
   1.1600000000000000e+02   3.7673208862543106e-02
   1.1700000000000000e+02   3.6545522511005402e-02
   1.1800000000000000e+02   3.5607084631919861e-02
   1.1900000000000000e+02   3.4622427076101303e-02
   1.2000000000000000e+02   3.3654950559139252e-02
   1.2100000000000000e+02   3.2736934721469879e-02
   1.2200000000000000e+02   3.1720083206892014e-02
   1.2300000000000000e+02   3.0836379155516624e-02
   1.2400000000000000e+02   2.9923079535365105e-02
   1.2500000000000000e+02   2.9011186212301254e-02
   1.2600000000000000e+02   2.8079271316528320e-02
   1.2700000000000000e+02   2.7187816798686981e-02
   1.2800000000000000e+02   2.6375366374850273e-02
   1.2900000000000000e+02   2.5481808930635452e-02
   1.3000000000000000e+02   2.4624673649668694e-02
   1.3100000000000000e+02   2.3834237828850746e-02
   1.3200000000000000e+02   2.3067073896527290e-02
   1.3300000000000000e+02   2.2231964394450188e-02
   1.3400000000000000e+02   2.1381761878728867e-02
   1.3500000000000000e+02   2.0552996546030045e-02
   1.3600000000000000e+02   1.9767086952924728e-02
   1.3700000000000000e+02   1.9062105566263199e-02
   1.3800000000000000e+02   1.8349021673202515e-02
   1.3900000000000000e+02   1.7676472663879395e-02
   1.4000000000000000e+02   1.7038738355040550e-02
   1.4100000000000000e+02   1.6386758536100388e-02
   1.4200000000000000e+02   1.5798009932041168e-02
   1.4300000000000000e+02   1.5169013291597366e-02
   1.4400000000000000e+02   1.4544857665896416e-02
   1.4500000000000000e+02   1.3964517973363400e-02
   1.4600000000000000e+02   1.3386357575654984e-02
   1.4700000000000000e+02   1.2817503884434700e-02
   1.4800000000000000e+02   1.2280208989977837e-02
   1.4900000000000000e+02   1.1788505129516125e-02
   1.5000000000000000e+02   1.1302097700536251e-02
   1.5100000000000000e+02   1.0802569799125195e-02
   1.5200000000000000e+02   1.0308298282325268e-02
   1.5300000000000000e+02   9.8021803423762321e-03
   1.5400000000000000e+02   9.3629471957683563e-03
   1.5500000000000000e+02   8.8806683197617531e-03
   1.5600000000000000e+02   8.4686325863003731e-03
   1.5700000000000000e+02   8.0417236313223839e-03
   1.5800000000000000e+02   7.6738446950912476e-03
   1.5900000000000000e+02   7.3390076868236065e-03
   1.6000000000000000e+02   7.0149302482604980e-03
   1.6100000000000000e+02   6.6460957750678062e-03
   1.6200000000000000e+02   6.3218702562153339e-03
   1.6300000000000000e+02   5.9965318068861961e-03
   1.6400000000000000e+02   5.6503349915146828e-03
   1.6500000000000000e+02   5.3236004896461964e-03
   1.6600000000000000e+02   5.0389231182634830e-03
   1.6700000000000000e+02   4.7623426653444767e-03
   1.6800000000000000e+02   4.5113917440176010e-03
   1.6900000000000000e+02   4.2161187157034874e-03
   1.7000000000000000e+02   3.9796358905732632e-03
   1.7100000000000000e+02   3.7024547345936298e-03
   1.7200000000000000e+02   3.4502432681620121e-03
   1.7300000000000000e+02   3.2237169798463583e-03
   1.7400000000000000e+02   3.0135840643197298e-03
   1.7500000000000000e+02   2.8015715070068836e-03
   1.7600000000000000e+02   2.6010789442807436e-03
   1.7700000000000000e+02   2.4048122577369213e-03
   1.7800000000000000e+02   2.2277890238910913e-03
   1.7900000000000000e+02   2.0467988215386868e-03
   1.8000000000000000e+02   1.9241640111431479e-03
   1.8100000000000000e+02   1.8003467703238130e-03
   1.8200000000000000e+02   1.6746073961257935e-03
   1.8300000000000000e+02   1.5572246629744768e-03
   1.8400000000000000e+02   1.4500250108540058e-03
   1.8500000000000000e+02   1.3454200234264135e-03
   1.8600000000000000e+02   1.2729170266538858e-03
   1.8700000000000000e+02   1.1761547066271305e-03
   1.8800000000000000e+02   1.0794443078339100e-03
   1.8900000000000000e+02   9.9957664497196674e-04
   1.9000000000000000e+02   9.2829199275001884e-04
   1.9100000000000000e+02   8.6086976807564497e-04
   1.9200000000000000e+02   7.9985841875895858e-04
   1.9300000000000000e+02   7.5483380351215601e-04
   1.9400000000000000e+02   7.1457901503890753e-04
   1.9500000000000000e+02   6.6504988353699446e-04
   1.9600000000000000e+02   6.1835977248847485e-04
   1.9700000000000000e+02   5.7373300660401583e-04
   1.9800000000000000e+02   5.3548661526292562e-04
   1.9900000000000000e+02   4.9965706421062350e-04
   2.0000000000000000e+02   4.6896547428332269e-04
   2.0100000000000000e+02   4.3816867400892079e-04
   2.0200000000000000e+02   4.0644657565280795e-04
   2.0300000000000000e+02   3.7818457349203527e-04
   2.0400000000000000e+02   3.5840048803947866e-04
   2.0500000000000000e+02   3.3415353391319513e-04
   2.0600000000000000e+02   3.1628186115995049e-04
   2.0700000000000000e+02   2.9672685195691884e-04
   2.0800000000000000e+02   2.7810546453110874e-04
   2.0900000000000000e+02   2.6235685800202191e-04
   2.1000000000000000e+02   2.4730613222345710e-04
   2.1100000000000000e+02   2.3622986918780953e-04
   2.1200000000000000e+02   2.2453285055235028e-04
   2.1300000000000000e+02   2.1450297208502889e-04
   2.1400000000000000e+02   2.0542244601529092e-04
   2.1500000000000000e+02   1.9783581956289709e-04
   2.1600000000000000e+02   1.8930877558887005e-04
   2.1700000000000000e+02   1.8421020649839193e-04
   2.1800000000000000e+02   1.8021529831457883e-04
   2.1900000000000000e+02   1.7350939742755145e-04
   2.2000000000000000e+02   1.6805935592856258e-04
   2.2100000000000000e+02   1.5971278480719775e-04
   2.2200000000000000e+02   1.5475819236598909e-04
   2.2300000000000000e+02   1.4889267913531512e-04
   2.2400000000000000e+02   1.4340729103423655e-04
   2.2500000000000000e+02   1.3913566363044083e-04
   2.2600000000000000e+02   1.3752981612924486e-04
   2.2700000000000000e+02   1.3193332415539771e-04
   2.2800000000000000e+02   1.2705274275504053e-04
   2.2900000000000000e+02   1.2336377403698862e-04
   2.3000000000000000e+02   1.1816107871709391e-04
   2.3100000000000000e+02   1.1420332157285884e-04
   2.3200000000000000e+02   1.1051249748561531e-04
   2.3300000000000000e+02   1.0785651102196425e-04
   2.3400000000000000e+02   1.0475005547050387e-04
   2.3500000000000000e+02   1.0171836038352922e-04
   2.3600000000000000e+02   1.0243403085041791e-04
   2.3700000000000000e+02   1.0075514728669077e-04
   2.3800000000000000e+02   9.9437267635948956e-05
   2.3900000000000000e+02   9.8501113825477660e-05
   2.4000000000000000e+02   9.6293442766182125e-05
   2.4100000000000000e+02   9.3529604782816023e-05
   2.4200000000000000e+02   9.1008485469501466e-05
   2.4300000000000000e+02   9.1985362814739347e-05
   2.4400000000000000e+02   9.1790272563230246e-05
   2.4500000000000000e+02   9.2023481556680053e-05
   2.4600000000000000e+02   9.1382898972369730e-05
   2.4700000000000000e+02   9.1859801614191383e-05
   2.4800000000000000e+02   9.0539324446581304e-05
   2.4900000000000000e+02   9.0553679910954088e-05
   2.5000000000000000e+02   8.9736378868110478e-05
   2.5100000000000000e+02   8.6564752564299852e-05
   2.5200000000000000e+02   8.7381158664356917e-05
   2.5300000000000000e+02   8.7449690909124911e-05
   2.5400000000000000e+02   8.8199391029775143e-05
   2.5500000000000000e+02   8.8503424194641411e-05
   2.5600000000000000e+02   8.8070984929800034e-05
   2.5700000000000000e+02   8.9817876869346946e-05
   2.5800000000000000e+02   8.7011350842658430e-05
   2.5900000000000000e+02   8.5509105701930821e-05
   2.6000000000000000e+02   8.3737417298834771e-05
   2.6100000000000000e+02   8.3456776337698102e-05
   2.6200000000000000e+02   8.0242687545251101e-05
   2.6300000000000000e+02   7.9394398198928684e-05
   2.6400000000000000e+02   7.7684046118520200e-05
   2.6500000000000000e+02   7.5983203714713454e-05
   2.6600000000000000e+02   7.6482436270453036e-05
   2.6700000000000000e+02   7.3795439675450325e-05
   2.6800000000000000e+02   7.4147101258859038e-05
   2.6900000000000000e+02   7.1439651947002858e-05
   2.7000000000000000e+02   7.0531037636101246e-05
   2.7100000000000000e+02   7.0478119596373290e-05
   2.7200000000000000e+02   6.8536879552993923e-05
   2.7300000000000000e+02   6.6702021285891533e-05
   2.7400000000000000e+02   6.3822168158367276e-05
   2.7500000000000000e+02   6.3332910940516740e-05
   2.7600000000000000e+02   6.3619088905397803e-05
   2.7700000000000000e+02   6.4684209064580500e-05
   2.7800000000000000e+02   6.3628649513702840e-05
   2.7900000000000000e+02   6.3479565142188221e-05
   2.8000000000000000e+02   6.4193576690740883e-05
   2.8100000000000000e+02   6.3290150137618184e-05
   2.8200000000000000e+02   6.3398547354154289e-05
   2.8300000000000000e+02   6.1633923905901611e-05
   2.8400000000000000e+02   6.1046070186421275e-05
   2.8500000000000000e+02   6.1243030359037220e-05
   2.8600000000000000e+02   6.0392005252651870e-05
   2.8700000000000000e+02   6.0141133872093633e-05
   2.8800000000000000e+02   5.9253965446259826e-05
   2.8900000000000000e+02   5.8840672863880172e-05
   2.9000000000000000e+02   5.9292950027156621e-05
   2.9100000000000000e+02   5.7300796470372006e-05
   2.9200000000000000e+02   5.6016688176896423e-05
   2.9300000000000000e+02   5.5381526181008667e-05
   2.9400000000000000e+02   5.5483356845797971e-05
   2.9500000000000000e+02   5.4157888371264562e-05
   2.9600000000000000e+02   5.3816067520529032e-05
   2.9700000000000000e+02   5.3203639254206792e-05
   2.9800000000000000e+02   5.2882351155858487e-05
   2.9900000000000000e+02   5.3206127631710842e-05
   3.0000000000000000e+02   5.1356906624278054e-05
