   1.0000000000000000e+00   1.1693679358160125e-09
   2.0000000000000000e+00   1.4957463045917052e-09
   3.0000000000000000e+00   2.7911359889998266e-09
   4.0000000000000000e+00   3.0072020429372515e-09
   5.0000000000000000e+00   3.7613805403680090e-09
   6.0000000000000000e+00   4.9416684078096296e-09
   7.0000000000000000e+00   8.4194882177257568e-09
   8.0000000000000000e+00   2.2717539849281820e-08
   9.0000000000000000e+00   3.6776011569372713e-08
   1.0000000000000000e+01   4.7811042236389767e-08
   1.1000000000000000e+01   7.0459478251905239e-08
   1.2000000000000000e+01   8.4333805716596544e-08
   1.3000000000000000e+01   2.2083850126364268e-07
   1.4000000000000000e+01   3.8209640251807286e-07
   1.5000000000000000e+01   4.8329394530810532e-07
   1.6000000000000000e+01   5.5148143474070821e-07
   1.7000000000000000e+01   8.5610184896722785e-07
   1.8000000000000000e+01   1.2545134495667298e-06
   1.9000000000000000e+01   1.6029659946070751e-06
   2.0000000000000000e+01   2.6706672997534042e-06
   2.1000000000000000e+01   3.0518301628035260e-06
   2.2000000000000000e+01   3.3719813927746145e-06
   2.3000000000000000e+01   5.8849745983025059e-06
   2.4000000000000000e+01   6.3664765548310243e-06
   2.5000000000000000e+01   7.0078922362881713e-06
   2.6000000000000000e+01   8.2477554315119050e-06
   2.7000000000000000e+01   8.6473528426722623e-06
   2.8000000000000000e+01   1.2132061783631798e-05
   2.9000000000000000e+01   1.2711555427813437e-05
   3.0000000000000000e+01   1.3548285096476320e-05
   3.1000000000000000e+01   1.4781965546717402e-05
   3.2000000000000000e+01   1.8870456187869422e-05
   3.3000000000000000e+01   1.9604825865826569e-05
   3.4000000000000000e+01   2.0553627109620720e-05
   3.5000000000000000e+01   2.1430945707834326e-05
   3.6000000000000000e+01   2.3194157620309852e-05
   3.7000000000000000e+01   2.3846903786761686e-05
   3.8000000000000000e+01   2.2906719095772132e-05
   3.9000000000000000e+01   3.5839024349115789e-05
   4.0000000000000000e+01   4.7097320930333808e-05
   4.1000000000000000e+01   6.8985980760771781e-05
   4.2000000000000000e+01   1.0217097587883472e-04
   4.3000000000000000e+01   1.1900807294296101e-04
   4.4000000000000000e+01   1.6380794113501906e-04
   4.5000000000000000e+01   2.0818319171667099e-04
   4.6000000000000000e+01   2.3523860727436841e-04
   4.7000000000000000e+01   2.8270110487937927e-04
   4.8000000000000000e+01   3.3466992317698896e-04
   4.9000000000000000e+01   3.9376041968353093e-04
   5.0000000000000000e+01   4.6267750440165401e-04
   5.1000000000000000e+01   5.1192822866141796e-04
   5.2000000000000000e+01   5.8954133419319987e-04
   5.3000000000000000e+01   6.4938614377751946e-04
   5.4000000000000000e+01   6.9637299748137593e-04
   5.5000000000000000e+01   7.8538147499784827e-04
   5.6000000000000000e+01   8.3562277723103762e-04
   5.7000000000000000e+01   8.5400469833984971e-04
   5.8000000000000000e+01   9.3021069187670946e-04
   5.9000000000000000e+01   9.4510370399802923e-04
   6.0000000000000000e+01   9.3197118258103728e-04
   6.1000000000000000e+01   9.7424007253721356e-04
   6.2000000000000000e+01   9.5488113583996892e-04
   6.3000000000000000e+01   9.4257015734910965e-04
   6.4000000000000000e+01   9.4952894141897559e-04
   6.5000000000000000e+01   9.5700839301571250e-04
   6.6000000000000000e+01   9.4712636200711131e-04
   6.7000000000000000e+01   9.3620514962822199e-04
   6.8000000000000000e+01   9.1293646255508065e-04
   6.9000000000000000e+01   9.0933422325178981e-04
   7.0000000000000000e+01   8.3994329907000065e-04
   7.1000000000000000e+01   8.2498206757009029e-04
   7.2000000000000000e+01   8.1672740634530783e-04
   7.3000000000000000e+01   7.6167256338521838e-04
   7.4000000000000000e+01   7.7380810398608446e-04
   7.5000000000000000e+01   7.7875907300040126e-04
   7.6000000000000000e+01   7.4244308052584529e-04
   7.7000000000000000e+01   7.6066161273047328e-04
   7.8000000000000000e+01   7.5372739229351282e-04
   7.9000000000000000e+01   7.2033092146739364e-04
   8.0000000000000000e+01   6.8431888939812779e-04
   8.1000000000000000e+01   6.7718676291406155e-04
   8.2000000000000000e+01   6.3975166995078325e-04
   8.3000000000000000e+01   6.4374256180599332e-04
   8.4000000000000000e+01   6.2852684641256928e-04
   8.5000000000000000e+01   6.3896016217768192e-04
   8.6000000000000000e+01   6.2704534502699971e-04
   8.7000000000000000e+01   6.1591423582285643e-04
   8.8000000000000000e+01   6.2979164067655802e-04
   8.9000000000000000e+01   6.1161670600995421e-04
   9.0000000000000000e+01   6.5478036412969232e-04
   9.1000000000000000e+01   6.8247417220845819e-04
   9.2000000000000000e+01   6.7410845076665282e-04
   9.3000000000000000e+01   7.1375269908457994e-04
   9.4000000000000000e+01   7.2889414150267839e-04
   9.5000000000000000e+01   7.5629632920026779e-04
   9.6000000000000000e+01   7.7673897612839937e-04
   9.7000000000000000e+01   8.2084484165534377e-04
   9.8000000000000000e+01   8.5985776968300343e-04
   9.9000000000000000e+01   8.8571698870509863e-04
   1.0000000000000000e+02   9.2154456069692969e-04
   1.0100000000000000e+02   9.1130740474909544e-04
   1.0200000000000000e+02   9.3106925487518311e-04
   1.0300000000000000e+02   9.3059462960809469e-04
   1.0400000000000000e+02   9.2955928994342685e-04
   1.0500000000000000e+02   8.8815129129216075e-04
   1.0600000000000000e+02   8.6826895130798221e-04
   1.0700000000000000e+02   8.7734655244275928e-04
   1.0800000000000000e+02   8.2388741429895163e-04
   1.0900000000000000e+02   8.3403865573927760e-04
   1.1000000000000000e+02   7.8772276174277067e-04
   1.1100000000000000e+02   7.4403692269697785e-04
   1.1200000000000000e+02   6.8603281397372484e-04
   1.1300000000000000e+02   6.1551603721454740e-04
   1.1400000000000000e+02   5.5027788039296865e-04
   1.1500000000000000e+02   4.7599559184163809e-04
   1.1600000000000000e+02   4.4395783334039152e-04
   1.1700000000000000e+02   3.9594477857463062e-04
   1.1800000000000000e+02   3.4525664523243904e-04
   1.1900000000000000e+02   2.9633837402798235e-04
   1.2000000000000000e+02   2.6340133626945317e-04
   1.2100000000000000e+02   2.2381913731805980e-04
   1.2200000000000000e+02   1.7376820323988795e-04
   1.2300000000000000e+02   1.5482079470530152e-04
   1.2400000000000000e+02   9.7520845883991569e-05
   1.2500000000000000e+02   7.5588344770949334e-05
   1.2600000000000000e+02   6.9052752223797143e-05
   1.2700000000000000e+02   5.5516371503472328e-05
   1.2800000000000000e+02   4.6829794882796705e-05
   1.2900000000000000e+02   4.8062778660096228e-05
   1.3000000000000000e+02   4.7608617023797706e-05
   1.3100000000000000e+02   4.5829059672541916e-05
   1.3200000000000000e+02   4.3413794628577307e-05
   1.3300000000000000e+02   1.9745260942727327e-05
   1.3400000000000000e+02   2.0489676389843225e-03
   1.3500000000000000e+02   5.7714409194886684e-03
   1.3600000000000000e+02   5.3775969892740250e-02
   1.3700000000000000e+02   1.3236118853092194e-01
   1.3800000000000000e+02   1.9904157519340515e-01
   1.3900000000000000e+02   2.5554856657981873e-01
   1.4000000000000000e+02   3.0611860752105713e-01
   1.4100000000000000e+02   3.7373086810112000e-01
   1.4200000000000000e+02   4.4134217500686646e-01
   1.4300000000000000e+02   5.0879883766174316e-01
   1.4400000000000000e+02   5.7621020078659058e-01
   1.4500000000000000e+02   6.4380228519439697e-01
   1.4600000000000000e+02   7.1140140295028687e-01
   1.4700000000000000e+02   7.7897721529006958e-01
   1.4800000000000000e+02   8.4107196331024170e-01
   1.4900000000000000e+02   8.9859110116958618e-01
   1.5000000000000000e+02   8.9616352319717407e-01
   1.5100000000000000e+02   8.6061841249465942e-01
   1.5200000000000000e+02   7.9434293508529663e-01
   1.5300000000000000e+02   7.2772967815399170e-01
   1.5400000000000000e+02   6.6172033548355103e-01
   1.5500000000000000e+02   5.9411370754241943e-01
   1.5600000000000000e+02   5.2650105953216553e-01
   1.5700000000000000e+02   4.5889517664909363e-01
   1.5800000000000000e+02   3.9143678545951843e-01
   1.5900000000000000e+02   3.2402306795120239e-01
   1.6000000000000000e+02   2.5642982125282288e-01
   1.6100000000000000e+02   1.8882980942726135e-01
   1.6200000000000000e+02   1.2125232815742493e-01
   1.6300000000000000e+02   5.9156510978937149e-02
   1.6400000000000000e+02   4.1859096381813288e-04
   1.6500000000000000e+02   2.2796826669946313e-04
   1.6600000000000000e+02   1.8497036944609135e-04
   1.6700000000000000e+02   7.2253383223142009e-06
   1.6800000000000000e+02   6.7337450673221610e-06
   1.6900000000000000e+02   6.7219561969977804e-06
   1.7000000000000000e+02   6.7082442001265008e-06
   1.7100000000000000e+02   6.6616671574593056e-06
   1.7200000000000000e+02   1.1568377544790565e-07
   1.7300000000000000e+02   1.1608331362822355e-07
   1.7400000000000000e+02   1.5777456496834930e-07
   1.7500000000000000e+02   1.7505691118913091e-07
   1.7600000000000000e+02   1.7823246878378995e-07
   1.7700000000000000e+02   1.7732854473706539e-07
   1.7800000000000000e+02   1.6173031269772764e-07
   1.7900000000000000e+02   6.3321095922219683e-08
   1.8000000000000000e+02   6.3297072472323634e-08
   1.8100000000000000e+02   6.3297875385615043e-08
   1.8200000000000000e+02   6.3298003283307480e-08
   1.8300000000000000e+02   6.3297825647623540e-08
   1.8400000000000000e+02   6.3298109864717844e-08
   1.8500000000000000e+02   6.3298386976384791e-08
   1.8600000000000000e+02   6.3298195129846135e-08
   1.8700000000000000e+02   6.3295736651980405e-08
   1.8800000000000000e+02   6.2889505159091641e-08
   1.8900000000000000e+02   2.1759985813218918e-08
   1.9000000000000000e+02   5.7342957049399956e-09
   1.9100000000000000e+02   7.6403905424626828e-09
   1.9200000000000000e+02   3.3871589977252370e-08
   1.9300000000000000e+02   1.0132212082680780e-05
   1.9400000000000000e+02   5.8214416640112177e-05
   1.9500000000000000e+02   9.0018707851413637e-05
   1.9600000000000000e+02   1.3067740655969828e-04
   1.9700000000000000e+02   2.1553300030063838e-04
   1.9800000000000000e+02   3.2113364432007074e-04
   1.9900000000000000e+02   4.5842383406125009e-04
   2.0000000000000000e+02   6.1706907581537962e-04
   2.0100000000000000e+02   7.3363439878448844e-04
   2.0200000000000000e+02   8.4586942102760077e-04
   2.0300000000000000e+02   8.9247146388515830e-04
   2.0400000000000000e+02   9.4338593771681190e-04
   2.0500000000000000e+02   9.9101511295884848e-04
   2.0600000000000000e+02   1.0275657987222075e-03
   2.0700000000000000e+02   1.0762547608464956e-03
   2.0800000000000000e+02   1.1231753742322326e-03
   2.0900000000000000e+02   1.1673287954181433e-03
   2.1000000000000000e+02   1.2959972955286503e-03
   2.1100000000000000e+02   1.3450280530378222e-03
   2.1200000000000000e+02   1.3762941816821694e-03
   2.1300000000000000e+02   1.4002417447045445e-03
   2.1400000000000000e+02   1.3444686774164438e-03
   2.1500000000000000e+02   1.3016171287745237e-03
   2.1600000000000000e+02   1.2378689134493470e-03
   2.1700000000000000e+02   1.1359259951859713e-03
   2.1800000000000000e+02   1.1790575226768851e-03
   2.1900000000000000e+02   1.2137636076658964e-03
   2.2000000000000000e+02   1.1671625543385744e-03
   2.2100000000000000e+02   1.1363512603566051e-03
   2.2200000000000000e+02   1.0915399761870503e-03
   2.2300000000000000e+02   1.0369732044637203e-03
   2.2400000000000000e+02   9.4558816635981202e-04
   2.2500000000000000e+02   7.8569917241111398e-04
   2.2600000000000000e+02   6.9714087294414639e-04
   2.2700000000000000e+02   5.8152474230155349e-04
   2.2800000000000000e+02   4.5259363832883537e-04
   2.2900000000000000e+02   3.7149587296880782e-04
   2.3000000000000000e+02   2.5616274797357619e-04
   2.3100000000000000e+02   2.0367473189253360e-04
   2.3200000000000000e+02   1.9388365035410970e-04
   2.3300000000000000e+02   1.0874305007746443e-04
   2.3400000000000000e+02   2.4226921595982276e-05
   2.3500000000000000e+02   2.3802618670742959e-05
   2.3600000000000000e+02   1.9382730897632428e-05
   2.3700000000000000e+02   1.5855481251492165e-05
   2.3800000000000000e+02   1.3692651918972842e-05
   2.3900000000000000e+02   1.3001497791265137e-05
   2.4000000000000000e+02   1.2679604878940154e-05
   2.4100000000000000e+02   1.1767681826313492e-05
   2.4200000000000000e+02   1.1511428965604864e-05
   2.4300000000000000e+02   1.1250429452047683e-05
   2.4400000000000000e+02   1.1382381671865005e-05
   2.4500000000000000e+02   1.1365554200892802e-05
   2.4600000000000000e+02   1.1717109373421408e-05
   2.4700000000000000e+02   1.2635901839530561e-05
   2.4800000000000000e+02   8.6900345195317641e-06
   2.4900000000000000e+02   8.3418653957778588e-06
   2.5000000000000000e+02   8.1091047832160257e-06
   2.5100000000000000e+02   7.1233775997825433e-06
   2.5200000000000000e+02   7.4907920861733146e-06
   2.5300000000000000e+02   7.4977156145905610e-06
   2.5400000000000000e+02   7.8381181083386764e-06
   2.5500000000000000e+02   8.1558182500884868e-06
   2.5600000000000000e+02   8.6985464804456569e-06
   2.5700000000000000e+02   1.0729436326073483e-05
   2.5800000000000000e+02   1.2316435459069908e-05
   2.5900000000000000e+02   1.6617685105302371e-05
   2.6000000000000000e+02   1.7063957784557715e-05
   2.6100000000000000e+02   1.7038022633641958e-05
   2.6200000000000000e+02   1.6691690689185634e-05
   2.6300000000000000e+02   1.7202519302372821e-05
   2.6400000000000000e+02   1.7862324966699816e-05
   2.6500000000000000e+02   2.0013392713735811e-05
   2.6600000000000000e+02   2.0735051293740980e-05
   2.6700000000000000e+02   2.1443947844090872e-05
   2.6800000000000000e+02   2.3166609025793150e-05
   2.6900000000000000e+02   2.3684797270107083e-05
   2.7000000000000000e+02   2.3608869014424272e-05
   2.7100000000000000e+02   2.3605050955666229e-05
   2.7200000000000000e+02   2.1641662897309288e-05
   2.7300000000000000e+02   1.9772889572777785e-05
   2.7400000000000000e+02   1.5011097275419161e-05
   2.7500000000000000e+02   1.4186860425979830e-05
   2.7600000000000000e+02   1.3563976608566009e-05
   2.7700000000000000e+02   1.2558796697703656e-05
   2.7800000000000000e+02   1.1602073755057063e-05
   2.7900000000000000e+02   1.0211084372713231e-05
   2.8000000000000000e+02   7.6976057243882678e-06
   2.8100000000000000e+02   6.6393686211085878e-06
   2.8200000000000000e+02   5.1886995606764685e-06
   2.8300000000000000e+02   3.1702220439910889e-06
   2.8400000000000000e+02   2.1526334421650972e-06
   2.8500000000000000e+02   1.6492044778715353e-06
   2.8600000000000000e+02   8.9124756641467684e-07
   2.8700000000000000e+02   5.7454673196843942e-07
   2.8800000000000000e+02   5.0036737775371876e-07
   2.8900000000000000e+02   4.0965426251204917e-07
   2.9000000000000000e+02   3.4383666047688166e-07
   2.9100000000000000e+02   3.1232835340233578e-07
   2.9200000000000000e+02   2.4403919951510034e-07
   2.9300000000000000e+02   4.2901906027736914e-08
   2.9400000000000000e+02   1.7093801929490837e-08
   2.9500000000000000e+02   7.1355796826821916e-09
   2.9600000000000000e+02   4.6619015314774970e-09
   2.9700000000000000e+02   2.3758877087942665e-09
   2.9800000000000000e+02   1.8436576709746078e-09
   2.9900000000000000e+02   1.6383299161759624e-09
   3.0000000000000000e+02   1.3498077100493333e-09
