   1.0000000000000000e+00   2.1688758351956494e-05
   2.0000000000000000e+00   2.0126477465964854e-05
   3.0000000000000000e+00   2.1473948436323553e-05
   4.0000000000000000e+00   2.0351142666186206e-05
   5.0000000000000000e+00   1.8790966350934468e-05
   6.0000000000000000e+00   1.7536267478135414e-05
   7.0000000000000000e+00   1.8457621990819462e-05
   8.0000000000000000e+00   1.7770744307199493e-05
   9.0000000000000000e+00   1.7865702830022201e-05
   1.0000000000000000e+01   1.8743437976809219e-05
   1.1000000000000000e+01   1.8952290702145547e-05
   1.2000000000000000e+01   1.7709060557535850e-05
   1.3000000000000000e+01   1.4745305634278338e-05
   1.4000000000000000e+01   1.3551276424550451e-05
   1.5000000000000000e+01   1.5655692550353706e-05
   1.6000000000000000e+01   1.4555870620824862e-05
   1.7000000000000000e+01   1.4711836229253095e-05
   1.8000000000000000e+01   1.3586527529696468e-05
   1.9000000000000000e+01   1.3205842151364777e-05
   2.0000000000000000e+01   1.3248676623334177e-05
   2.1000000000000000e+01   1.3236588529252913e-05
   2.2000000000000000e+01   1.1461122085165698e-05
   2.3000000000000000e+01   1.1263980923104100e-05
   2.4000000000000000e+01   1.2019868336210493e-05
   2.5000000000000000e+01   1.1955058653256856e-05
   2.6000000000000000e+01   1.1446886674093548e-05
   2.7000000000000000e+01   1.0631805707816966e-05
   2.8000000000000000e+01   1.1883939805557020e-05
   2.9000000000000000e+01   1.1070090295106638e-05
   3.0000000000000000e+01   1.1933909263461828e-05
   3.1000000000000000e+01   1.0676692909328267e-05
   3.2000000000000000e+01   1.0318326530978084e-05
   3.3000000000000000e+01   9.6752228273544461e-06
   3.4000000000000000e+01   1.0503371413506102e-05
   3.5000000000000000e+01   1.6411067917943001e-05
   3.6000000000000000e+01   1.9638284356915392e-05
   3.7000000000000000e+01   1.9641469407361001e-05
   3.8000000000000000e+01   1.9839530068566091e-05
   3.9000000000000000e+01   1.9305171008454636e-05
   4.0000000000000000e+01   1.9821140085696243e-05
   4.1000000000000000e+01   2.0067254808964208e-05
   4.2000000000000000e+01   2.7267235054750927e-05
   4.3000000000000000e+01   2.9183462174842134e-05
   4.4000000000000000e+01   3.4724944271147251e-05
   4.5000000000000000e+01   3.3874119253596291e-05
   4.6000000000000000e+01   3.7797537515871227e-05
   4.7000000000000000e+01   5.0140239181928337e-05
   4.8000000000000000e+01   6.2297847762238234e-05
   4.9000000000000000e+01   6.9972003984730691e-05
   5.0000000000000000e+01   7.8417120676022023e-05
   5.1000000000000000e+01   9.3205948360264301e-05
   5.2000000000000000e+01   1.0290291538694873e-04
   5.3000000000000000e+01   1.2455962132662535e-04
   5.4000000000000000e+01   1.5142744814511389e-04
   5.5000000000000000e+01   1.7395788745488971e-04
   5.6000000000000000e+01   1.9277058891020715e-04
   5.7000000000000000e+01   2.1138928423170000e-04
   5.8000000000000000e+01   2.2608983272220939e-04
   5.9000000000000000e+01   2.3996557865757495e-04
   6.0000000000000000e+01   2.6226666523143649e-04
   6.1000000000000000e+01   2.8162388480268419e-04
   6.2000000000000000e+01   2.8408408979885280e-04
   6.3000000000000000e+01   2.8612490859813988e-04
   6.4000000000000000e+01   2.9686267953366041e-04
   6.5000000000000000e+01   2.9645801987498999e-04
   6.6000000000000000e+01   2.8909381944686174e-04
   6.7000000000000000e+01   2.9038457432761788e-04
   6.8000000000000000e+01   2.8157068300060928e-04
   6.9000000000000000e+01   2.7148955268785357e-04
   7.0000000000000000e+01   2.5848063523881137e-04
   7.1000000000000000e+01   2.4730010773055255e-04
   7.2000000000000000e+01   2.3307539231609553e-04
   7.3000000000000000e+01   2.2940375492908061e-04
   7.4000000000000000e+01   2.2004800848662853e-04
   7.5000000000000000e+01   2.0495457283686846e-04
   7.6000000000000000e+01   1.9076892931479961e-04
   7.7000000000000000e+01   1.8562578770797700e-04
   7.8000000000000000e+01   1.8127527437172830e-04
   7.9000000000000000e+01   1.7017392383422703e-04
   8.0000000000000000e+01   1.6609956219326705e-04
   8.1000000000000000e+01   1.6551607404835522e-04
   8.2000000000000000e+01   1.6063304792623967e-04
   8.3000000000000000e+01   1.5420970157720149e-04
   8.4000000000000000e+01   1.4323214418254793e-04
   8.5000000000000000e+01   1.3843011402059346e-04
   8.6000000000000000e+01   1.4066295989323407e-04
   8.7000000000000000e+01   1.3493926962837577e-04
   8.8000000000000000e+01   1.2804195284843445e-04
   8.9000000000000000e+01   1.2274662731215358e-04
   9.0000000000000000e+01   1.1838136560982093e-04
   9.1000000000000000e+01   1.1429704318288714e-04
   9.2000000000000000e+01   1.1104701843578368e-04
   9.3000000000000000e+01   1.0641360131558031e-04
   9.4000000000000000e+01   1.0392556578153744e-04
   9.5000000000000000e+01   9.9261196737643331e-05
   9.6000000000000000e+01   9.6757699793670326e-05
   9.7000000000000000e+01   9.7155578259844333e-05
   9.8000000000000000e+01   9.5313174824696034e-05
   9.9000000000000000e+01   9.4041803095024079e-05
   1.0000000000000000e+02   9.3509057478513569e-05
   1.0100000000000000e+02   8.7380685727111995e-05
   1.0200000000000000e+02   8.5983519966248423e-05
   1.0300000000000000e+02   8.4170380432624370e-05
   1.0400000000000000e+02   8.4858198533765972e-05
   1.0500000000000000e+02   8.4872044681105763e-05
   1.0600000000000000e+02   8.5933301306795329e-05
   1.0700000000000000e+02   8.5052815848030150e-05
   1.0800000000000000e+02   8.3959115727338940e-05
   1.0900000000000000e+02   8.3513259596657008e-05
   1.1000000000000000e+02   8.3343198639340699e-05
   1.1100000000000000e+02   8.1223981396760792e-05
   1.1200000000000000e+02   7.9878576798364520e-05
   1.1300000000000000e+02   8.1445257819723338e-05
   1.1400000000000000e+02   8.2791542808990926e-05
   1.1500000000000000e+02   8.3989041741006076e-05
   1.1600000000000000e+02   8.6117615865077823e-05
   1.1700000000000000e+02   8.7097614596132189e-05
   1.1800000000000000e+02   8.9402179582975805e-05
   1.1900000000000000e+02   9.0407746029086411e-05
   1.2000000000000000e+02   9.5363786385860294e-05
   1.2100000000000000e+02   9.7259267931804061e-05
   1.2200000000000000e+02   9.8961078037973493e-05
   1.2300000000000000e+02   1.0247527825413272e-04
   1.2400000000000000e+02   1.0550798469921574e-04
   1.2500000000000000e+02   1.1130880739074200e-04
   1.2600000000000000e+02   1.2096712453057989e-04
   1.2700000000000000e+02   1.2993390555493534e-04
   1.2800000000000000e+02   1.4161162835080177e-04
   1.2900000000000000e+02   1.5772656479384750e-04
   1.3000000000000000e+02   1.7700903117656708e-04
   1.3100000000000000e+02   1.9887366215698421e-04
   1.3200000000000000e+02   2.3051715106703341e-04
   1.3300000000000000e+02   2.6261396124027669e-04
   1.3400000000000000e+02   3.0987695208750665e-04
   1.3500000000000000e+02   3.5371480043977499e-04
   1.3600000000000000e+02   4.0911833639256656e-04
   1.3700000000000000e+02   4.7978007933124900e-04
   1.3800000000000000e+02   5.5388297187164426e-04
   1.3900000000000000e+02   6.3553440850228071e-04
   1.4000000000000000e+02   7.2297453880310059e-04
   1.4100000000000000e+02   8.4906193660572171e-04
   1.4200000000000000e+02   9.9534331820905209e-04
   1.4300000000000000e+02   1.1583609739318490e-03
   1.4400000000000000e+02   1.3164135161787271e-03
   1.4500000000000000e+02   1.4955980004742742e-03
   1.4600000000000000e+02   1.7492945771664381e-03
   1.4700000000000000e+02   1.9702767021954060e-03
   1.4800000000000000e+02   2.1963629405945539e-03
   1.4900000000000000e+02   2.4428265169262886e-03
   1.5000000000000000e+02   2.7490502689033747e-03
   1.5100000000000000e+02   3.0249634291976690e-03
   1.5200000000000000e+02   3.3588299993425608e-03
   1.5300000000000000e+02   3.7048703525215387e-03
   1.5400000000000000e+02   4.0636681951582432e-03
   1.5500000000000000e+02   4.4608321040868759e-03
   1.5600000000000000e+02   4.8879822716116905e-03
   1.5700000000000000e+02   5.2832686342298985e-03
   1.5800000000000000e+02   5.6931776925921440e-03
   1.5900000000000000e+02   6.1786044389009476e-03
   1.6000000000000000e+02   6.6968342289328575e-03
   1.6100000000000000e+02   7.1226661093533039e-03
   1.6200000000000000e+02   7.6158931478857994e-03
   1.6300000000000000e+02   8.1211449578404427e-03
   1.6400000000000000e+02   8.6212735623121262e-03
   1.6500000000000000e+02   9.1391792520880699e-03
   1.6600000000000000e+02   9.7340168431401253e-03
   1.6700000000000000e+02   1.0260102339088917e-02
   1.6800000000000000e+02   1.0886984877288342e-02
   1.6900000000000000e+02   1.1415530927479267e-02
   1.7000000000000000e+02   1.2021745555102825e-02
   1.7100000000000000e+02   1.2622117064893246e-02
   1.7200000000000000e+02   1.3330533169209957e-02
   1.7300000000000000e+02   1.3965716585516930e-02
   1.7400000000000000e+02   1.4594761654734612e-02
   1.7500000000000000e+02   1.5286119654774666e-02
   1.7600000000000000e+02   1.5973255038261414e-02
   1.7700000000000000e+02   1.6691800206899643e-02
   1.7800000000000000e+02   1.7507351934909821e-02
   1.7900000000000000e+02   1.8251327797770500e-02
   1.8000000000000000e+02   1.9063970074057579e-02
   1.8100000000000000e+02   1.9860750064253807e-02
   1.8200000000000000e+02   2.0822810009121895e-02
   1.8300000000000000e+02   2.1624987944960594e-02
   1.8400000000000000e+02   2.2721322253346443e-02
   1.8500000000000000e+02   2.3771412670612335e-02
   1.8600000000000000e+02   2.4640323594212532e-02
   1.8700000000000000e+02   2.5640374049544334e-02
   1.8800000000000000e+02   2.6835102587938309e-02
   1.8900000000000000e+02   2.7964059263467789e-02
   1.9000000000000000e+02   2.9055284336209297e-02
   1.9100000000000000e+02   3.0078662559390068e-02
   1.9200000000000000e+02   3.1344719231128693e-02
   1.9300000000000000e+02   3.2533422112464905e-02
   1.9400000000000000e+02   3.3807478845119476e-02
   1.9500000000000000e+02   3.4959383308887482e-02
   1.9600000000000000e+02   3.6255810409784317e-02
   1.9700000000000000e+02   3.7370577454566956e-02
   1.9800000000000000e+02   3.8650549948215485e-02
   1.9900000000000000e+02   3.9809670299291611e-02
   2.0000000000000000e+02   4.0986929088830948e-02
   2.0100000000000000e+02   4.2177908122539520e-02
   2.0200000000000000e+02   4.3357383459806442e-02
   2.0300000000000000e+02   4.4429395347833633e-02
   2.0400000000000000e+02   4.5516364276409149e-02
   2.0500000000000000e+02   4.6483177691698074e-02
   2.0600000000000000e+02   4.7704409807920456e-02
   2.0700000000000000e+02   4.8642411828041077e-02
   2.0800000000000000e+02   4.9451466649770737e-02
   2.0900000000000000e+02   5.0432495772838593e-02
   2.1000000000000000e+02   5.1278889179229736e-02
   2.1100000000000000e+02   5.2189059555530548e-02
   2.1200000000000000e+02   5.3130339831113815e-02
   2.1300000000000000e+02   5.4043672978878021e-02
   2.1400000000000000e+02   5.4883256554603577e-02
   2.1500000000000000e+02   5.5489901453256607e-02
   2.1600000000000000e+02   5.6441847234964371e-02
   2.1700000000000000e+02   5.7073630392551422e-02
   2.1800000000000000e+02   5.7903010398149490e-02
   2.1900000000000000e+02   5.8713693171739578e-02
   2.2000000000000000e+02   5.9429723769426346e-02
   2.2100000000000000e+02   6.0137804597616196e-02
   2.2200000000000000e+02   6.0928963124752045e-02
   2.2300000000000000e+02   6.1773683875799179e-02
   2.2400000000000000e+02   6.2576115131378174e-02
   2.2500000000000000e+02   6.3483446836471558e-02
   2.2600000000000000e+02   6.4030937850475311e-02
   2.2700000000000000e+02   6.4615026116371155e-02
   2.2800000000000000e+02   6.5143220126628876e-02
   2.2900000000000000e+02   6.5708182752132416e-02
   2.3000000000000000e+02   6.6457033157348633e-02
   2.3100000000000000e+02   6.6740669310092926e-02
   2.3200000000000000e+02   6.7309141159057617e-02
   2.3300000000000000e+02   6.7692890763282776e-02
   2.3400000000000000e+02   6.7993000149726868e-02
   2.3500000000000000e+02   6.8425066769123077e-02
   2.3600000000000000e+02   6.8752482533454895e-02
   2.3700000000000000e+02   6.9100670516490936e-02
   2.3800000000000000e+02   6.9521330296993256e-02
   2.3900000000000000e+02   6.9588802754878998e-02
   2.4000000000000000e+02   6.9715850055217743e-02
   2.4100000000000000e+02   7.0007197558879852e-02
   2.4200000000000000e+02   7.0248939096927643e-02
   2.4300000000000000e+02   7.0423394441604614e-02
   2.4400000000000000e+02   7.0655427873134613e-02
   2.4500000000000000e+02   7.0802688598632812e-02
   2.4600000000000000e+02   7.1061365306377411e-02
   2.4700000000000000e+02   7.1178011596202850e-02
   2.4800000000000000e+02   7.1310229599475861e-02
   2.4900000000000000e+02   7.1453593671321869e-02
   2.5000000000000000e+02   7.1624599397182465e-02
   2.5100000000000000e+02   7.1890503168106079e-02
   2.5200000000000000e+02   7.2052590548992157e-02
   2.5300000000000000e+02   7.1960106492042542e-02
   2.5400000000000000e+02   7.2240963578224182e-02
   2.5500000000000000e+02   7.2343260049819946e-02
   2.5600000000000000e+02   7.2426244616508484e-02
   2.5700000000000000e+02   7.2407089173793793e-02
   2.5800000000000000e+02   7.2451323270797729e-02
   2.5900000000000000e+02   7.2308793663978577e-02
   2.6000000000000000e+02   7.2188600897789001e-02
   2.6100000000000000e+02   7.2196871042251587e-02
   2.6200000000000000e+02   7.2249703109264374e-02
   2.6300000000000000e+02   7.2090916335582733e-02
   2.6400000000000000e+02   7.2035506367683411e-02
   2.6500000000000000e+02   7.1931511163711548e-02
   2.6600000000000000e+02   7.1601174771785736e-02
   2.6700000000000000e+02   7.1290709078311920e-02
   2.6800000000000000e+02   7.1297094225883484e-02
   2.6900000000000000e+02   7.0920921862125397e-02
   2.7000000000000000e+02   7.0861615240573883e-02
   2.7100000000000000e+02   7.0619255304336548e-02
   2.7200000000000000e+02   7.0407263934612274e-02
   2.7300000000000000e+02   7.0072621107101440e-02
   2.7400000000000000e+02   6.9961898028850555e-02
   2.7500000000000000e+02   6.9683961570262909e-02
   2.7600000000000000e+02   6.9546572864055634e-02
   2.7700000000000000e+02   6.9179490208625793e-02
   2.7800000000000000e+02   6.8937078118324280e-02
   2.7900000000000000e+02   6.8853847682476044e-02
   2.8000000000000000e+02   6.8670995533466339e-02
   2.8100000000000000e+02   6.8540669977664948e-02
   2.8200000000000000e+02   6.8203419446945190e-02
   2.8300000000000000e+02   6.7803412675857544e-02
   2.8400000000000000e+02   6.7728862166404724e-02
   2.8500000000000000e+02   6.7230232059955597e-02
   2.8600000000000000e+02   6.6982343792915344e-02
   2.8700000000000000e+02   6.6739194095134735e-02
   2.8800000000000000e+02   6.6805735230445862e-02
   2.8900000000000000e+02   6.6632881760597229e-02
   2.9000000000000000e+02   6.6546320915222168e-02
   2.9100000000000000e+02   6.6460765898227692e-02
   2.9200000000000000e+02   6.6314354538917542e-02
   2.9300000000000000e+02   6.6128328442573547e-02
   2.9400000000000000e+02   6.5894812345504761e-02
   2.9500000000000000e+02   6.5765365958213806e-02
   2.9600000000000000e+02   6.5645486116409302e-02
   2.9700000000000000e+02   6.5711423754692078e-02
   2.9800000000000000e+02   6.5736703574657440e-02
   2.9900000000000000e+02   6.5541446208953857e-02
   3.0000000000000000e+02   6.5731972455978394e-02
