   1.0000000000000000e+00   8.1942243923549540e-06
   2.0000000000000000e+00   7.8380171544267796e-06
   3.0000000000000000e+00   7.4178869908791967e-06
   4.0000000000000000e+00   6.9324719333963003e-06
   5.0000000000000000e+00   6.3928664530976675e-06
   6.0000000000000000e+00   5.8090363381779753e-06
   7.0000000000000000e+00   5.1558599807322025e-06
   8.0000000000000000e+00   4.4690432332572527e-06
   9.0000000000000000e+00   3.7599088500428479e-06
   1.0000000000000000e+01   3.0676324058731552e-06
   1.1000000000000000e+01   2.4343173663510242e-06
   1.2000000000000000e+01   1.8766907032841118e-06
   1.3000000000000000e+01   1.7854456473287428e-06
   1.4000000000000000e+01   2.6730215267889434e-06
   1.5000000000000000e+01   5.5151745073089842e-06
   1.6000000000000000e+01   1.1224619811400771e-05
   1.7000000000000000e+01   2.0348687030491419e-05
   1.8000000000000000e+01   3.2375763112213463e-05
   1.9000000000000000e+01   4.5656495785806328e-05
   2.0000000000000000e+01   5.9153160691494122e-05
   2.1000000000000000e+01   7.4178322392981499e-05
   2.2000000000000000e+01   1.1276269651716575e-04
   2.3000000000000000e+01   4.3131862184964120e-04
   2.4000000000000000e+01   1.7569845076650381e-03
   2.5000000000000000e+01   5.4301815107464790e-03
   2.6000000000000000e+01   1.3507653959095478e-02
   2.7000000000000000e+01   2.8458135202527046e-02
   2.8000000000000000e+01   5.2429251372814178e-02
   2.9000000000000000e+01   8.6346916854381561e-02
   3.0000000000000000e+01   1.2954707443714142e-01
   3.1000000000000000e+01   1.8010525405406952e-01
   3.2000000000000000e+01   2.3562788963317871e-01
   3.3000000000000000e+01   2.9398578405380249e-01
   3.4000000000000000e+01   3.5359117388725281e-01
   3.5000000000000000e+01   4.1342404484748840e-01
   3.6000000000000000e+01   4.7276180982589722e-01
   3.7000000000000000e+01   5.3063803911209106e-01
   3.8000000000000000e+01   5.8545315265655518e-01
   3.9000000000000000e+01   6.3471078872680664e-01
   4.0000000000000000e+01   6.7525386810302734e-01
   4.1000000000000000e+01   7.0371276140213013e-01
   4.2000000000000000e+01   7.1739506721496582e-01
   4.3000000000000000e+01   7.1505248546600342e-01
   4.4000000000000000e+01   6.9744759798049927e-01
   4.5000000000000000e+01   6.6707909107208252e-01
   4.6000000000000000e+01   6.2741601467132568e-01
   4.7000000000000000e+01   5.8199000358581543e-01
   4.8000000000000000e+01   5.3363615274429321e-01
   4.9000000000000000e+01   4.8420998454093933e-01
   5.0000000000000000e+01   4.3472152948379517e-01
   5.1000000000000000e+01   3.8571295142173767e-01
   5.2000000000000000e+01   3.3784180879592896e-01
   5.3000000000000000e+01   2.9208812117576599e-01
   5.4000000000000000e+01   2.4990391731262207e-01
   5.5000000000000000e+01   2.1284122765064240e-01
   5.6000000000000000e+01   1.8210287392139435e-01
   5.7000000000000000e+01   1.5792338550090790e-01
   5.8000000000000000e+01   1.3950330018997192e-01
   5.9000000000000000e+01   1.2534265220165253e-01
   6.0000000000000000e+01   1.1383268982172012e-01
   6.1000000000000000e+01   1.0366888344287872e-01
   6.2000000000000000e+01   9.3923337757587433e-02
   6.3000000000000000e+01   8.4056288003921509e-02
   6.4000000000000000e+01   7.3913991451263428e-02
   6.5000000000000000e+01   6.3568331301212311e-02
   6.6000000000000000e+01   5.3224798291921616e-02
   6.7000000000000000e+01   4.3181445449590683e-02
   6.8000000000000000e+01   3.3801641315221786e-02
   6.9000000000000000e+01   2.5402590632438660e-02
   7.0000000000000000e+01   1.8249060958623886e-02
   7.1000000000000000e+01   1.2451068498194218e-02
   7.2000000000000000e+01   7.9977028071880341e-03
   7.3000000000000000e+01   4.7889687120914459e-03
   7.4000000000000000e+01   2.6354636065661907e-03
   7.5000000000000000e+01   1.3106559636071324e-03
   7.6000000000000000e+01   5.7333911536261439e-04
   7.7000000000000000e+01   2.1304374968167394e-04
   7.8000000000000000e+01   6.3907187723089010e-05
   7.9000000000000000e+01   1.3806538845528848e-05
   8.0000000000000000e+01   1.7454819953854894e-06
   8.1000000000000000e+01   1.4186670114213484e-06
   8.2000000000000000e+01   1.8888089243773720e-06
   8.3000000000000000e+01   3.2209457003773423e-06
   8.4000000000000000e+01   5.5326763686025515e-06
   8.5000000000000000e+01   8.8365959527436644e-06
   8.6000000000000000e+01   1.2897667147626635e-05
   8.7000000000000000e+01   1.7138385373982601e-05
   8.8000000000000000e+01   2.0966963347746059e-05
   8.9000000000000000e+01   2.4035516617004760e-05
   9.0000000000000000e+01   2.6299578166799620e-05
   9.1000000000000000e+01   2.7880847483174875e-05
   9.2000000000000000e+01   2.8908210879308172e-05
   9.3000000000000000e+01   2.9454889954649843e-05
   9.4000000000000000e+01   2.9695242119487375e-05
   9.5000000000000000e+01   2.9668888601008803e-05
   9.6000000000000000e+01   2.9362940040300600e-05
   9.7000000000000000e+01   2.8552722142194398e-05
   9.8000000000000000e+01   2.7088310162071139e-05
   9.9000000000000000e+01   2.4720380679355003e-05
   1.0000000000000000e+02   2.1383408238762058e-05
   1.0100000000000000e+02   1.7305404981016181e-05
   1.0200000000000000e+02   1.3057311662123539e-05
   1.0300000000000000e+02   9.2256641437415965e-06
   1.0400000000000000e+02   6.1536666180472821e-06
   1.0500000000000000e+02   3.8808157114544883e-06
   1.0600000000000000e+02   2.2790559341956396e-06
   1.0700000000000000e+02   1.2110408533771988e-06
   1.0800000000000000e+02   5.9673652685887646e-07
   1.0900000000000000e+02   2.4437082402073429e-07
   1.1000000000000000e+02   7.4891680412747519e-08
   1.1100000000000000e+02   8.7760065881070659e-09
   1.1200000000000000e+02   5.4180380182344834e-09
   1.1300000000000000e+02   3.6695295690947205e-09
   1.1400000000000000e+02   2.6933431040987443e-09
   1.1500000000000000e+02   1.9783048532673320e-09
   1.1600000000000000e+02   1.4456308372601256e-09
   1.1700000000000000e+02   1.1689066381492808e-09
   1.1800000000000000e+02   1.1513870967760909e-09
   1.1900000000000000e+02   1.6754503340266069e-09
   1.2000000000000000e+02   5.6279128024527836e-09
   1.2100000000000000e+02   1.4809243609192890e-08
   1.2200000000000000e+02   3.5403321163585133e-08
   1.2300000000000000e+02   7.3031721115057735e-08
   1.2400000000000000e+02   1.3885525618206884e-07
   1.2500000000000000e+02   2.3836724949433119e-07
   1.2600000000000000e+02   3.9315096955760964e-07
   1.2700000000000000e+02   6.1965005215824931e-07
   1.2800000000000000e+02   9.3851758720120415e-07
   1.2900000000000000e+02   1.3682465578312986e-06
   1.3000000000000000e+02   1.9102058104181197e-06
   1.3100000000000000e+02   2.5544613890815526e-06
   1.3200000000000000e+02   3.3492708553239936e-06
   1.3300000000000000e+02   4.3559671212278772e-06
   1.3400000000000000e+02   5.6957915148814209e-06
   1.3500000000000000e+02   7.5281222962075844e-06
   1.3600000000000000e+02   1.0006027878262103e-05
   1.3700000000000000e+02   1.3148379366612062e-05
   1.3800000000000000e+02   1.6985868569463491e-05
   1.3900000000000000e+02   2.1504229152924381e-05
   1.4000000000000000e+02   2.6666371923056431e-05
   1.4100000000000000e+02   3.2408279366791248e-05
   1.4200000000000000e+02   3.8552985643036664e-05
   1.4300000000000000e+02   4.4772303226636723e-05
   1.4400000000000000e+02   5.0799455493688583e-05
   1.4500000000000000e+02   5.6496937759220600e-05
   1.4600000000000000e+02   6.1903287132736295e-05
   1.4700000000000000e+02   6.7112494434695691e-05
   1.4800000000000000e+02   7.2204544267151505e-05
   1.4900000000000000e+02   7.7168348070699722e-05
   1.5000000000000000e+02   8.1985570432152599e-05
   1.5100000000000000e+02   8.6667016148567200e-05
   1.5200000000000000e+02   9.1252368292771280e-05
   1.5300000000000000e+02   9.5715069619473070e-05
   1.5400000000000000e+02   1.0001413465943187e-04
   1.5500000000000000e+02   1.0407030640635639e-04
   1.5600000000000000e+02   1.0784600453916937e-04
   1.5700000000000000e+02   1.1142517905682325e-04
   1.5800000000000000e+02   1.1500919936224818e-04
   1.5900000000000000e+02   1.1876292410306633e-04
   1.6000000000000000e+02   1.2268926366232336e-04
   1.6100000000000000e+02   1.2676532787736505e-04
   1.6200000000000000e+02   1.3089533604215831e-04
   1.6300000000000000e+02   1.3503871741704643e-04
   1.6400000000000000e+02   1.3912898430135101e-04
   1.6500000000000000e+02   1.4300845214165747e-04
   1.6600000000000000e+02   1.4651278615929186e-04
   1.6700000000000000e+02   1.4950982586015016e-04
   1.6800000000000000e+02   1.5198055189102888e-04
   1.6900000000000000e+02   1.5386594168376178e-04
   1.7000000000000000e+02   1.5508243814110756e-04
   1.7100000000000000e+02   1.5547471411991864e-04
   1.7200000000000000e+02   1.5490343503188342e-04
   1.7300000000000000e+02   1.5338858065661043e-04
   1.7400000000000000e+02   1.5100497694220394e-04
   1.7500000000000000e+02   1.4790710702072829e-04
   1.7600000000000000e+02   1.4415376062970608e-04
   1.7700000000000000e+02   1.3992107415106148e-04
   1.7800000000000000e+02   1.3540737563744187e-04
   1.7900000000000000e+02   1.3097190822008997e-04
   1.8000000000000000e+02   1.2696815247181803e-04
   1.8100000000000000e+02   1.2353475904092193e-04
   1.8200000000000000e+02   1.2049034558003768e-04
   1.8300000000000000e+02   1.1753809667425230e-04
   1.8400000000000000e+02   1.1460036330390722e-04
   1.8500000000000000e+02   1.1179244029335678e-04
   1.8600000000000000e+02   1.0933837620541453e-04
   1.8700000000000000e+02   1.0726801701821387e-04
   1.8800000000000000e+02   1.0543320240685716e-04
   1.8900000000000000e+02   1.0372325050411746e-04
   1.9000000000000000e+02   1.0191217006649822e-04
   1.9100000000000000e+02   9.9837459856644273e-05
   1.9200000000000000e+02   9.7201700555160642e-05
   1.9300000000000000e+02   9.3913142336532474e-05
   1.9400000000000000e+02   8.9792541984934360e-05
   1.9500000000000000e+02   8.4742307080887258e-05
   1.9600000000000000e+02   7.8781165939290076e-05
   1.9700000000000000e+02   7.2166229074355215e-05
   1.9800000000000000e+02   6.5250242187175900e-05
   1.9900000000000000e+02   5.8245077525498345e-05
   2.0000000000000000e+02   5.1339011406525970e-05
   2.0100000000000000e+02   4.4636544771492481e-05
   2.0200000000000000e+02   3.8484726246679202e-05
   2.0300000000000000e+02   3.3472144423285499e-05
   2.0400000000000000e+02   3.0141278330120258e-05
   2.0500000000000000e+02   2.9268127036630176e-05
   2.0600000000000000e+02   3.1631985621061176e-05
   2.0700000000000000e+02   3.8001304346835241e-05
   2.0800000000000000e+02   4.8751171561889350e-05
   2.0900000000000000e+02   6.4068328356370330e-05
   2.1000000000000000e+02   8.4667968621943146e-05
   2.1100000000000000e+02   1.1153149534948170e-04
   2.1200000000000000e+02   1.4560447016265243e-04
   2.1300000000000000e+02   1.8710053700488061e-04
   2.1400000000000000e+02   2.3513300402555615e-04
   2.1500000000000000e+02   2.8782724984921515e-04
   2.1600000000000000e+02   3.4322912688367069e-04
   2.1700000000000000e+02   3.9900536648929119e-04
   2.1800000000000000e+02   4.5333680463954806e-04
   2.1900000000000000e+02   5.0476001342758536e-04
   2.2000000000000000e+02   5.5229983991011977e-04
   2.2100000000000000e+02   5.9483182849362493e-04
   2.2200000000000000e+02   6.3165900064632297e-04
   2.2300000000000000e+02   6.6221912857145071e-04
   2.2400000000000000e+02   6.8616861244663596e-04
   2.2500000000000000e+02   7.0249021518975496e-04
   2.2600000000000000e+02   7.0998852606862783e-04
   2.2700000000000000e+02   7.0763338590040803e-04
   2.2800000000000000e+02   6.9562566932290792e-04
   2.2900000000000000e+02   6.7513680551201105e-04
   2.3000000000000000e+02   6.4850330818444490e-04
   2.3100000000000000e+02   6.1786529840901494e-04
   2.3200000000000000e+02   5.8537349104881287e-04
   2.3300000000000000e+02   5.5238988716155291e-04
   2.3400000000000000e+02   5.1994150271639228e-04
   2.3500000000000000e+02   4.8857659567147493e-04
   2.3600000000000000e+02   4.5906784362159669e-04
   2.3700000000000000e+02   4.3160037603229284e-04
   2.3800000000000000e+02   4.0617785998620093e-04
   2.3900000000000000e+02   3.8290533120743930e-04
   2.4000000000000000e+02   3.6197961890138686e-04
   2.4100000000000000e+02   3.4365002647973597e-04
   2.4200000000000000e+02   3.2830095733515918e-04
   2.4300000000000000e+02   3.1569664133712649e-04
   2.4400000000000000e+02   3.0571932438760996e-04
   2.4500000000000000e+02   2.9794935835525393e-04
   2.4600000000000000e+02   2.9218237614259124e-04
   2.4700000000000000e+02   2.8842527535744011e-04
   2.4800000000000000e+02   2.8649580781348050e-04
   2.4900000000000000e+02   2.8608099091798067e-04
   2.5000000000000000e+02   2.8678009402938187e-04
   2.5100000000000000e+02   2.8837859281338751e-04
   2.5200000000000000e+02   2.9098111554048955e-04
   2.5300000000000000e+02   2.9478879878297448e-04
   2.5400000000000000e+02   3.0013851937837899e-04
   2.5500000000000000e+02   3.0709043494425714e-04
   2.5600000000000000e+02   3.1562580261379480e-04
   2.5700000000000000e+02   3.2531938632018864e-04
   2.5800000000000000e+02   3.3594339038245380e-04
   2.5900000000000000e+02   3.4710636828094721e-04
   2.6000000000000000e+02   3.5879880306310952e-04
   2.6100000000000000e+02   3.7138164043426514e-04
   2.6200000000000000e+02   3.8585142465308309e-04
   2.6300000000000000e+02   4.0336782694794238e-04
   2.6400000000000000e+02   4.2526642209850252e-04
   2.6500000000000000e+02   4.5240807230584323e-04
   2.6600000000000000e+02   4.8485968727618456e-04
   2.6700000000000000e+02   5.2112468983978033e-04
   2.6800000000000000e+02   5.5904913460835814e-04
   2.6900000000000000e+02   5.9638521634042263e-04
   2.7000000000000000e+02   6.3223502365872264e-04
   2.7100000000000000e+02   6.6583527950569987e-04
   2.7200000000000000e+02   6.9744995562359691e-04
   2.7300000000000000e+02   7.2600290877744555e-04
   2.7400000000000000e+02   7.5059605296701193e-04
   2.7500000000000000e+02   7.6958187855780125e-04
   2.7600000000000000e+02   7.8149134060367942e-04
   2.7700000000000000e+02   7.8467873390763998e-04
   2.7800000000000000e+02   7.7825901098549366e-04
   2.7900000000000000e+02   7.6122197788208723e-04
   2.8000000000000000e+02   7.3303934186697006e-04
   2.8100000000000000e+02   6.9400150096043944e-04
   2.8200000000000000e+02   6.4622599165886641e-04
   2.8300000000000000e+02   5.9233477804809809e-04
   2.8400000000000000e+02   5.3552922327071428e-04
   2.8500000000000000e+02   4.7736754640936852e-04
   2.8600000000000000e+02   4.1913738823495805e-04
   2.8700000000000000e+02   3.6109981010667980e-04
   2.8800000000000000e+02   3.0467216856777668e-04
   2.8900000000000000e+02   2.5108925183303654e-04
   2.9000000000000000e+02   2.0194992248434573e-04
   2.9100000000000000e+02   1.5837595856282860e-04
   2.9200000000000000e+02   1.2105650966987014e-04
   2.9300000000000000e+02   8.9923465566243976e-05
   2.9400000000000000e+02   6.4805637521203607e-05
   2.9500000000000000e+02   4.5480737753678113e-05
   2.9600000000000000e+02   3.1726714951219037e-05
   2.9700000000000000e+02   2.2374335458152927e-05
   2.9800000000000000e+02   1.6745032553444616e-05
   2.9900000000000000e+02   1.3357374882616568e-05
   3.0000000000000000e+02   1.1383997843950056e-05
