   1.0000000000000000e+00   2.6837484911084175e-03
   2.0000000000000000e+00   2.5748459156602621e-03
   3.0000000000000000e+00   2.6425987016409636e-03
   4.0000000000000000e+00   2.5391927920281887e-03
   5.0000000000000000e+00   2.3912636097520590e-03
   6.0000000000000000e+00   2.2768881171941757e-03
   7.0000000000000000e+00   2.2933261934667826e-03
   8.0000000000000000e+00   2.2337294649332762e-03
   9.0000000000000000e+00   2.1994037088006735e-03
   1.0000000000000000e+01   2.2321937140077353e-03
   1.1000000000000000e+01   2.1935866679996252e-03
   1.2000000000000000e+01   2.0202146843075752e-03
   1.3000000000000000e+01   1.8051069928333163e-03
   1.4000000000000000e+01   1.6949983546510339e-03
   1.5000000000000000e+01   1.7762881470844150e-03
   1.6000000000000000e+01   1.6845952486619353e-03
   1.7000000000000000e+01   1.6757978592067957e-03
   1.8000000000000000e+01   1.5762766124680638e-03
   1.9000000000000000e+01   1.5360625693574548e-03
   2.0000000000000000e+01   1.5337297227233648e-03
   2.1000000000000000e+01   1.5246713301166892e-03
   2.2000000000000000e+01   1.4231336535885930e-03
   2.3000000000000000e+01   1.4043202390894294e-03
   2.4000000000000000e+01   1.4696227153763175e-03
   2.5000000000000000e+01   1.4801339711993933e-03
   2.6000000000000000e+01   1.4370185090228915e-03
   2.7000000000000000e+01   1.3874199939891696e-03
   2.8000000000000000e+01   1.4959687832742929e-03
   2.9000000000000000e+01   1.4332251157611609e-03
   3.0000000000000000e+01   1.4374197926372290e-03
   3.1000000000000000e+01   1.3747273478657007e-03
   3.2000000000000000e+01   1.3368659419938922e-03
   3.3000000000000000e+01   1.3035418232902884e-03
   3.4000000000000000e+01   1.3790806988254189e-03
   3.5000000000000000e+01   1.5992919215932488e-03
   3.6000000000000000e+01   1.7204335890710354e-03
   3.7000000000000000e+01   1.7160271527245641e-03
   3.8000000000000000e+01   1.7221005400642753e-03
   3.9000000000000000e+01   1.6671483172103763e-03
   4.0000000000000000e+01   1.6819711308926344e-03
   4.1000000000000000e+01   1.7063760897144675e-03
   4.2000000000000000e+01   1.9272608915343881e-03
   4.3000000000000000e+01   2.0228049252182245e-03
   4.4000000000000000e+01   2.2576055489480495e-03
   4.5000000000000000e+01   2.2769016213715076e-03
   4.6000000000000000e+01   2.4289058055728674e-03
   4.7000000000000000e+01   2.8007172513753176e-03
   4.8000000000000000e+01   3.0954307876527309e-03
   4.9000000000000000e+01   3.3343471586704254e-03
   5.0000000000000000e+01   3.5109175369143486e-03
   5.1000000000000000e+01   3.8230062928050756e-03
   5.2000000000000000e+01   4.1755763813853264e-03
   5.3000000000000000e+01   4.6346662566065788e-03
   5.4000000000000000e+01   5.1332614384591579e-03
   5.5000000000000000e+01   5.6497370824217796e-03
   5.6000000000000000e+01   6.1169858090579510e-03
   5.7000000000000000e+01   6.4132087863981724e-03
   5.8000000000000000e+01   6.6726873628795147e-03
   5.9000000000000000e+01   6.9067957811057568e-03
   6.0000000000000000e+01   7.3686377145349979e-03
   6.1000000000000000e+01   7.7434312552213669e-03
   6.2000000000000000e+01   7.8337863087654114e-03
   6.3000000000000000e+01   8.0438945442438126e-03
   6.4000000000000000e+01   8.2543203607201576e-03
   6.5000000000000000e+01   8.3437468856573105e-03
   6.6000000000000000e+01   8.3324285224080086e-03
   6.7000000000000000e+01   8.3917137235403061e-03
   6.8000000000000000e+01   8.4427492693066597e-03
   6.9000000000000000e+01   8.4745502099394798e-03
   7.0000000000000000e+01   8.3399657160043716e-03
   7.1000000000000000e+01   8.2314955070614815e-03
   7.2000000000000000e+01   8.1417076289653778e-03
   7.3000000000000000e+01   8.2918489351868629e-03
   7.4000000000000000e+01   8.2989325746893883e-03
   7.5000000000000000e+01   8.1818345934152603e-03
   7.6000000000000000e+01   8.0633237957954407e-03
   7.7000000000000000e+01   8.0831469967961311e-03
   7.8000000000000000e+01   8.0378400161862373e-03
   7.9000000000000000e+01   7.9583078622817993e-03
   8.0000000000000000e+01   7.9394672065973282e-03
   8.1000000000000000e+01   7.9764733090996742e-03
   8.2000000000000000e+01   7.8805098310112953e-03
   8.3000000000000000e+01   7.7675655484199524e-03
   8.4000000000000000e+01   7.6274811290204525e-03
   8.5000000000000000e+01   7.5693083927035332e-03
   8.6000000000000000e+01   7.7194594778120518e-03
   8.7000000000000000e+01   7.6198233291506767e-03
   8.8000000000000000e+01   7.4180644005537033e-03
   8.9000000000000000e+01   7.2599649429321289e-03
   9.0000000000000000e+01   7.1716969832777977e-03
   9.1000000000000000e+01   7.1098688058555126e-03
   9.2000000000000000e+01   7.0079439319670200e-03
   9.3000000000000000e+01   6.8863253109157085e-03
   9.4000000000000000e+01   6.8191192112863064e-03
   9.5000000000000000e+01   6.7094163969159126e-03
   9.6000000000000000e+01   6.6857072524726391e-03
   9.7000000000000000e+01   6.7196185700595379e-03
   9.8000000000000000e+01   6.6384822130203247e-03
   9.9000000000000000e+01   6.5583111718297005e-03
   1.0000000000000000e+02   6.5117222256958485e-03
   1.0100000000000000e+02   6.2551349401473999e-03
   1.0200000000000000e+02   6.2605002894997597e-03
   1.0300000000000000e+02   6.2186080031096935e-03
   1.0400000000000000e+02   6.2956479378044605e-03
   1.0500000000000000e+02   6.2593561597168446e-03
   1.0600000000000000e+02   6.2678521499037743e-03
   1.0700000000000000e+02   6.2066381797194481e-03
   1.0800000000000000e+02   6.1772265471518040e-03
   1.0900000000000000e+02   6.1350986361503601e-03
   1.1000000000000000e+02   6.1182412318885326e-03
   1.1100000000000000e+02   6.0924724675714970e-03
   1.1200000000000000e+02   6.0507142916321754e-03
   1.1300000000000000e+02   6.1209350824356079e-03
   1.1400000000000000e+02   6.1819315887987614e-03
   1.1500000000000000e+02   6.2281461432576180e-03
   1.1600000000000000e+02   6.3017737120389938e-03
   1.1700000000000000e+02   6.3549773767590523e-03
   1.1800000000000000e+02   6.4876098185777664e-03
   1.1900000000000000e+02   6.4682560041546822e-03
   1.2000000000000000e+02   6.6025215201079845e-03
   1.2100000000000000e+02   6.6232956014573574e-03
   1.2200000000000000e+02   6.7299129441380501e-03
   1.2300000000000000e+02   6.8738739937543869e-03
   1.2400000000000000e+02   6.9589186459779739e-03
   1.2500000000000000e+02   7.0712617598474026e-03
   1.2600000000000000e+02   7.2737764567136765e-03
   1.2700000000000000e+02   7.5001013465225697e-03
   1.2800000000000000e+02   7.7042360790073872e-03
   1.2900000000000000e+02   7.9364683479070663e-03
   1.3000000000000000e+02   8.2794679328799248e-03
   1.3100000000000000e+02   8.6109023541212082e-03
   1.3200000000000000e+02   9.0716201812028885e-03
   1.3300000000000000e+02   9.4982385635375977e-03
   1.3400000000000000e+02   1.0109075345098972e-02
   1.3500000000000000e+02   1.0636092163622379e-02
   1.3600000000000000e+02   1.1365680024027824e-02
   1.3700000000000000e+02   1.2080874294042587e-02
   1.3800000000000000e+02   1.2841958552598953e-02
   1.3900000000000000e+02   1.3731037266552448e-02
   1.4000000000000000e+02   1.4543553814291954e-02
   1.4100000000000000e+02   1.5503947623074055e-02
   1.4200000000000000e+02   1.6595927998423576e-02
   1.4300000000000000e+02   1.7762878909707069e-02
   1.4400000000000000e+02   1.8757231533527374e-02
   1.4500000000000000e+02   1.9656836986541748e-02
   1.4600000000000000e+02   2.0747032016515732e-02
   1.4700000000000000e+02   2.1627118811011314e-02
   1.4800000000000000e+02   2.2731658071279526e-02
   1.4900000000000000e+02   2.3678382858633995e-02
   1.5000000000000000e+02   2.4921592324972153e-02
   1.5100000000000000e+02   2.5881040841341019e-02
   1.5200000000000000e+02   2.6805812492966652e-02
   1.5300000000000000e+02   2.7892388403415680e-02
   1.5400000000000000e+02   2.8862373903393745e-02
   1.5500000000000000e+02   3.0051322653889656e-02
   1.5600000000000000e+02   3.0781619250774384e-02
   1.5700000000000000e+02   3.1577754765748978e-02
   1.5800000000000000e+02   3.2164458185434341e-02
   1.5900000000000000e+02   3.2809816300868988e-02
   1.6000000000000000e+02   3.3563956618309021e-02
   1.6100000000000000e+02   3.4357845783233643e-02
   1.6200000000000000e+02   3.5172596573829651e-02
   1.6300000000000000e+02   3.5591464489698410e-02
   1.6400000000000000e+02   3.6251664161682129e-02
   1.6500000000000000e+02   3.6468196660280228e-02
   1.6600000000000000e+02   3.6987498402595520e-02
   1.6700000000000000e+02   3.7818990647792816e-02
   1.6800000000000000e+02   3.8322929292917252e-02
   1.6900000000000000e+02   3.8808044046163559e-02
   1.7000000000000000e+02   3.9075590670108795e-02
   1.7100000000000000e+02   3.9567988365888596e-02
   1.7200000000000000e+02   4.0278110653162003e-02
   1.7300000000000000e+02   4.1117303073406219e-02
   1.7400000000000000e+02   4.2058158665895462e-02
   1.7500000000000000e+02   4.2658045887947083e-02
   1.7600000000000000e+02   4.3437678366899490e-02
   1.7700000000000000e+02   4.4020261615514755e-02
   1.7800000000000000e+02   4.4874113053083420e-02
   1.7900000000000000e+02   4.5639205724000931e-02
   1.8000000000000000e+02   4.6395171433687210e-02
   1.8100000000000000e+02   4.7174155712127686e-02
   1.8200000000000000e+02   4.7641046345233917e-02
   1.8300000000000000e+02   4.8490207642316818e-02
   1.8400000000000000e+02   4.9080848693847656e-02
   1.8500000000000000e+02   4.9728512763977051e-02
   1.8600000000000000e+02   5.0604213029146194e-02
   1.8700000000000000e+02   5.0891693681478500e-02
   1.8800000000000000e+02   5.1184851676225662e-02
   1.8900000000000000e+02   5.1342658698558807e-02
   1.9000000000000000e+02   5.2178859710693359e-02
   1.9100000000000000e+02   5.2421383559703827e-02
   1.9200000000000000e+02   5.3276397287845612e-02
   1.9300000000000000e+02   5.4194904863834381e-02
   1.9400000000000000e+02   5.4867289960384369e-02
   1.9500000000000000e+02   5.5500768125057220e-02
   1.9600000000000000e+02   5.6059438735246658e-02
   1.9700000000000000e+02   5.6424234062433243e-02
   1.9800000000000000e+02   5.7009495794773102e-02
   1.9900000000000000e+02   5.7934764772653580e-02
   2.0000000000000000e+02   5.8837223798036575e-02
   2.0100000000000000e+02   5.9121131896972656e-02
   2.0200000000000000e+02   5.9931680560112000e-02
   2.0300000000000000e+02   6.0852274298667908e-02
   2.0400000000000000e+02   6.1980046331882477e-02
   2.0500000000000000e+02   6.2710627913475037e-02
   2.0600000000000000e+02   6.3535310328006744e-02
   2.0700000000000000e+02   6.3415013253688812e-02
   2.0800000000000000e+02   6.3363783061504364e-02
   2.0900000000000000e+02   6.3476122915744781e-02
   2.1000000000000000e+02   6.3779778778553009e-02
   2.1100000000000000e+02   6.4550325274467468e-02
   2.1200000000000000e+02   6.5840654075145721e-02
   2.1300000000000000e+02   6.6243082284927368e-02
   2.1400000000000000e+02   6.6301390528678894e-02
   2.1500000000000000e+02   6.6333070397377014e-02
   2.1600000000000000e+02   6.6740430891513824e-02
   2.1700000000000000e+02   6.6870734095573425e-02
   2.1800000000000000e+02   6.7209504544734955e-02
   2.1900000000000000e+02   6.7398421466350555e-02
   2.2000000000000000e+02   6.7216046154499054e-02
   2.2100000000000000e+02   6.7652888596057892e-02
   2.2200000000000000e+02   6.8194352090358734e-02
   2.2300000000000000e+02   6.8759173154830933e-02
   2.2400000000000000e+02   6.9050751626491547e-02
   2.2500000000000000e+02   6.9696418941020966e-02
   2.2600000000000000e+02   6.9632805883884430e-02
   2.2700000000000000e+02   6.9017104804515839e-02
   2.2800000000000000e+02   6.8945243954658508e-02
   2.2900000000000000e+02   6.8968936800956726e-02
   2.3000000000000000e+02   6.9524593651294708e-02
   2.3100000000000000e+02   6.9710798561573029e-02
   2.3200000000000000e+02   6.9857403635978699e-02
   2.3300000000000000e+02   6.9721892476081848e-02
   2.3400000000000000e+02   6.9647319614887238e-02
   2.3500000000000000e+02   6.9675847887992859e-02
   2.3600000000000000e+02   6.9256402552127838e-02
   2.3700000000000000e+02   6.9489821791648865e-02
   2.3800000000000000e+02   6.9326557219028473e-02
   2.3900000000000000e+02   6.9508627057075500e-02
   2.4000000000000000e+02   6.9580942392349243e-02
   2.4100000000000000e+02   6.9463334977626801e-02
   2.4200000000000000e+02   6.9620065391063690e-02
   2.4300000000000000e+02   6.9800466299057007e-02
   2.4400000000000000e+02   6.9997511804103851e-02
   2.4500000000000000e+02   6.9694511592388153e-02
   2.4600000000000000e+02   6.9573879241943359e-02
   2.4700000000000000e+02   6.9760419428348541e-02
   2.4800000000000000e+02   6.9536037743091583e-02
   2.4900000000000000e+02   6.9204919040203094e-02
   2.5000000000000000e+02   6.9151997566223145e-02
   2.5100000000000000e+02   6.9328099489212036e-02
   2.5200000000000000e+02   6.9091513752937317e-02
   2.5300000000000000e+02   6.8988785147666931e-02
   2.5400000000000000e+02   6.8909615278244019e-02
   2.5500000000000000e+02   6.8490989506244659e-02
   2.5600000000000000e+02   6.8945400416851044e-02
   2.5700000000000000e+02   6.8653889000415802e-02
   2.5800000000000000e+02   6.8307884037494659e-02
   2.5900000000000000e+02   6.7942000925540924e-02
   2.6000000000000000e+02   6.7576624453067780e-02
   2.6100000000000000e+02   6.7327514290809631e-02
   2.6200000000000000e+02   6.7169852554798126e-02
   2.6300000000000000e+02   6.7093640565872192e-02
   2.6400000000000000e+02   6.6993355751037598e-02
   2.6500000000000000e+02   6.6972702741622925e-02
   2.6600000000000000e+02   6.6643171012401581e-02
   2.6700000000000000e+02   6.6461481153964996e-02
   2.6800000000000000e+02   6.6133469343185425e-02
   2.6900000000000000e+02   6.5692059695720673e-02
   2.7000000000000000e+02   6.5228715538978577e-02
   2.7100000000000000e+02   6.4685799181461334e-02
   2.7200000000000000e+02   6.4595453441143036e-02
   2.7300000000000000e+02   6.4170479774475098e-02
   2.7400000000000000e+02   6.4459949731826782e-02
   2.7500000000000000e+02   6.4190939068794250e-02
   2.7600000000000000e+02   6.3916504383087158e-02
   2.7700000000000000e+02   6.3292250037193298e-02
   2.7800000000000000e+02   6.2865100800991058e-02
   2.7900000000000000e+02   6.2673658132553101e-02
   2.8000000000000000e+02   6.2231585383415222e-02
   2.8100000000000000e+02   6.1942037194967270e-02
   2.8200000000000000e+02   6.1688121408224106e-02
   2.8300000000000000e+02   6.1494279652833939e-02
   2.8400000000000000e+02   6.1421867460012436e-02
   2.8500000000000000e+02   6.1370965093374252e-02
   2.8600000000000000e+02   6.0862578451633453e-02
   2.8700000000000000e+02   6.0695789754390717e-02
   2.8800000000000000e+02   6.0371290892362595e-02
   2.8900000000000000e+02   5.9578280895948410e-02
   2.9000000000000000e+02   5.9579007327556610e-02
   2.9100000000000000e+02   5.9717871248722076e-02
   2.9200000000000000e+02   5.9257872402667999e-02
   2.9300000000000000e+02   5.9186615049839020e-02
   2.9400000000000000e+02   5.9077285230159760e-02
   2.9500000000000000e+02   5.9061996638774872e-02
   2.9600000000000000e+02   5.8921840041875839e-02
   2.9700000000000000e+02   5.8777663856744766e-02
   2.9800000000000000e+02   5.8670960366725922e-02
   2.9900000000000000e+02   5.8389443904161453e-02
   3.0000000000000000e+02   5.8169469237327576e-02
