   1.0000000000000000e+00   3.5026037949137390e-04
   2.0000000000000000e+00   3.4655479248613119e-04
   3.0000000000000000e+00   3.6006033769808710e-04
   4.0000000000000000e+00   3.5882275551557541e-04
   5.0000000000000000e+00   3.5215672687627375e-04
   6.0000000000000000e+00   3.5504257539287210e-04
   7.0000000000000000e+00   3.6809890298172832e-04
   8.0000000000000000e+00   3.7172858719713986e-04
   9.0000000000000000e+00   3.8161783595569432e-04
   1.0000000000000000e+01   4.0057525620795786e-04
   1.1000000000000000e+01   4.1117015643976629e-04
   1.2000000000000000e+01   4.2425267747603357e-04
   1.3000000000000000e+01   4.1382454219274223e-04
   1.4000000000000000e+01   4.2693159775808454e-04
   1.5000000000000000e+01   4.5023681013844907e-04
   1.6000000000000000e+01   4.5808221329934895e-04
   1.7000000000000000e+01   4.7579125384800136e-04
   1.8000000000000000e+01   4.7987618017941713e-04
   1.9000000000000000e+01   4.8400863306596875e-04
   2.0000000000000000e+01   4.9307802692055702e-04
   2.1000000000000000e+01   4.9316219519823790e-04
   2.2000000000000000e+01   4.8537718248553574e-04
   2.3000000000000000e+01   4.8731692368164659e-04
   2.4000000000000000e+01   5.0183688290417194e-04
   2.5000000000000000e+01   5.0276372348889709e-04
   2.6000000000000000e+01   5.0182826817035675e-04
   2.7000000000000000e+01   4.9883837345987558e-04
   2.8000000000000000e+01   5.1801395602524281e-04
   2.9000000000000000e+01   5.1210529636591673e-04
   3.0000000000000000e+01   5.2100303582847118e-04
   3.1000000000000000e+01   5.0897680921480060e-04
   3.2000000000000000e+01   5.0480751087889075e-04
   3.3000000000000000e+01   5.0398049643263221e-04
   3.4000000000000000e+01   5.1617773715406656e-04
   3.5000000000000000e+01   5.4369686404243112e-04
   3.6000000000000000e+01   5.7261751499027014e-04
   3.7000000000000000e+01   5.8050773805007339e-04
   3.8000000000000000e+01   5.9377664001658559e-04
   3.9000000000000000e+01   6.0739647597074509e-04
   4.0000000000000000e+01   6.3181278528645635e-04
   4.1000000000000000e+01   6.5985671244561672e-04
   4.2000000000000000e+01   7.2354520671069622e-04
   4.3000000000000000e+01   7.7260023681446910e-04
   4.4000000000000000e+01   8.7511003948748112e-04
   4.5000000000000000e+01   9.6869113622233272e-04
   4.6000000000000000e+01   1.1132721556350589e-03
   4.7000000000000000e+01   1.2958955485373735e-03
   4.8000000000000000e+01   1.5417819377034903e-03
   4.9000000000000000e+01   1.8155439756810665e-03
   5.0000000000000000e+01   2.1577379666268826e-03
   5.1000000000000000e+01   2.5429602246731520e-03
   5.2000000000000000e+01   3.0434338841587305e-03
   5.3000000000000000e+01   3.5873213782906532e-03
   5.4000000000000000e+01   4.2608510702848434e-03
   5.5000000000000000e+01   5.0448402762413025e-03
   5.6000000000000000e+01   5.8666863478720188e-03
   5.7000000000000000e+01   6.6700940951704979e-03
   5.8000000000000000e+01   7.6097426936030388e-03
   5.9000000000000000e+01   8.6026312783360481e-03
   6.0000000000000000e+01   9.7163738682866096e-03
   6.1000000000000000e+01   1.0795924812555313e-02
   6.2000000000000000e+01   1.1936745606362820e-02
   6.3000000000000000e+01   1.3158047571778297e-02
   6.4000000000000000e+01   1.4384231530129910e-02
   6.5000000000000000e+01   1.5676088631153107e-02
   6.6000000000000000e+01   1.6974234953522682e-02
   6.7000000000000000e+01   1.8227862194180489e-02
   6.8000000000000000e+01   1.9658626988530159e-02
   6.9000000000000000e+01   2.0990367978811264e-02
   7.0000000000000000e+01   2.2310873493552208e-02
   7.1000000000000000e+01   2.3598445579409599e-02
   7.2000000000000000e+01   2.5005901232361794e-02
   7.3000000000000000e+01   2.6478402316570282e-02
   7.4000000000000000e+01   2.7955362573266029e-02
   7.5000000000000000e+01   2.9399150982499123e-02
   7.6000000000000000e+01   3.0893681570887566e-02
   7.7000000000000000e+01   3.2428771257400513e-02
   7.8000000000000000e+01   3.3914212137460709e-02
   7.9000000000000000e+01   3.5440448671579361e-02
   8.0000000000000000e+01   3.6926694214344025e-02
   8.1000000000000000e+01   3.8433421403169632e-02
   8.2000000000000000e+01   3.9888542145490646e-02
   8.3000000000000000e+01   4.1340090334415436e-02
   8.4000000000000000e+01   4.2908843606710434e-02
   8.5000000000000000e+01   4.4330593198537827e-02
   8.6000000000000000e+01   4.6011921018362045e-02
   8.7000000000000000e+01   4.7403123229742050e-02
   8.8000000000000000e+01   4.8755101859569550e-02
   8.9000000000000000e+01   4.9974426627159119e-02
   9.0000000000000000e+01   5.1288187503814697e-02
   9.1000000000000000e+01   5.2659671753644943e-02
   9.2000000000000000e+01   5.3936023265123367e-02
   9.3000000000000000e+01   5.5154185742139816e-02
   9.4000000000000000e+01   5.6236047297716141e-02
   9.5000000000000000e+01   5.7390484958887100e-02
   9.6000000000000000e+01   5.8493543416261673e-02
   9.7000000000000000e+01   5.9451635926961899e-02
   9.8000000000000000e+01   6.0332093387842178e-02
   9.9000000000000000e+01   6.1113134026527405e-02
   1.0000000000000000e+02   6.1973340809345245e-02
   1.0100000000000000e+02   6.2402833253145218e-02
   1.0200000000000000e+02   6.3041441142559052e-02
   1.0300000000000000e+02   6.3586749136447906e-02
   1.0400000000000000e+02   6.4198710024356842e-02
   1.0500000000000000e+02   6.4618162810802460e-02
   1.0600000000000000e+02   6.4801663160324097e-02
   1.0700000000000000e+02   6.5078474581241608e-02
   1.0800000000000000e+02   6.5375298261642456e-02
   1.0900000000000000e+02   6.5607883036136627e-02
   1.1000000000000000e+02   6.5790764987468719e-02
   1.1100000000000000e+02   6.5977945923805237e-02
   1.1200000000000000e+02   6.6147774457931519e-02
   1.1300000000000000e+02   6.6325269639492035e-02
   1.1400000000000000e+02   6.6472083330154419e-02
   1.1500000000000000e+02   6.6543467342853546e-02
   1.1600000000000000e+02   6.6744901239871979e-02
   1.1700000000000000e+02   6.6960774362087250e-02
   1.1800000000000000e+02   6.7286655306816101e-02
   1.1900000000000000e+02   6.7325547337532043e-02
   1.2000000000000000e+02   6.7463234066963196e-02
   1.2100000000000000e+02   6.7620873451232910e-02
   1.2200000000000000e+02   6.7664392292499542e-02
   1.2300000000000000e+02   6.7828342318534851e-02
   1.2400000000000000e+02   6.7932248115539551e-02
   1.2500000000000000e+02   6.7852087318897247e-02
   1.2600000000000000e+02   6.7957125604152679e-02
   1.2700000000000000e+02   6.8293012678623199e-02
   1.2800000000000000e+02   6.8462990224361420e-02
   1.2900000000000000e+02   6.8521939218044281e-02
   1.3000000000000000e+02   6.8719297647476196e-02
   1.3100000000000000e+02   6.9030359387397766e-02
   1.3200000000000000e+02   6.9290824234485626e-02
   1.3300000000000000e+02   6.9460168480873108e-02
   1.3400000000000000e+02   6.9890551269054413e-02
   1.3500000000000000e+02   7.0210792124271393e-02
   1.3600000000000000e+02   7.0709563791751862e-02
   1.3700000000000000e+02   7.1210689842700958e-02
   1.3800000000000000e+02   7.1607209742069244e-02
   1.3900000000000000e+02   7.2164751589298248e-02
   1.4000000000000000e+02   7.2832912206649780e-02
   1.4100000000000000e+02   7.3226816952228546e-02
   1.4200000000000000e+02   7.3638118803501129e-02
   1.4300000000000000e+02   7.4071973562240601e-02
   1.4400000000000000e+02   7.4581965804100037e-02
   1.4500000000000000e+02   7.4993781745433807e-02
   1.4600000000000000e+02   7.5248688459396362e-02
   1.4700000000000000e+02   7.5598821043968201e-02
   1.4800000000000000e+02   7.5880259275436401e-02
   1.4900000000000000e+02   7.5974456965923309e-02
   1.5000000000000000e+02   7.6436594128608704e-02
   1.5100000000000000e+02   7.6709218323230743e-02
   1.5200000000000000e+02   7.6868221163749695e-02
   1.5300000000000000e+02   7.7028363943099976e-02
   1.5400000000000000e+02   7.7230833470821381e-02
   1.5500000000000000e+02   7.7382124960422516e-02
   1.5600000000000000e+02   7.7411815524101257e-02
   1.5700000000000000e+02   7.7418908476829529e-02
   1.5800000000000000e+02   7.7436022460460663e-02
   1.5900000000000000e+02   7.7341206371784210e-02
   1.6000000000000000e+02   7.7279955148696899e-02
   1.6100000000000000e+02   7.7438123524188995e-02
   1.6200000000000000e+02   7.7435642480850220e-02
   1.6300000000000000e+02   7.7289268374443054e-02
   1.6400000000000000e+02   7.7373988926410675e-02
   1.6500000000000000e+02   7.6982058584690094e-02
   1.6600000000000000e+02   7.6734185218811035e-02
   1.6700000000000000e+02   7.6600834727287292e-02
   1.6800000000000000e+02   7.6531998813152313e-02
   1.6900000000000000e+02   7.6293088495731354e-02
   1.7000000000000000e+02   7.5949475169181824e-02
   1.7100000000000000e+02   7.5813330709934235e-02
   1.7200000000000000e+02   7.5771942734718323e-02
   1.7300000000000000e+02   7.5637251138687134e-02
   1.7400000000000000e+02   7.5554259121417999e-02
   1.7500000000000000e+02   7.5451828539371490e-02
   1.7600000000000000e+02   7.5371071696281433e-02
   1.7700000000000000e+02   7.5135491788387299e-02
   1.7800000000000000e+02   7.4944704771041870e-02
   1.7900000000000000e+02   7.4768155813217163e-02
   1.8000000000000000e+02   7.4714511632919312e-02
   1.8100000000000000e+02   7.4589379131793976e-02
   1.8200000000000000e+02   7.4250146746635437e-02
   1.8300000000000000e+02   7.4021033942699432e-02
   1.8400000000000000e+02   7.3693722486495972e-02
   1.8500000000000000e+02   7.3578543961048126e-02
   1.8600000000000000e+02   7.3590390384197235e-02
   1.8700000000000000e+02   7.3122315108776093e-02
   1.8800000000000000e+02   7.2788603603839874e-02
   1.8900000000000000e+02   7.2372473776340485e-02
   1.9000000000000000e+02   7.2120986878871918e-02
   1.9100000000000000e+02   7.1554906666278839e-02
   1.9200000000000000e+02   7.1383856236934662e-02
   1.9300000000000000e+02   7.1238115429878235e-02
   1.9400000000000000e+02   7.0931322872638702e-02
   1.9500000000000000e+02   7.0454627275466919e-02
   1.9600000000000000e+02   7.0108331739902496e-02
   1.9700000000000000e+02   6.9840915501117706e-02
   1.9800000000000000e+02   6.9422908127307892e-02
   1.9900000000000000e+02   6.9225557148456573e-02
   2.0000000000000000e+02   6.8894453346729279e-02
   2.0100000000000000e+02   6.8266063928604126e-02
   2.0200000000000000e+02   6.8069443106651306e-02
   2.0300000000000000e+02   6.7765086889266968e-02
   2.0400000000000000e+02   6.7506216466426849e-02
   2.0500000000000000e+02   6.7079789936542511e-02
   2.0600000000000000e+02   6.6815368831157684e-02
   2.0700000000000000e+02   6.6174708306789398e-02
   2.0800000000000000e+02   6.5499074757099152e-02
   2.0900000000000000e+02   6.4922958612442017e-02
   2.1000000000000000e+02   6.4578212797641754e-02
   2.1100000000000000e+02   6.4193405210971832e-02
   2.1200000000000000e+02   6.3957437872886658e-02
   2.1300000000000000e+02   6.3494868576526642e-02
   2.1400000000000000e+02   6.2941998243331909e-02
   2.1500000000000000e+02   6.2335718423128128e-02
   2.1600000000000000e+02   6.1797689646482468e-02
   2.1700000000000000e+02   6.1176802963018417e-02
   2.1800000000000000e+02   6.0698721557855606e-02
   2.1900000000000000e+02   6.0165513306856155e-02
   2.2000000000000000e+02   5.9597127139568329e-02
   2.2100000000000000e+02   5.9163440018892288e-02
   2.2200000000000000e+02   5.8668997138738632e-02
   2.2300000000000000e+02   5.8306679129600525e-02
   2.2400000000000000e+02   5.7915288954973221e-02
   2.2500000000000000e+02   5.7569216936826706e-02
   2.2600000000000000e+02   5.6989390403032303e-02
   2.2700000000000000e+02   5.6210741400718689e-02
   2.2800000000000000e+02   5.5638473480939865e-02
   2.2900000000000000e+02   5.5125225335359573e-02
   2.3000000000000000e+02   5.4812841117382050e-02
   2.3100000000000000e+02   5.4382860660552979e-02
   2.3200000000000000e+02   5.4022796452045441e-02
   2.3300000000000000e+02   5.3422931581735611e-02
   2.3400000000000000e+02   5.2936833351850510e-02
   2.3500000000000000e+02   5.2550312131643295e-02
   2.3600000000000000e+02   5.1933035254478455e-02
   2.3700000000000000e+02   5.1666617393493652e-02
   2.3800000000000000e+02   5.1192067563533783e-02
   2.3900000000000000e+02   5.0752047449350357e-02
   2.4000000000000000e+02   5.0292734056711197e-02
   2.4100000000000000e+02   4.9750726670026779e-02
   2.4200000000000000e+02   4.9428272992372513e-02
   2.4300000000000000e+02   4.9109183251857758e-02
   2.4400000000000000e+02   4.8767376691102982e-02
   2.4500000000000000e+02   4.8159215599298477e-02
   2.4600000000000000e+02   4.7748949378728867e-02
   2.4700000000000000e+02   4.7278475016355515e-02
   2.4800000000000000e+02   4.6918734908103943e-02
   2.4900000000000000e+02   4.6534247696399689e-02
   2.5000000000000000e+02   4.6094592660665512e-02
   2.5100000000000000e+02   4.5698653906583786e-02
   2.5200000000000000e+02   4.5174147933721542e-02
   2.5300000000000000e+02   4.4716190546751022e-02
   2.5400000000000000e+02   4.4386643916368484e-02
   2.5500000000000000e+02   4.3887063860893250e-02
   2.5600000000000000e+02   4.3690014630556107e-02
   2.5700000000000000e+02   4.3256055563688278e-02
   2.5800000000000000e+02   4.2745832353830338e-02
   2.5900000000000000e+02   4.2235676199197769e-02
   2.6000000000000000e+02   4.1833918541669846e-02
   2.6100000000000000e+02   4.1469395160675049e-02
   2.6200000000000000e+02   4.1081070899963379e-02
   2.6300000000000000e+02   4.0643267333507538e-02
   2.6400000000000000e+02   4.0130730718374252e-02
   2.6500000000000000e+02   3.9651598781347275e-02
   2.6600000000000000e+02   3.9267186075448990e-02
   2.6700000000000000e+02   3.8792863488197327e-02
   2.6800000000000000e+02   3.8455113768577576e-02
   2.6900000000000000e+02   3.7899997085332870e-02
   2.7000000000000000e+02   3.7389360368251801e-02
   2.7100000000000000e+02   3.6968518048524857e-02
   2.7200000000000000e+02   3.6604221910238266e-02
   2.7300000000000000e+02   3.6202490329742432e-02
   2.7400000000000000e+02   3.5926412791013718e-02
   2.7500000000000000e+02   3.5523582249879837e-02
   2.7600000000000000e+02   3.5156674683094025e-02
   2.7700000000000000e+02   3.4653034061193466e-02
   2.7800000000000000e+02   3.4297943115234375e-02
   2.7900000000000000e+02   3.4100793302059174e-02
   2.8000000000000000e+02   3.3735133707523346e-02
   2.8100000000000000e+02   3.3416349440813065e-02
   2.8200000000000000e+02   3.3074997365474701e-02
   2.8300000000000000e+02   3.2737057656049728e-02
   2.8400000000000000e+02   3.2457873225212097e-02
   2.8500000000000000e+02   3.2080087810754776e-02
   2.8600000000000000e+02   3.1651303172111511e-02
   2.8700000000000000e+02   3.1439661979675293e-02
   2.8800000000000000e+02   3.1181069090962410e-02
   2.8900000000000000e+02   3.0792854726314545e-02
   2.9000000000000000e+02   3.0578436329960823e-02
   2.9100000000000000e+02   3.0374744907021523e-02
   2.9200000000000000e+02   3.0120585113763809e-02
   2.9300000000000000e+02   2.9866823926568031e-02
   2.9400000000000000e+02   2.9686940833926201e-02
   2.9500000000000000e+02   2.9607756063342094e-02
   2.9600000000000000e+02   2.9398329555988312e-02
   2.9700000000000000e+02   2.9322870075702667e-02
   2.9800000000000000e+02   2.9185002669692039e-02
   2.9900000000000000e+02   2.9045637696981430e-02
   3.0000000000000000e+02   2.9123526066541672e-02
