   1.0000000000000000e+00   3.7735747173428535e-04
   2.0000000000000000e+00   3.8299654261209071e-04
   3.0000000000000000e+00   3.8984033744782209e-04
   4.0000000000000000e+00   3.9814764750190079e-04
   5.0000000000000000e+00   4.0826774784363806e-04
   6.0000000000000000e+00   4.2067069443874061e-04
   7.0000000000000000e+00   4.3628204730339348e-04
   8.0000000000000000e+00   4.5456812949851155e-04
   9.0000000000000000e+00   4.7538019134663045e-04
   1.0000000000000000e+01   4.9807474715635180e-04
   1.1000000000000000e+01   5.2177975885570049e-04
   1.2000000000000000e+01   5.4614414693787694e-04
   1.3000000000000000e+01   5.7114101946353912e-04
   1.4000000000000000e+01   5.9685989981517196e-04
   1.5000000000000000e+01   6.2270258786156774e-04
   1.6000000000000000e+01   6.4737751381471753e-04
   1.7000000000000000e+01   6.6956941736862063e-04
   1.8000000000000000e+01   6.8840809399262071e-04
   1.9000000000000000e+01   7.0403522113338113e-04
   2.0000000000000000e+01   7.1668368764221668e-04
   2.1000000000000000e+01   7.2726607322692871e-04
   2.2000000000000000e+01   7.3674495797604322e-04
   2.3000000000000000e+01   7.4605189729481936e-04
   2.4000000000000000e+01   7.5540912803262472e-04
   2.5000000000000000e+01   7.6479132985696197e-04
   2.6000000000000000e+01   7.7350641367956996e-04
   2.7000000000000000e+01   7.8088958980515599e-04
   2.8000000000000000e+01   7.8616122482344508e-04
   2.9000000000000000e+01   7.8900350490584970e-04
   3.0000000000000000e+01   7.9014163929969072e-04
   3.1000000000000000e+01   7.9168396769091487e-04
   3.2000000000000000e+01   7.9597992589697242e-04
   3.3000000000000000e+01   8.0513744615018368e-04
   3.4000000000000000e+01   8.1974931526929140e-04
   3.5000000000000000e+01   8.3921296754851937e-04
   3.6000000000000000e+01   8.6166814435273409e-04
   3.7000000000000000e+01   8.8662310736253858e-04
   3.8000000000000000e+01   9.1461546253412962e-04
   3.9000000000000000e+01   9.4867992447689176e-04
   4.0000000000000000e+01   9.9273363593965769e-04
   4.1000000000000000e+01   1.0514587629586458e-03
   4.2000000000000000e+01   1.1296854354441166e-03
   4.3000000000000000e+01   1.2328593293204904e-03
   4.4000000000000000e+01   1.3667370658367872e-03
   4.5000000000000000e+01   1.5379947144538164e-03
   4.6000000000000000e+01   1.7548094037920237e-03
   4.7000000000000000e+01   2.0267961081117392e-03
   4.8000000000000000e+01   2.3642056621611118e-03
   4.9000000000000000e+01   2.7762907557189465e-03
   5.0000000000000000e+01   3.2725131604820490e-03
   5.1000000000000000e+01   3.8593795616179705e-03
   5.2000000000000000e+01   4.5417090877890587e-03
   5.3000000000000000e+01   5.3233550861477852e-03
   5.4000000000000000e+01   6.2054060399532318e-03
   5.5000000000000000e+01   7.1877953596413136e-03
   5.6000000000000000e+01   8.2671204581856728e-03
   5.7000000000000000e+01   9.4417612999677658e-03
   5.8000000000000000e+01   1.0713969357311726e-02
   5.9000000000000000e+01   1.2089217081665993e-02
   6.0000000000000000e+01   1.3572117313742638e-02
   6.1000000000000000e+01   1.5158533118665218e-02
   6.2000000000000000e+01   1.6837518662214279e-02
   6.3000000000000000e+01   1.8594887107610703e-02
   6.4000000000000000e+01   2.0414143800735474e-02
   6.5000000000000000e+01   2.2285724058747292e-02
   6.6000000000000000e+01   2.4206744506955147e-02
   6.7000000000000000e+01   2.6177637279033661e-02
   6.8000000000000000e+01   2.8195789083838463e-02
   6.9000000000000000e+01   3.0252849683165550e-02
   7.0000000000000000e+01   3.2339114695787430e-02
   7.1000000000000000e+01   3.4451909363269806e-02
   7.2000000000000000e+01   3.6593355238437653e-02
   7.3000000000000000e+01   3.8765653967857361e-02
   7.4000000000000000e+01   4.0964551270008087e-02
   7.5000000000000000e+01   4.3186835944652557e-02
   7.6000000000000000e+01   4.5424666255712509e-02
   7.7000000000000000e+01   4.7666251659393311e-02
   7.8000000000000000e+01   4.9893490970134735e-02
   7.9000000000000000e+01   5.2088383585214615e-02
   8.0000000000000000e+01   5.4238617420196533e-02
   8.1000000000000000e+01   5.6341860443353653e-02
   8.2000000000000000e+01   5.8402344584465027e-02
   8.3000000000000000e+01   6.0429226607084274e-02
   8.4000000000000000e+01   6.2430050224065781e-02
   8.5000000000000000e+01   6.4405322074890137e-02
   8.6000000000000000e+01   6.6342912614345551e-02
   8.7000000000000000e+01   6.8225115537643433e-02
   8.8000000000000000e+01   7.0034548640251160e-02
   8.9000000000000000e+01   7.1759916841983795e-02
   9.0000000000000000e+01   7.3390789330005646e-02
   9.1000000000000000e+01   7.4927285313606262e-02
   9.2000000000000000e+01   7.6371744275093079e-02
   9.3000000000000000e+01   7.7732980251312256e-02
   9.4000000000000000e+01   7.9024821519851685e-02
   9.5000000000000000e+01   8.0254092812538147e-02
   9.6000000000000000e+01   8.1414446234703064e-02
   9.7000000000000000e+01   8.2496695220470428e-02
   9.8000000000000000e+01   8.3488501608371735e-02
   9.9000000000000000e+01   8.4388464689254761e-02
   1.0000000000000000e+02   8.5201531648635864e-02
   1.0100000000000000e+02   8.5931301116943359e-02
   1.0200000000000000e+02   8.6579106748104095e-02
   1.0300000000000000e+02   8.7150350213050842e-02
   1.0400000000000000e+02   8.7647929787635803e-02
   1.0500000000000000e+02   8.8073499500751495e-02
   1.0600000000000000e+02   8.8431254029273987e-02
   1.0700000000000000e+02   8.8731154799461365e-02
   1.0800000000000000e+02   8.8983386754989624e-02
   1.0900000000000000e+02   8.9201703667640686e-02
   1.1000000000000000e+02   8.9390583336353302e-02
   1.1100000000000000e+02   8.9557968080043793e-02
   1.1200000000000000e+02   8.9706450700759888e-02
   1.1300000000000000e+02   8.9841410517692566e-02
   1.1400000000000000e+02   8.9959919452667236e-02
   1.1500000000000000e+02   9.0066008269786835e-02
   1.1600000000000000e+02   9.0163826942443848e-02
   1.1700000000000000e+02   9.0254798531532288e-02
   1.1800000000000000e+02   9.0330161154270172e-02
   1.1900000000000000e+02   9.0383283793926239e-02
   1.2000000000000000e+02   9.0415567159652710e-02
   1.2100000000000000e+02   9.0434089303016663e-02
   1.2200000000000000e+02   9.0446412563323975e-02
   1.2300000000000000e+02   9.0455159544944763e-02
   1.2400000000000000e+02   9.0442530810832977e-02
   1.2500000000000000e+02   9.0400367975234985e-02
   1.2600000000000000e+02   9.0315319597721100e-02
   1.2700000000000000e+02   9.0189352631568909e-02
   1.2800000000000000e+02   9.0025022625923157e-02
   1.2900000000000000e+02   8.9828222990036011e-02
   1.3000000000000000e+02   8.9599199593067169e-02
   1.3100000000000000e+02   8.9345753192901611e-02
   1.3200000000000000e+02   8.9085653424263000e-02
   1.3300000000000000e+02   8.8842190802097321e-02
   1.3400000000000000e+02   8.8638819754123688e-02
   1.3500000000000000e+02   8.8481329381465912e-02
   1.3600000000000000e+02   8.8344193994998932e-02
   1.3700000000000000e+02   8.8201679289340973e-02
   1.3800000000000000e+02   8.8035464286804199e-02
   1.3900000000000000e+02   8.7854787707328796e-02
   1.4000000000000000e+02   8.7672486901283264e-02
   1.4100000000000000e+02   8.7507888674736023e-02
   1.4200000000000000e+02   8.7366111576557159e-02
   1.4300000000000000e+02   8.7242379784584045e-02
   1.4400000000000000e+02   8.7125502526760101e-02
   1.4500000000000000e+02   8.6998134851455688e-02
   1.4600000000000000e+02   8.6845710873603821e-02
   1.4700000000000000e+02   8.6665086448192596e-02
   1.4800000000000000e+02   8.6448363959789276e-02
   1.4900000000000000e+02   8.6188085377216339e-02
   1.5000000000000000e+02   8.5880994796752930e-02
   1.5100000000000000e+02   8.5542537271976471e-02
   1.5200000000000000e+02   8.5188120603561401e-02
   1.5300000000000000e+02   8.4838889539241791e-02
   1.5400000000000000e+02   8.4499597549438477e-02
   1.5500000000000000e+02   8.4162525832653046e-02
   1.5600000000000000e+02   8.3816118538379669e-02
   1.5700000000000000e+02   8.3448879420757294e-02
   1.5800000000000000e+02   8.3056524395942688e-02
   1.5900000000000000e+02   8.2643121480941772e-02
   1.6000000000000000e+02   8.2213081419467926e-02
   1.6100000000000000e+02   8.1768296658992767e-02
   1.6200000000000000e+02   8.1304416060447693e-02
   1.6300000000000000e+02   8.0826364457607269e-02
   1.6400000000000000e+02   8.0337792634963989e-02
   1.6500000000000000e+02   7.9843603074550629e-02
   1.6600000000000000e+02   7.9344891011714935e-02
   1.6700000000000000e+02   7.8841231763362885e-02
   1.6800000000000000e+02   7.8330434858798981e-02
   1.6900000000000000e+02   7.7813953161239624e-02
   1.7000000000000000e+02   7.7304042875766754e-02
   1.7100000000000000e+02   7.6817512512207031e-02
   1.7200000000000000e+02   7.6359309256076813e-02
   1.7300000000000000e+02   7.5926691293716431e-02
   1.7400000000000000e+02   7.5510360300540924e-02
   1.7500000000000000e+02   7.5108222663402557e-02
   1.7600000000000000e+02   7.4718490242958069e-02
   1.7700000000000000e+02   7.4335604906082153e-02
   1.7800000000000000e+02   7.3950268328189850e-02
   1.7900000000000000e+02   7.3553949594497681e-02
   1.8000000000000000e+02   7.3144458234310150e-02
   1.8100000000000000e+02   7.2720512747764587e-02
   1.8200000000000000e+02   7.2277992963790894e-02
   1.8300000000000000e+02   7.1812510490417480e-02
   1.8400000000000000e+02   7.1320965886116028e-02
   1.8500000000000000e+02   7.0799186825752258e-02
   1.8600000000000000e+02   7.0237472653388977e-02
   1.8700000000000000e+02   6.9647043943405151e-02
   1.8800000000000000e+02   6.9040983915328979e-02
   1.8900000000000000e+02   6.8443760275840759e-02
   1.9000000000000000e+02   6.7875996232032776e-02
   1.9100000000000000e+02   6.7347154021263123e-02
   1.9200000000000000e+02   6.6845551133155823e-02
   1.9300000000000000e+02   6.6349215805530548e-02
   1.9400000000000000e+02   6.5839953720569611e-02
   1.9500000000000000e+02   6.5311051905155182e-02
   1.9600000000000000e+02   6.4775824546813965e-02
   1.9700000000000000e+02   6.4267560839653015e-02
   1.9800000000000000e+02   6.3808098435401917e-02
   1.9900000000000000e+02   6.3410744071006775e-02
   2.0000000000000000e+02   6.3062846660614014e-02
   2.0100000000000000e+02   6.2746100127696991e-02
   2.0200000000000000e+02   6.2428098171949387e-02
   2.0300000000000000e+02   6.2088701874017715e-02
   2.0400000000000000e+02   6.1702977865934372e-02
   2.0500000000000000e+02   6.1250124126672745e-02
   2.0600000000000000e+02   6.0730941593647003e-02
   2.0700000000000000e+02   6.0174927115440369e-02
   2.0800000000000000e+02   5.9623084962368011e-02
   2.0900000000000000e+02   5.9115622192621231e-02
   2.1000000000000000e+02   5.8671656996011734e-02
   2.1100000000000000e+02   5.8280333876609802e-02
   2.1200000000000000e+02   5.7897858321666718e-02
   2.1300000000000000e+02   5.7487677782773972e-02
   2.1400000000000000e+02   5.7026017457246780e-02
   2.1500000000000000e+02   5.6526206433773041e-02
   2.1600000000000000e+02   5.6017164140939713e-02
   2.1700000000000000e+02   5.5522903800010681e-02
   2.1800000000000000e+02   5.5054921656847000e-02
   2.1900000000000000e+02   5.4619155824184418e-02
   2.2000000000000000e+02   5.4226387292146683e-02
   2.2100000000000000e+02   5.3882140666246414e-02
   2.2200000000000000e+02   5.3580552339553833e-02
   2.2300000000000000e+02   5.3304441273212433e-02
   2.2400000000000000e+02   5.3019445389509201e-02
   2.2500000000000000e+02   5.2692636847496033e-02
   2.2600000000000000e+02   5.2306987345218658e-02
   2.2700000000000000e+02   5.1873739808797836e-02
   2.2800000000000000e+02   5.1416788250207901e-02
   2.2900000000000000e+02   5.0955556333065033e-02
   2.3000000000000000e+02   5.0491016358137131e-02
   2.3100000000000000e+02   5.0010614097118378e-02
   2.3200000000000000e+02   4.9505472183227539e-02
   2.3300000000000000e+02   4.8972841352224350e-02
   2.3400000000000000e+02   4.8418998718261719e-02
   2.3500000000000000e+02   4.7849189490079880e-02
   2.3600000000000000e+02   4.7271460294723511e-02
   2.3700000000000000e+02   4.6692565083503723e-02
   2.3800000000000000e+02   4.6123322099447250e-02
   2.3900000000000000e+02   4.5577805489301682e-02
   2.4000000000000000e+02   4.5067306607961655e-02
   2.4100000000000000e+02   4.4598791748285294e-02
   2.4200000000000000e+02   4.4168900698423386e-02
   2.4300000000000000e+02   4.3764445930719376e-02
   2.4400000000000000e+02   4.3370813131332397e-02
   2.4500000000000000e+02   4.2977478355169296e-02
   2.4600000000000000e+02   4.2585656046867371e-02
   2.4700000000000000e+02   4.2200714349746704e-02
   2.4800000000000000e+02   4.1831407696008682e-02
   2.4900000000000000e+02   4.1484341025352478e-02
   2.5000000000000000e+02   4.1161332279443741e-02
   2.5100000000000000e+02   4.0857616811990738e-02
   2.5200000000000000e+02   4.0559004992246628e-02
   2.5300000000000000e+02   4.0253233164548874e-02
   2.5400000000000000e+02   3.9933972060680389e-02
   2.5500000000000000e+02   3.9597332477569580e-02
   2.5600000000000000e+02   3.9241462945938110e-02
   2.5700000000000000e+02   3.8861736655235291e-02
   2.5800000000000000e+02   3.8458634167909622e-02
   2.5900000000000000e+02   3.8039229810237885e-02
   2.6000000000000000e+02   3.7617821246385574e-02
   2.6100000000000000e+02   3.7204962223768234e-02
   2.6200000000000000e+02   3.6807212978601456e-02
   2.6300000000000000e+02   3.6422684788703918e-02
   2.6400000000000000e+02   3.6040671169757843e-02
   2.6500000000000000e+02   3.5650797188282013e-02
   2.6600000000000000e+02   3.5245709121227264e-02
   2.6700000000000000e+02   3.4823574125766754e-02
   2.6800000000000000e+02   3.4384284168481827e-02
   2.6900000000000000e+02   3.3932711929082870e-02
   2.7000000000000000e+02   3.3471051603555679e-02
   2.7100000000000000e+02   3.3004269003868103e-02
   2.7200000000000000e+02   3.2547157257795334e-02
   2.7300000000000000e+02   3.2111283391714096e-02
   2.7400000000000000e+02   3.1708654016256332e-02
   2.7500000000000000e+02   3.1335797160863876e-02
   2.7600000000000000e+02   3.0982391908764839e-02
   2.7700000000000000e+02   3.0634451657533646e-02
   2.7800000000000000e+02   3.0285013839602470e-02
   2.7900000000000000e+02   2.9931696131825447e-02
   2.8000000000000000e+02   2.9572470113635063e-02
   2.8100000000000000e+02   2.9210494831204414e-02
   2.8200000000000000e+02   2.8850344941020012e-02
   2.8300000000000000e+02   2.8495999053120613e-02
   2.8400000000000000e+02   2.8150886297225952e-02
   2.8500000000000000e+02   2.7825361117720604e-02
   2.8600000000000000e+02   2.7533825486898422e-02
   2.8700000000000000e+02   2.7272360399365425e-02
   2.8800000000000000e+02   2.7034755796194077e-02
   2.8900000000000000e+02   2.6807645335793495e-02
   2.9000000000000000e+02   2.6587763801217079e-02
   2.9100000000000000e+02   2.6376299560070038e-02
   2.9200000000000000e+02   2.6182016357779503e-02
   2.9300000000000000e+02   2.6008855551481247e-02
   2.9400000000000000e+02   2.5863425806164742e-02
   2.9500000000000000e+02   2.5748785585165024e-02
   2.9600000000000000e+02   2.5661904364824295e-02
   2.9700000000000000e+02   2.5598792359232903e-02
   2.9800000000000000e+02   2.5558724999427795e-02
   2.9900000000000000e+02   2.5534853339195251e-02
   3.0000000000000000e+02   2.5524364784359932e-02
