   1.0000000000000000e+00   9.0260623255744576e-04
   2.0000000000000000e+00   8.6209666915237904e-04
   3.0000000000000000e+00   9.0234761592000723e-04
   4.0000000000000000e+00   8.6836982518434525e-04
   5.0000000000000000e+00   8.1301853060722351e-04
   6.0000000000000000e+00   7.6965335756540298e-04
   7.0000000000000000e+00   7.8872498124837875e-04
   8.0000000000000000e+00   7.6863804133608937e-04
   9.0000000000000000e+00   7.6927931513637304e-04
   1.0000000000000000e+01   7.9618545714765787e-04
   1.1000000000000000e+01   7.9655292211100459e-04
   1.2000000000000000e+01   7.4211863102391362e-04
   1.3000000000000000e+01   6.5606820862740278e-04
   1.4000000000000000e+01   6.1920686857774854e-04
   1.5000000000000000e+01   6.7071791272610426e-04
   1.6000000000000000e+01   6.4004643354564905e-04
   1.7000000000000000e+01   6.4138934249058366e-04
   1.8000000000000000e+01   6.0489459428936243e-04
   1.9000000000000000e+01   5.8869400527328253e-04
   2.0000000000000000e+01   5.8913265820592642e-04
   2.1000000000000000e+01   5.8726879069581628e-04
   2.2000000000000000e+01   5.3859472973272204e-04
   2.3000000000000000e+01   5.3060258505865932e-04
   2.4000000000000000e+01   5.5865122703835368e-04
   2.5000000000000000e+01   5.6184030836448073e-04
   2.6000000000000000e+01   5.4133945377543569e-04
   2.7000000000000000e+01   5.1638809964060783e-04
   2.8000000000000000e+01   5.6246732128784060e-04
   2.9000000000000000e+01   5.3301337175071239e-04
   3.0000000000000000e+01   5.4050394101068377e-04
   3.1000000000000000e+01   5.0508120330050588e-04
   3.2000000000000000e+01   4.8890692414715886e-04
   3.3000000000000000e+01   4.6977255260571837e-04
   3.4000000000000000e+01   5.0217914395034313e-04
   3.5000000000000000e+01   6.2487862305715680e-04
   3.6000000000000000e+01   6.9243513280525804e-04
   3.7000000000000000e+01   6.9200369762256742e-04
   3.8000000000000000e+01   6.9686316419392824e-04
   3.9000000000000000e+01   6.7331246100366116e-04
   4.0000000000000000e+01   6.8048643879592419e-04
   4.1000000000000000e+01   6.8946433020755649e-04
   4.2000000000000000e+01   8.0942793283611536e-04
   4.3000000000000000e+01   8.5378106450662017e-04
   4.4000000000000000e+01   9.7107817418873310e-04
   4.5000000000000000e+01   9.6214970108121634e-04
   4.6000000000000000e+01   1.0333787649869919e-03
   4.7000000000000000e+01   1.2181117199361324e-03
   4.8000000000000000e+01   1.3777100248262286e-03
   4.9000000000000000e+01   1.4958080137148499e-03
   5.0000000000000000e+01   1.5715971821919084e-03
   5.1000000000000000e+01   1.7418839270249009e-03
   5.2000000000000000e+01   1.8968346994370222e-03
   5.3000000000000000e+01   2.1468987688422203e-03
   5.4000000000000000e+01   2.4143827613443136e-03
   5.5000000000000000e+01   2.6751658879220486e-03
   5.6000000000000000e+01   2.8944299556314945e-03
   5.7000000000000000e+01   3.0510192736983299e-03
   5.8000000000000000e+01   3.1887921504676342e-03
   5.9000000000000000e+01   3.2998041715472937e-03
   6.0000000000000000e+01   3.5305442288517952e-03
   6.1000000000000000e+01   3.7272593472152948e-03
   6.2000000000000000e+01   3.7489209789782763e-03
   6.3000000000000000e+01   3.8090001326054335e-03
   6.4000000000000000e+01   3.9095003157854080e-03
   6.5000000000000000e+01   3.9189173839986324e-03
   6.6000000000000000e+01   3.8531429599970579e-03
   6.7000000000000000e+01   3.8752488326281309e-03
   6.8000000000000000e+01   3.8272666279226542e-03
   6.9000000000000000e+01   3.7971138954162598e-03
   7.0000000000000000e+01   3.6812121979892254e-03
   7.1000000000000000e+01   3.5997463855892420e-03
   7.2000000000000000e+01   3.4958033356815577e-03
   7.3000000000000000e+01   3.5105720162391663e-03
   7.4000000000000000e+01   3.4596563782542944e-03
   7.5000000000000000e+01   3.3478958066552877e-03
   7.6000000000000000e+01   3.2342497725039721e-03
   7.7000000000000000e+01   3.2049394212663174e-03
   7.8000000000000000e+01   3.1640429515391588e-03
   7.9000000000000000e+01   3.0725623946636915e-03
   8.0000000000000000e+01   3.0445486772805452e-03
   8.1000000000000000e+01   3.0494958627969027e-03
   8.2000000000000000e+01   2.9844311065971851e-03
   8.3000000000000000e+01   2.9119597747921944e-03
   8.4000000000000000e+01   2.7941456064581871e-03
   8.5000000000000000e+01   2.7429105248302221e-03
   8.6000000000000000e+01   2.7744742110371590e-03
   8.7000000000000000e+01   2.7117840945720673e-03
   8.8000000000000000e+01   2.6121262926608324e-03
   8.9000000000000000e+01   2.5357892736792564e-03
   9.0000000000000000e+01   2.4789834860712290e-03
   9.1000000000000000e+01   2.4319475051015615e-03
   9.2000000000000000e+01   2.3762003984302282e-03
   9.3000000000000000e+01   2.3000210057944059e-03
   9.4000000000000000e+01   2.2627650760114193e-03
   9.5000000000000000e+01   2.1927470806986094e-03
   9.6000000000000000e+01   2.1611107513308525e-03
   9.7000000000000000e+01   2.1664358209818602e-03
   9.8000000000000000e+01   2.1270103752613068e-03
   9.9000000000000000e+01   2.1026753820478916e-03
   1.0000000000000000e+02   2.0821054931730032e-03
   1.0100000000000000e+02   1.9842004403471947e-03
   1.0200000000000000e+02   1.9733661320060492e-03
   1.0300000000000000e+02   1.9484846852719784e-03
   1.0400000000000000e+02   1.9678808748722076e-03
   1.0500000000000000e+02   1.9617823418229818e-03
   1.0600000000000000e+02   1.9709679763764143e-03
   1.0700000000000000e+02   1.9520440837368369e-03
   1.0800000000000000e+02   1.9340540748089552e-03
   1.0900000000000000e+02   1.9162490498274565e-03
   1.1000000000000000e+02   1.9091095309704542e-03
   1.1100000000000000e+02   1.8866552272811532e-03
   1.1200000000000000e+02   1.8643495859578252e-03
   1.1300000000000000e+02   1.8899901770055294e-03
   1.1400000000000000e+02   1.9067132379859686e-03
   1.1500000000000000e+02   1.9245996372774243e-03
   1.1600000000000000e+02   1.9585294649004936e-03
   1.1700000000000000e+02   1.9713458605110645e-03
   1.1800000000000000e+02   2.0100630354136229e-03
   1.1900000000000000e+02   2.0114819053560495e-03
   1.2000000000000000e+02   2.0725475624203682e-03
   1.2100000000000000e+02   2.0830999128520489e-03
   1.2200000000000000e+02   2.1135099232196808e-03
   1.2300000000000000e+02   2.1672160364687443e-03
   1.2400000000000000e+02   2.2038749884814024e-03
   1.2500000000000000e+02   2.2647723089903593e-03
   1.2600000000000000e+02   2.3609364870935678e-03
   1.2700000000000000e+02   2.4602522607892752e-03
   1.2800000000000000e+02   2.5600460357964039e-03
   1.2900000000000000e+02   2.6955783832818270e-03
   1.3000000000000000e+02   2.8617221396416426e-03
   1.3100000000000000e+02   3.0315439216792583e-03
   1.3200000000000000e+02   3.2803046051412821e-03
   1.3300000000000000e+02   3.5061659291386604e-03
   1.3400000000000000e+02   3.8291304372251034e-03
   1.3500000000000000e+02   4.1248034685850143e-03
   1.3600000000000000e+02   4.5114150270819664e-03
   1.3700000000000000e+02   4.9272230826318264e-03
   1.3800000000000000e+02   5.3643975406885147e-03
   1.3900000000000000e+02   5.8692693710327148e-03
   1.4000000000000000e+02   6.3315960578620434e-03
   1.4100000000000000e+02   6.9596176035702229e-03
   1.4200000000000000e+02   7.6518636196851730e-03
   1.4300000000000000e+02   8.4328744560480118e-03
   1.4400000000000000e+02   9.0892454609274864e-03
   1.4500000000000000e+02   9.7602205350995064e-03
   1.4600000000000000e+02   1.0571747086942196e-02
   1.4700000000000000e+02   1.1229914613068104e-02
   1.4800000000000000e+02   1.2001516297459602e-02
   1.4900000000000000e+02   1.2783870100975037e-02
   1.5000000000000000e+02   1.3718476518988609e-02
   1.5100000000000000e+02   1.4542039483785629e-02
   1.5200000000000000e+02   1.5353546477854252e-02
   1.5300000000000000e+02   1.6277050599455833e-02
   1.5400000000000000e+02   1.7144085839390755e-02
   1.5500000000000000e+02   1.8122779205441475e-02
   1.5600000000000000e+02   1.8899690359830856e-02
   1.5700000000000000e+02   1.9705690443515778e-02
   1.5800000000000000e+02   2.0367374643683434e-02
   1.5900000000000000e+02   2.1165231242775917e-02
   1.6000000000000000e+02   2.2044794633984566e-02
   1.6100000000000000e+02   2.2835357114672661e-02
   1.6200000000000000e+02   2.3733841255307198e-02
   1.6300000000000000e+02   2.4401420727372169e-02
   1.6400000000000000e+02   2.5125505402684212e-02
   1.6500000000000000e+02   2.5707198306918144e-02
   1.6600000000000000e+02   2.6425458490848541e-02
   1.6700000000000000e+02   2.7297265827655792e-02
   1.6800000000000000e+02   2.8020460158586502e-02
   1.6900000000000000e+02   2.8675876557826996e-02
   1.7000000000000000e+02   2.9252566397190094e-02
   1.7100000000000000e+02   2.9905308037996292e-02
   1.7200000000000000e+02   3.0757108703255653e-02
   1.7300000000000000e+02   3.1555045396089554e-02
   1.7400000000000000e+02   3.2469250261783600e-02
   1.7500000000000000e+02   3.3122923225164413e-02
   1.7600000000000000e+02   3.3924471586942673e-02
   1.7700000000000000e+02   3.4639608114957809e-02
   1.7800000000000000e+02   3.5687420517206192e-02
   1.7900000000000000e+02   3.6577120423316956e-02
   1.8000000000000000e+02   3.7351895123720169e-02
   1.8100000000000000e+02   3.8174711167812347e-02
   1.8200000000000000e+02   3.8995172828435898e-02
   1.8300000000000000e+02   3.9878718554973602e-02
   1.8400000000000000e+02   4.0832683444023132e-02
   1.8500000000000000e+02   4.1719071567058563e-02
   1.8600000000000000e+02   4.2609713971614838e-02
   1.8700000000000000e+02   4.3213434517383575e-02
   1.8800000000000000e+02   4.4093292206525803e-02
   1.8900000000000000e+02   4.4634982943534851e-02
   1.9000000000000000e+02   4.5646503567695618e-02
   1.9100000000000000e+02   4.6335555613040924e-02
   1.9200000000000000e+02   4.7356646507978439e-02
   1.9300000000000000e+02   4.8405490815639496e-02
   1.9400000000000000e+02   4.9368165433406830e-02
   1.9500000000000000e+02   5.0357617437839508e-02
   1.9600000000000000e+02   5.1251400262117386e-02
   1.9700000000000000e+02   5.1842425018548965e-02
   1.9800000000000000e+02   5.2820026874542236e-02
   1.9900000000000000e+02   5.3851433098316193e-02
   2.0000000000000000e+02   5.4925322532653809e-02
   2.0100000000000000e+02   5.5754382163286209e-02
   2.0200000000000000e+02   5.6750960648059845e-02
   2.0300000000000000e+02   5.7595420628786087e-02
   2.0400000000000000e+02   5.8841906487941742e-02
   2.0500000000000000e+02   5.9773657470941544e-02
   2.0600000000000000e+02   6.0679271817207336e-02
   2.0700000000000000e+02   6.1058726161718369e-02
   2.0800000000000000e+02   6.1386771500110626e-02
   2.0900000000000000e+02   6.1810683459043503e-02
   2.1000000000000000e+02   6.2281917780637741e-02
   2.1100000000000000e+02   6.3165113329887390e-02
   2.1200000000000000e+02   6.4378246665000916e-02
   2.1300000000000000e+02   6.4970701932907104e-02
   2.1400000000000000e+02   6.5286837518215179e-02
   2.1500000000000000e+02   6.5605238080024719e-02
   2.1600000000000000e+02   6.6168271005153656e-02
   2.1700000000000000e+02   6.6538535058498383e-02
   2.1800000000000000e+02   6.7105673253536224e-02
   2.1900000000000000e+02   6.7376121878623962e-02
   2.2000000000000000e+02   6.7540250718593597e-02
   2.2100000000000000e+02   6.8064622581005096e-02
   2.2200000000000000e+02   6.8648025393486023e-02
   2.2300000000000000e+02   6.9254428148269653e-02
   2.2400000000000000e+02   6.9658182561397552e-02
   2.2500000000000000e+02   7.0360414683818817e-02
   2.2600000000000000e+02   7.0555403828620911e-02
   2.2700000000000000e+02   7.0465400815010071e-02
   2.2800000000000000e+02   7.0622175931930542e-02
   2.2900000000000000e+02   7.0823438465595245e-02
   2.3000000000000000e+02   7.1440204977989197e-02
   2.3100000000000000e+02   7.1717418730258942e-02
   2.3200000000000000e+02   7.1950085461139679e-02
   2.3300000000000000e+02   7.2112806141376495e-02
   2.3400000000000000e+02   7.2381235659122467e-02
   2.3500000000000000e+02   7.2562098503112793e-02
   2.3600000000000000e+02   7.2620972990989685e-02
   2.3700000000000000e+02   7.3005884885787964e-02
   2.3800000000000000e+02   7.3149628937244415e-02
   2.3900000000000000e+02   7.3341436684131622e-02
   2.4000000000000000e+02   7.3529519140720367e-02
   2.4100000000000000e+02   7.3648296296596527e-02
   2.4200000000000000e+02   7.3858812451362610e-02
   2.4300000000000000e+02   7.4023075401782990e-02
   2.4400000000000000e+02   7.4251055717468262e-02
   2.4500000000000000e+02   7.4139952659606934e-02
   2.4600000000000000e+02   7.4155367910861969e-02
   2.4700000000000000e+02   7.4442654848098755e-02
   2.4800000000000000e+02   7.4345201253890991e-02
   2.4900000000000000e+02   7.4074812233448029e-02
   2.5000000000000000e+02   7.4001006782054901e-02
   2.5100000000000000e+02   7.4014887213706970e-02
   2.5200000000000000e+02   7.3902890086174011e-02
   2.5300000000000000e+02   7.3819629848003387e-02
   2.5400000000000000e+02   7.3863223195075989e-02
   2.5500000000000000e+02   7.3636136949062347e-02
   2.5600000000000000e+02   7.3838159441947937e-02
   2.5700000000000000e+02   7.3553882539272308e-02
   2.5800000000000000e+02   7.3360234498977661e-02
   2.5900000000000000e+02   7.3166161775588989e-02
   2.6000000000000000e+02   7.2952657938003540e-02
   2.6100000000000000e+02   7.2799488902091980e-02
   2.6200000000000000e+02   7.2677217423915863e-02
   2.6300000000000000e+02   7.2582937777042389e-02
   2.6400000000000000e+02   7.2658777236938477e-02
   2.6500000000000000e+02   7.2821095585823059e-02
   2.6600000000000000e+02   7.2625510394573212e-02
   2.6700000000000000e+02   7.2419270873069763e-02
   2.6800000000000000e+02   7.2194553911685944e-02
   2.6900000000000000e+02   7.1916669607162476e-02
   2.7000000000000000e+02   7.1677573025226593e-02
   2.7100000000000000e+02   7.1234904229640961e-02
   2.7200000000000000e+02   7.1184426546096802e-02
   2.7300000000000000e+02   7.0909090340137482e-02
   2.7400000000000000e+02   7.1109414100646973e-02
   2.7500000000000000e+02   7.0827372372150421e-02
   2.7600000000000000e+02   7.0543602108955383e-02
   2.7700000000000000e+02   7.0073284208774567e-02
   2.7800000000000000e+02   6.9661140441894531e-02
   2.7900000000000000e+02   6.9551154971122742e-02
   2.8000000000000000e+02   6.9111928343772888e-02
   2.8100000000000000e+02   6.8908691406250000e-02
   2.8200000000000000e+02   6.8780183792114258e-02
   2.8300000000000000e+02   6.8529270589351654e-02
   2.8400000000000000e+02   6.8490631878376007e-02
   2.8500000000000000e+02   6.8296931684017181e-02
   2.8600000000000000e+02   6.7936755716800690e-02
   2.8700000000000000e+02   6.7705713212490082e-02
   2.8800000000000000e+02   6.7478045821189880e-02
   2.8900000000000000e+02   6.6940329968929291e-02
   2.9000000000000000e+02   6.6969238221645355e-02
   2.9100000000000000e+02   6.6982120275497437e-02
   2.9200000000000000e+02   6.6703155636787415e-02
   2.9300000000000000e+02   6.6648066043853760e-02
   2.9400000000000000e+02   6.6407717764377594e-02
   2.9500000000000000e+02   6.6378705203533173e-02
   2.9600000000000000e+02   6.6283859312534332e-02
   2.9700000000000000e+02   6.6065140068531036e-02
   2.9800000000000000e+02   6.5998181700706482e-02
   2.9900000000000000e+02   6.5718390047550201e-02
   3.0000000000000000e+02   6.5554916858673096e-02
