   1.0000000000000000e+00   9.4643573902430944e-06
   2.0000000000000000e+00   8.4138291640556417e-06
   3.0000000000000000e+00   7.5724465204984881e-06
   4.0000000000000000e+00   6.8840422500215936e-06
   5.0000000000000000e+00   6.3103721004154067e-06
   6.0000000000000000e+00   5.8249588619219139e-06
   7.0000000000000000e+00   5.4089136938273441e-06
   8.0000000000000000e+00   5.0483195082051679e-06
   9.0000000000000000e+00   3.5963309983344516e-06
   1.0000000000000000e+01   2.4587068310211180e-06
   1.1000000000000000e+01   2.2195210931386100e-06
   1.2000000000000000e+01   1.7704054471323616e-06
   1.3000000000000000e+01   1.4777779142605141e-06
   1.4000000000000000e+01   9.2770648052464821e-07
   1.5000000000000000e+01   2.2303785840449564e-07
   1.6000000000000000e+01   1.9473123114011059e-09
   1.7000000000000000e+01   1.5026266897422147e-09
   1.8000000000000000e+01   2.8614857001230121e-05
   1.9000000000000000e+01   5.0753613322740421e-05
   2.0000000000000000e+01   7.5385003583505750e-05
   2.1000000000000000e+01   7.7712153142783791e-05
   2.2000000000000000e+01   7.8826640674378723e-05
   2.3000000000000000e+01   8.0107325629796833e-05
   2.4000000000000000e+01   8.3603648818098009e-05
   2.5000000000000000e+01   1.6456503362860531e-04
   2.6000000000000000e+01   3.3251021523028612e-04
   2.7000000000000000e+01   1.7746469238772988e-03
   2.8000000000000000e+01   1.9202422350645065e-02
   2.9000000000000000e+01   6.0510642826557159e-02
   3.0000000000000000e+01   1.1394404619932175e-01
   3.1000000000000000e+01   1.7237086594104767e-01
   3.2000000000000000e+01   2.3210781812667847e-01
   3.3000000000000000e+01   2.9398256540298462e-01
   3.4000000000000000e+01   3.5395589470863342e-01
   3.5000000000000000e+01   4.1366189718246460e-01
   3.6000000000000000e+01   4.7367504239082336e-01
   3.7000000000000000e+01   5.3391629457473755e-01
   3.8000000000000000e+01   5.9403598308563232e-01
   3.9000000000000000e+01   6.5123683214187622e-01
   4.0000000000000000e+01   7.0310598611831665e-01
   4.1000000000000000e+01   7.4265807867050171e-01
   4.2000000000000000e+01   7.6171952486038208e-01
   4.3000000000000000e+01   7.5803786516189575e-01
   4.4000000000000000e+01   7.2869098186492920e-01
   4.5000000000000000e+01   6.8575662374496460e-01
   4.6000000000000000e+01   6.3530349731445312e-01
   4.7000000000000000e+01   5.8538168668746948e-01
   4.8000000000000000e+01   5.3153604269027710e-01
   4.9000000000000000e+01   4.8327043652534485e-01
   5.0000000000000000e+01   4.3462771177291870e-01
   5.1000000000000000e+01   3.8480904698371887e-01
   5.2000000000000000e+01   3.3607912063598633e-01
   5.3000000000000000e+01   2.8642591834068298e-01
   5.4000000000000000e+01   2.3857887089252472e-01
   5.5000000000000000e+01   1.9360297918319702e-01
   5.6000000000000000e+01   1.5949685871601105e-01
   5.7000000000000000e+01   1.4329196512699127e-01
   5.8000000000000000e+01   1.3225188851356506e-01
   5.9000000000000000e+01   1.2176232039928436e-01
   6.0000000000000000e+01   1.1205862462520599e-01
   6.1000000000000000e+01   1.0408765822649002e-01
   6.2000000000000000e+01   9.4280317425727844e-02
   6.3000000000000000e+01   8.6226277053356171e-02
   6.4000000000000000e+01   7.4496708810329437e-02
   6.5000000000000000e+01   6.3408941030502319e-02
   6.6000000000000000e+01   5.3212262690067291e-02
   6.7000000000000000e+01   4.1700005531311035e-02
   6.8000000000000000e+01   3.1232336536049843e-02
   6.9000000000000000e+01   2.1875021979212761e-02
   7.0000000000000000e+01   1.4900829643011093e-02
   7.1000000000000000e+01   9.2868693172931671e-03
   7.2000000000000000e+01   4.9882140010595322e-03
   7.3000000000000000e+01   2.2821414750069380e-03
   7.4000000000000000e+01   8.1038341159000993e-04
   7.5000000000000000e+01   1.5055526091600768e-05
   7.6000000000000000e+01   1.2307546967349481e-05
   7.7000000000000000e+01   4.5357228373177350e-06
   7.8000000000000000e+01   8.5377865843838663e-07
   7.9000000000000000e+01   6.8771043970627943e-07
   8.0000000000000000e+01   6.8289591581560671e-07
   8.1000000000000000e+01   7.8954002447062521e-07
   8.2000000000000000e+01   8.9987554474646458e-07
   8.3000000000000000e+01   8.8540258502689539e-07
   8.4000000000000000e+01   1.8917827446784941e-06
   8.5000000000000000e+01   4.5199694795883261e-06
   8.6000000000000000e+01   9.6142866823356599e-06
   8.7000000000000000e+01   2.3528471501776949e-05
   8.8000000000000000e+01   2.4793282136670314e-05
   8.9000000000000000e+01   2.5200084564858116e-05
   9.0000000000000000e+01   2.5746508981683291e-05
   9.1000000000000000e+01   3.0105042242212221e-05
   9.2000000000000000e+01   3.0141480237944052e-05
   9.3000000000000000e+01   3.0126177080092020e-05
   9.4000000000000000e+01   3.0059321943554096e-05
   9.5000000000000000e+01   2.9901824746048078e-05
   9.6000000000000000e+01   2.9675675250473432e-05
   9.7000000000000000e+01   2.9409142371150665e-05
   9.8000000000000000e+01   2.9334196369745769e-05
   9.9000000000000000e+01   2.8304684747126885e-05
   1.0000000000000000e+02   2.5671199182397686e-05
   1.0100000000000000e+02   2.0579080228344537e-05
   1.0200000000000000e+02   6.6648744905251078e-06
   1.0300000000000000e+02   5.4000297495804261e-06
   1.0400000000000000e+02   4.9932345973502379e-06
   1.0500000000000000e+02   4.4467356019595172e-06
   1.0600000000000000e+02   8.6932494980374031e-08
   1.0700000000000000e+02   4.6400234765542336e-08
   1.0800000000000000e+02   1.4935741532440261e-08
   1.0900000000000000e+02   1.0989469778621697e-08
   1.1000000000000000e+02   1.0104714398551096e-08
   1.1100000000000000e+02   3.5006582077556914e-09
   1.1200000000000000e+02   3.2482760925489629e-09
   1.1300000000000000e+02   3.1315028348188889e-09
   1.1400000000000000e+02   2.7064295249346060e-09
   1.1500000000000000e+02   2.6561235433320007e-09
   1.1600000000000000e+02   2.6545979303627121e-10
   1.1700000000000000e+02   2.9278587887482388e-10
   1.1800000000000000e+02   5.7100257855324799e-10
   1.1900000000000000e+02   7.5207906569119132e-10
   1.2000000000000000e+02   1.2602900945068995e-09
   1.2100000000000000e+02   1.6585459672313618e-09
   1.2200000000000000e+02   4.5093400125040262e-09
   1.2300000000000000e+02   5.7083453519624072e-09
   1.2400000000000000e+02   2.3107903146524222e-08
   1.2500000000000000e+02   2.2273684407991823e-07
   1.2600000000000000e+02   2.3160525586263248e-07
   1.2700000000000000e+02   4.3663354176715075e-07
   1.2800000000000000e+02   5.7266515796072781e-07
   1.2900000000000000e+02   1.1713966614479432e-06
   1.3000000000000000e+02   1.3439088206723682e-06
   1.3100000000000000e+02   2.6395616714580683e-06
   1.3200000000000000e+02   3.2630625810270431e-06
   1.3300000000000000e+02   3.8460470932477619e-06
   1.3400000000000000e+02   4.7939402065821923e-06
   1.3500000000000000e+02   5.6020408010226674e-06
   1.3600000000000000e+02   6.8404524427023716e-06
   1.3700000000000000e+02   1.2649740710912738e-05
   1.3800000000000000e+02   1.6627936929580756e-05
   1.3900000000000000e+02   1.9593000615714118e-05
   1.4000000000000000e+02   2.4000657504075207e-05
   1.4100000000000000e+02   3.1654406484449282e-05
   1.4200000000000000e+02   3.6662349884863943e-05
   1.4300000000000000e+02   4.6779598051216453e-05
   1.4400000000000000e+02   5.4230371461017057e-05
   1.4500000000000000e+02   5.6816374126356095e-05
   1.4600000000000000e+02   6.0564863815670833e-05
   1.4700000000000000e+02   6.7195134761277586e-05
   1.4800000000000000e+02   7.2653529059607536e-05
   1.4900000000000000e+02   7.7929020335432142e-05
   1.5000000000000000e+02   8.2533122622407973e-05
   1.5100000000000000e+02   8.7453932792413980e-05
   1.5200000000000000e+02   9.0648100012913346e-05
   1.5300000000000000e+02   9.4167109637055546e-05
   1.5400000000000000e+02   1.0197232768405229e-04
   1.5500000000000000e+02   1.0617926454870030e-04
   1.5600000000000000e+02   1.0816766007337719e-04
   1.5700000000000000e+02   1.1223008914384991e-04
   1.5800000000000000e+02   1.1280133912805468e-04
   1.5900000000000000e+02   1.1669630475807935e-04
   1.6000000000000000e+02   1.2371149205137044e-04
   1.6100000000000000e+02   1.2818447430618107e-04
   1.6200000000000000e+02   1.3024891086388379e-04
   1.6300000000000000e+02   1.3353649410419166e-04
   1.6400000000000000e+02   1.3950229913461953e-04
   1.6500000000000000e+02   1.4415984333027154e-04
   1.6600000000000000e+02   1.4948548050597310e-04
   1.6700000000000000e+02   1.5011111099738628e-04
   1.6800000000000000e+02   1.5320001693908125e-04
   1.6900000000000000e+02   1.5361662372015417e-04
   1.7000000000000000e+02   1.5644777158740908e-04
   1.7100000000000000e+02   1.6017806774470955e-04
   1.7200000000000000e+02   1.5742362302262336e-04
   1.7300000000000000e+02   1.5567128139082342e-04
   1.7400000000000000e+02   1.5059631550684571e-04
   1.7500000000000000e+02   1.4904179261066020e-04
   1.7600000000000000e+02   1.4614821702707559e-04
   1.7700000000000000e+02   1.4225354243535548e-04
   1.7800000000000000e+02   1.3663193385582417e-04
   1.7900000000000000e+02   1.2829857587348670e-04
   1.8000000000000000e+02   1.2255295587237924e-04
   1.8100000000000000e+02   1.1929091851925477e-04
   1.8200000000000000e+02   1.2570932449307293e-04
   1.8300000000000000e+02   1.1962209828197956e-04
   1.8400000000000000e+02   1.1434219777584076e-04
   1.8500000000000000e+02   1.0741782898548990e-04
   1.8600000000000000e+02   1.0840944014489651e-04
   1.8700000000000000e+02   1.0730633221101016e-04
   1.8800000000000000e+02   1.0488158295629546e-04
   1.8900000000000000e+02   1.0512618609936908e-04
   1.9000000000000000e+02   1.0089916759170592e-04
   1.9100000000000000e+02   1.0225339792668819e-04
   1.9200000000000000e+02   9.8333810456097126e-05
   1.9300000000000000e+02   9.5145929662976414e-05
   1.9400000000000000e+02   9.1966059699188918e-05
   1.9500000000000000e+02   8.8618951849639416e-05
   1.9600000000000000e+02   8.3609113062266260e-05
   1.9700000000000000e+02   6.8248642492108047e-05
   1.9800000000000000e+02   6.4395753724966198e-05
   1.9900000000000000e+02   5.8822792198043317e-05
   2.0000000000000000e+02   5.4497151722898707e-05
   2.0100000000000000e+02   4.0978844481287524e-05
   2.0200000000000000e+02   3.6465884477365762e-05
   2.0300000000000000e+02   3.0961546144681051e-05
   2.0400000000000000e+02   2.5227922378689982e-05
   2.0500000000000000e+02   2.4997794753289782e-05
   2.0600000000000000e+02   1.7522204871056601e-05
   2.0700000000000000e+02   2.3011292796581984e-05
   2.0800000000000000e+02   4.2663759813876823e-05
   2.0900000000000000e+02   6.0354443121468648e-05
   2.1000000000000000e+02   7.2888244176283479e-05
   2.1100000000000000e+02   8.7245171016547829e-05
   2.1200000000000000e+02   1.2237376358825713e-04
   2.1300000000000000e+02   1.7394188034813851e-04
   2.1400000000000000e+02   2.1792361803818494e-04
   2.1500000000000000e+02   2.8548744739964604e-04
   2.1600000000000000e+02   3.4789150231517851e-04
   2.1700000000000000e+02   4.0029687806963921e-04
   2.1800000000000000e+02   4.6080022002570331e-04
   2.1900000000000000e+02   5.1603134488686919e-04
   2.2000000000000000e+02   5.5427959887310863e-04
   2.2100000000000000e+02   6.1975629068911076e-04
   2.2200000000000000e+02   6.4607709646224976e-04
   2.2300000000000000e+02   6.7377038067206740e-04
   2.2400000000000000e+02   6.9247552892193198e-04
   2.2500000000000000e+02   7.2300451574847102e-04
   2.2600000000000000e+02   7.4133399175480008e-04
   2.2700000000000000e+02   7.3856429662555456e-04
   2.2800000000000000e+02   7.0946838241070509e-04
   2.2900000000000000e+02   6.9763360079377890e-04
   2.3000000000000000e+02   6.5095099853351712e-04
   2.3100000000000000e+02   6.1216275207698345e-04
   2.3200000000000000e+02   5.9170054737478495e-04
   2.3300000000000000e+02   5.5309187155216932e-04
   2.3400000000000000e+02   5.1305105444043875e-04
   2.3500000000000000e+02   4.8849632730707526e-04
   2.3600000000000000e+02   4.4696612167172134e-04
   2.3700000000000000e+02   4.2898204992525280e-04
   2.3800000000000000e+02   4.0293586789630353e-04
   2.3900000000000000e+02   3.8165086880326271e-04
   2.4000000000000000e+02   3.5516990465112031e-04
   2.4100000000000000e+02   3.3322183298878372e-04
   2.4200000000000000e+02   3.1925988150760531e-04
   2.4300000000000000e+02   3.1272144406102598e-04
   2.4400000000000000e+02   3.0098776915110648e-04
   2.4500000000000000e+02   2.9597818502224982e-04
   2.4600000000000000e+02   2.8776566614396870e-04
   2.4700000000000000e+02   2.8212286997586489e-04
   2.4800000000000000e+02   2.7770650922320783e-04
   2.4900000000000000e+02   2.8899314929731190e-04
   2.5000000000000000e+02   2.8905231738463044e-04
   2.5100000000000000e+02   2.8268623282201588e-04
   2.5200000000000000e+02   2.8978570480830967e-04
   2.5300000000000000e+02   2.9077715589664876e-04
   2.5400000000000000e+02   2.9635633109137416e-04
   2.5500000000000000e+02   2.9975868528708816e-04
   2.5600000000000000e+02   3.1419211882166564e-04
   2.5700000000000000e+02   3.2627675682306290e-04
   2.5800000000000000e+02   3.3191739930771291e-04
   2.5900000000000000e+02   3.4738800604827702e-04
   2.6000000000000000e+02   3.6078720586374402e-04
   2.6100000000000000e+02   3.7078713648952544e-04
   2.6200000000000000e+02   3.7115032318979502e-04
   2.6300000000000000e+02   4.0419548167847097e-04
   2.6400000000000000e+02   4.0880890446715057e-04
   2.6500000000000000e+02   4.3089446262456477e-04
   2.6600000000000000e+02   4.6254936023615301e-04
   2.6700000000000000e+02   5.2721268730238080e-04
   2.6800000000000000e+02   5.6898716138675809e-04
   2.6900000000000000e+02   6.0387630946934223e-04
   2.7000000000000000e+02   6.3376344041898847e-04
   2.7100000000000000e+02   6.7256542388349771e-04
   2.7200000000000000e+02   6.9470913149416447e-04
   2.7300000000000000e+02   7.3146336944773793e-04
   2.7400000000000000e+02   7.6690816786140203e-04
   2.7500000000000000e+02   7.9623173223808408e-04
   2.7600000000000000e+02   7.8489334555342793e-04
   2.7700000000000000e+02   8.2123832544311881e-04
   2.7800000000000000e+02   7.9137983266264200e-04
   2.7900000000000000e+02   7.8546348959207535e-04
   2.8000000000000000e+02   7.6620170148089528e-04
   2.8100000000000000e+02   7.3541922029107809e-04
   2.8200000000000000e+02   6.4930994994938374e-04
   2.8300000000000000e+02   5.8540911413729191e-04
   2.8400000000000000e+02   5.3356093121692538e-04
   2.8500000000000000e+02   4.8368718125857413e-04
   2.8600000000000000e+02   4.1656850953586400e-04
   2.8700000000000000e+02   3.6359074874781072e-04
   2.8800000000000000e+02   3.0512409284710884e-04
   2.8900000000000000e+02   2.3375528689939529e-04
   2.9000000000000000e+02   1.7505763389635831e-04
   2.9100000000000000e+02   1.6085285460576415e-04
   2.9200000000000000e+02   9.7568285127636045e-05
   2.9300000000000000e+02   7.7232070907484740e-05
   2.9400000000000000e+02   5.4297328460961580e-05
   2.9500000000000000e+02   3.5006538382731378e-05
   2.9600000000000000e+02   1.4229809494281653e-05
   2.9700000000000000e+02   1.4182521226757672e-05
   2.9800000000000000e+02   1.4574009583157022e-05
   2.9900000000000000e+02   8.8481974671594799e-06
   3.0000000000000000e+02   8.1260259321425110e-06
