   1.0000000000000000e+00   8.4871839499101043e-04
   2.0000000000000000e+00   2.1183819044381380e-03
   3.0000000000000000e+00   2.5239163078367710e-03
   4.0000000000000000e+00   2.4435324594378471e-02
   5.0000000000000000e+00   2.3361228406429291e-02
   6.0000000000000000e+00   2.2725697606801987e-02
   7.0000000000000000e+00   7.0370666682720184e-02
   8.0000000000000000e+00   9.9890708923339844e-02
   9.0000000000000000e+00   1.3959734141826630e-01
   1.0000000000000000e+01   1.7326354980468750e-01
   1.1000000000000000e+01   2.3251749575138092e-01
   1.2000000000000000e+01   2.9713663458824158e-01
   1.3000000000000000e+01   3.6404833197593689e-01
   1.4000000000000000e+01   4.3103817105293274e-01
   1.5000000000000000e+01   4.9686184525489807e-01
   1.6000000000000000e+01   5.1581537723541260e-01
   1.7000000000000000e+01   5.3222054243087769e-01
   1.8000000000000000e+01   5.3353714942932129e-01
   1.9000000000000000e+01   5.1923340559005737e-01
   2.0000000000000000e+01   5.3122287988662720e-01
   2.1000000000000000e+01   5.3738403320312500e-01
   2.2000000000000000e+01   4.9587526917457581e-01
   2.3000000000000000e+01   4.6445524692535400e-01
   2.4000000000000000e+01   4.2634269595146179e-01
   2.5000000000000000e+01   4.0071713924407959e-01
   2.6000000000000000e+01   3.4141147136688232e-01
   2.7000000000000000e+01   2.7676746249198914e-01
   2.8000000000000000e+01   2.0987163484096527e-01
   2.9000000000000000e+01   1.4302200078964233e-01
   3.0000000000000000e+01   7.7494651079177856e-02
   3.1000000000000000e+01   5.9236533939838409e-02
   3.2000000000000000e+01   4.3196246027946472e-02
   3.3000000000000000e+01   4.1491571813821793e-02
   3.4000000000000000e+01   3.9559897035360336e-02
   3.5000000000000000e+01   2.6801079511642456e-02
   3.6000000000000000e+01   1.9634572789072990e-02
   3.7000000000000000e+01   1.5160712413489819e-02
   3.8000000000000000e+01   1.2370445765554905e-02
   3.9000000000000000e+01   1.0738507844507694e-02
   4.0000000000000000e+01   2.6292949914932251e-03
   4.1000000000000000e+01   2.5987674016505480e-03
   4.2000000000000000e+01   2.5843079201877117e-03
   4.3000000000000000e+01   2.5262173730880022e-03
   4.4000000000000000e+01   2.3311593104153872e-03
   4.5000000000000000e+01   1.9475129665806890e-03
   4.6000000000000000e+01   1.2284173863008618e-03
   4.7000000000000000e+01   4.5170865632826462e-05
   4.8000000000000000e+01   2.1632540665450506e-05
   4.9000000000000000e+01   2.0406496332725510e-05
   5.0000000000000000e+01   2.0021461750729941e-05
   5.1000000000000000e+01   1.8749367882264778e-05
   5.2000000000000000e+01   1.7698748706607148e-05
   5.3000000000000000e+01   1.6575455447309650e-05
   5.4000000000000000e+01   1.5422170690726489e-05
   5.5000000000000000e+01   1.2915700608573388e-05
   5.6000000000000000e+01   5.1699507821467705e-06
   5.7000000000000000e+01   1.6195538137253607e-06
   5.8000000000000000e+01   1.5058675728596427e-07
   5.9000000000000000e+01   6.9702238647550985e-08
   6.0000000000000000e+01   2.1751476708686823e-07
   6.1000000000000000e+01   1.3396017311606556e-04
   6.2000000000000000e+01   3.1574539025314152e-04
   6.3000000000000000e+01   3.2572439522482455e-04
   6.4000000000000000e+01   3.3151294337585568e-04
   6.5000000000000000e+01   3.3398778759874403e-04
   6.6000000000000000e+01   3.3631955739110708e-04
   6.7000000000000000e+01   3.3832146436907351e-04
   6.8000000000000000e+01   3.3986574271693826e-04
   6.9000000000000000e+01   3.4127561957575381e-04
   7.0000000000000000e+01   3.4165970282629132e-04
   7.1000000000000000e+01   3.4169107675552368e-04
   7.2000000000000000e+01   3.4169523860327899e-04
   7.3000000000000000e+01   3.4169861464761198e-04
   7.4000000000000000e+01   3.4166450495831668e-04
   7.5000000000000000e+01   3.4153793239966035e-04
   7.6000000000000000e+01   2.0785354718100280e-04
   7.7000000000000000e+01   2.6326013539801352e-05
   7.8000000000000000e+01   1.6849862731760368e-05
   7.9000000000000000e+01   1.2531606444099452e-05
   8.0000000000000000e+01   1.2155127478763461e-05
   8.1000000000000000e+01   1.5354666174971499e-05
   8.2000000000000000e+01   1.6007399608497508e-05
   8.3000000000000000e+01   1.5937484931782819e-05
   8.4000000000000000e+01   2.8139060304965824e-05
   8.5000000000000000e+01   9.3647548055741936e-05
   8.6000000000000000e+01   1.3127062993589789e-04
   8.7000000000000000e+01   2.9356699087657034e-04
   8.8000000000000000e+01   4.1655419045127928e-04
   8.9000000000000000e+01   5.1123730372637510e-04
   9.0000000000000000e+01   5.8263016398996115e-04
   9.1000000000000000e+01   6.6248775692656636e-04
   9.2000000000000000e+01   7.5752584962174296e-04
   9.3000000000000000e+01   8.0576341133564711e-04
   9.4000000000000000e+01   8.8362098904326558e-04
   9.5000000000000000e+01   9.0278778225183487e-04
   9.6000000000000000e+01   9.8049070220440626e-04
   9.7000000000000000e+01   1.0176531504839659e-03
   9.8000000000000000e+01   1.0268073529005051e-03
   9.9000000000000000e+01   1.0582772083580494e-03
   1.0000000000000000e+02   1.0113326134160161e-03
   1.0100000000000000e+02   1.2205056846141815e-03
   1.0200000000000000e+02   1.0823796037584543e-03
   1.0300000000000000e+02   9.7020197426900268e-04
   1.0400000000000000e+02   9.0519548393785954e-04
   1.0500000000000000e+02   8.4419205086305737e-04
   1.0600000000000000e+02   7.6979468576610088e-04
   1.0700000000000000e+02   6.8112078588455915e-04
   1.0800000000000000e+02   6.3961424166336656e-04
   1.0900000000000000e+02   5.6893570581451058e-04
   1.1000000000000000e+02   5.5592186981812119e-04
   1.1100000000000000e+02   4.8017545486800373e-04
   1.1200000000000000e+02   4.5820939703844488e-04
   1.1300000000000000e+02   4.5594209223054349e-04
   1.1400000000000000e+02   4.1546978172846138e-04
   1.1500000000000000e+02   4.1515802149660885e-04
   1.1600000000000000e+02   1.8802192062139511e-04
   1.1700000000000000e+02   1.7333024879917502e-04
   1.1800000000000000e+02   1.9740867719519883e-04
   1.1900000000000000e+02   2.0419900829438120e-04
   1.2000000000000000e+02   2.4795898934826255e-04
   1.2100000000000000e+02   2.6897378847934306e-04
   1.2200000000000000e+02   4.8788779531605542e-04
   1.2300000000000000e+02   5.5730500025674701e-04
   1.2400000000000000e+02   6.0489401221275330e-04
   1.2500000000000000e+02   8.9913979172706604e-04
   1.2600000000000000e+02   9.8232040181756020e-04
   1.2700000000000000e+02   1.0620236862450838e-03
   1.2800000000000000e+02   1.1255784193053842e-03
   1.2900000000000000e+02   1.2154680443927646e-03
   1.3000000000000000e+02   1.2548413360491395e-03
   1.3100000000000000e+02   1.3034172588959336e-03
   1.3200000000000000e+02   1.3180557871237397e-03
   1.3300000000000000e+02   1.3720399001613259e-03
   1.3400000000000000e+02   1.3951690634712577e-03
   1.3500000000000000e+02   1.3770330697298050e-03
   1.3600000000000000e+02   1.3986534904688597e-03
   1.3700000000000000e+02   1.2044168543070555e-03
   1.3800000000000000e+02   1.1601031292229891e-03
   1.3900000000000000e+02   1.1251417454332113e-03
   1.4000000000000000e+02   8.7123375851660967e-04
   1.4100000000000000e+02   8.0412247916683555e-04
   1.4200000000000000e+02   7.1667385054752231e-04
   1.4300000000000000e+02   6.4866116736084223e-04
   1.4400000000000000e+02   5.5691919988021255e-04
   1.4500000000000000e+02   5.1125598838552833e-04
   1.4600000000000000e+02   4.5941970893181860e-04
   1.4700000000000000e+02   4.4050236465409398e-04
   1.4800000000000000e+02   3.5473384195938706e-04
   1.4900000000000000e+02   2.9573653591796756e-04
   1.5000000000000000e+02   2.6066772988997400e-04
   1.5100000000000000e+02   2.1349338931031525e-04
   1.5200000000000000e+02   1.8261927471030504e-04
   1.5300000000000000e+02   1.5054446703288704e-04
   1.5400000000000000e+02   1.2972253898624331e-04
   1.5500000000000000e+02   8.1384627264924347e-05
   1.5600000000000000e+02   5.7968765759142116e-05
   1.5700000000000000e+02   4.8093905206769705e-05
   1.5800000000000000e+02   4.4263164454605430e-05
   1.5900000000000000e+02   4.1818511817837134e-05
   1.6000000000000000e+02   2.9643142624991015e-05
   1.6100000000000000e+02   1.3331160516827367e-05
   1.6200000000000000e+02   8.2084643509006128e-06
   1.6300000000000000e+02   5.2430332289077342e-06
   1.6400000000000000e+02   4.7797575462027453e-06
   1.6500000000000000e+02   3.9730221033096313e-06
   1.6600000000000000e+02   3.0839335067867069e-06
   1.6700000000000000e+02   2.7833752938022371e-06
   1.6800000000000000e+02   2.6007423912233207e-06
   1.6900000000000000e+02   2.3099901227396913e-06
   1.7000000000000000e+02   2.5219785584340570e-06
   1.7100000000000000e+02   3.0905512176104821e-06
   1.7200000000000000e+02   3.1338297503680224e-06
   1.7300000000000000e+02   3.6724836718349252e-06
   1.7400000000000000e+02   5.5432465160265565e-06
   1.7500000000000000e+02   7.3842097663145978e-06
   1.7600000000000000e+02   1.0936541002593003e-05
   1.7700000000000000e+02   1.3977710295876022e-05
   1.7800000000000000e+02   1.6830648746690713e-05
   1.7900000000000000e+02   2.0401090296218172e-05
   1.8000000000000000e+02   2.5205406927852891e-05
   1.8100000000000000e+02   3.9277951145777479e-05
   1.8200000000000000e+02   5.0487404223531485e-05
   1.8300000000000000e+02   6.5297259425278753e-05
   1.8400000000000000e+02   7.0229107222985476e-05
   1.8500000000000000e+02   1.1704000644385815e-04
   1.8600000000000000e+02   1.2377872189972550e-04
   1.8700000000000000e+02   1.4247042417991906e-04
   1.8800000000000000e+02   1.8871157953981310e-04
   1.8900000000000000e+02   2.1284539252519608e-04
   1.9000000000000000e+02   2.4706992553547025e-04
   1.9100000000000000e+02   3.0428750324063003e-04
   1.9200000000000000e+02   3.2859246130101383e-04
   1.9300000000000000e+02   3.7477788282558322e-04
   1.9400000000000000e+02   4.4602874550037086e-04
   1.9500000000000000e+02   4.5816338388249278e-04
   1.9600000000000000e+02   5.2646582480520010e-04
   1.9700000000000000e+02   6.1358656967058778e-04
   1.9800000000000000e+02   6.1766186263412237e-04
   1.9900000000000000e+02   6.9531612098217010e-04
   2.0000000000000000e+02   6.7156733712181449e-04
   2.0100000000000000e+02   7.3570030508562922e-04
   2.0200000000000000e+02   7.4726931052282453e-04
   2.0300000000000000e+02   7.5791979907080531e-04
   2.0400000000000000e+02   7.7576865442097187e-04
   2.0500000000000000e+02   7.6302874367684126e-04
   2.0600000000000000e+02   8.0373813398182392e-04
   2.0700000000000000e+02   9.4015552895143628e-04
   2.0800000000000000e+02   9.8349770996719599e-04
   2.0900000000000000e+02   1.0943321976810694e-03
   2.1000000000000000e+02   1.1305182706564665e-03
   2.1100000000000000e+02   1.1385318357497454e-03
   2.1200000000000000e+02   1.2233135057613254e-03
   2.1300000000000000e+02   1.2813811190426350e-03
   2.1400000000000000e+02   1.3460981426760554e-03
   2.1500000000000000e+02   1.3833524426445365e-03
   2.1600000000000000e+02   1.3787032803520560e-03
   2.1700000000000000e+02   1.4590325299650431e-03
   2.1800000000000000e+02   1.4936935622245073e-03
   2.1900000000000000e+02   1.5077495481818914e-03
   2.2000000000000000e+02   1.5690090367570519e-03
   2.2100000000000000e+02   1.5330263413488865e-03
   2.2200000000000000e+02   1.4350258279591799e-03
   2.2300000000000000e+02   1.4019906520843506e-03
   2.2400000000000000e+02   1.2704499531537294e-03
   2.2500000000000000e+02   1.3000308535993099e-03
   2.2600000000000000e+02   1.2554364511743188e-03
   2.2700000000000000e+02   1.1316708987578750e-03
   2.2800000000000000e+02   1.1111198691651225e-03
   2.2900000000000000e+02   1.0120940860360861e-03
   2.3000000000000000e+02   9.8997284658253193e-04
   2.3100000000000000e+02   9.5286668511107564e-04
   2.3200000000000000e+02   8.9214334730058908e-04
   2.3300000000000000e+02   8.4101437823846936e-04
   2.3400000000000000e+02   8.2144269254058599e-04
   2.3500000000000000e+02   7.9744862159714103e-04
   2.3600000000000000e+02   7.8763242345303297e-04
   2.3700000000000000e+02   7.7235681237652898e-04
   2.3800000000000000e+02   7.5485068373382092e-04
   2.3900000000000000e+02   7.7639898518100381e-04
   2.4000000000000000e+02   7.8475638292729855e-04
   2.4100000000000000e+02   8.0360117135569453e-04
   2.4200000000000000e+02   7.9945049947127700e-04
   2.4300000000000000e+02   7.9907366307452321e-04
   2.4400000000000000e+02   8.1256747944280505e-04
   2.4500000000000000e+02   8.2693062722682953e-04
   2.4600000000000000e+02   8.7560235988348722e-04
   2.4700000000000000e+02   8.7670196080580354e-04
   2.4800000000000000e+02   8.9515489526093006e-04
   2.4900000000000000e+02   9.0101658133789897e-04
   2.5000000000000000e+02   8.8978040730580688e-04
   2.5100000000000000e+02   8.8418077211827040e-04
   2.5200000000000000e+02   8.9305295841768384e-04
   2.5300000000000000e+02   9.2609808780252934e-04
   2.5400000000000000e+02   9.0808648383244872e-04
   2.5500000000000000e+02   8.6200574878603220e-04
   2.5600000000000000e+02   8.4833987057209015e-04
   2.5700000000000000e+02   8.8622164912521839e-04
   2.5800000000000000e+02   8.7259872816503048e-04
   2.5900000000000000e+02   8.6747959721833467e-04
   2.6000000000000000e+02   8.7846600217744708e-04
   2.6100000000000000e+02   8.9080038014799356e-04
   2.6200000000000000e+02   8.9733384083956480e-04
   2.6300000000000000e+02   9.1330969007685781e-04
   2.6400000000000000e+02   9.4214564887806773e-04
   2.6500000000000000e+02   9.6867396496236324e-04
   2.6600000000000000e+02   1.0371960233896971e-03
   2.6700000000000000e+02   1.0546502890065312e-03
   2.6800000000000000e+02   1.0481384815648198e-03
   2.6900000000000000e+02   1.0793840046972036e-03
   2.7000000000000000e+02   1.1979693081229925e-03
   2.7100000000000000e+02   1.2343466514721513e-03
   2.7200000000000000e+02   1.2386882444843650e-03
   2.7300000000000000e+02   1.2797552626580000e-03
   2.7400000000000000e+02   1.3062192592769861e-03
   2.7500000000000000e+02   1.3139167567715049e-03
   2.7600000000000000e+02   1.2861636932939291e-03
   2.7700000000000000e+02   1.2979126768186688e-03
   2.7800000000000000e+02   1.3757946435362101e-03
   2.7900000000000000e+02   1.4106798917055130e-03
   2.8000000000000000e+02   1.4364679809659719e-03
   2.8100000000000000e+02   1.5393575886264443e-03
   2.8200000000000000e+02   1.5297055942937732e-03
   2.8300000000000000e+02   1.4879294903948903e-03
   2.8400000000000000e+02   1.4627366326749325e-03
   2.8500000000000000e+02   1.3500188942998648e-03
   2.8600000000000000e+02   1.3075551250949502e-03
   2.8700000000000000e+02   1.3001535553485155e-03
   2.8800000000000000e+02   1.2780223041772842e-03
   2.8900000000000000e+02   1.2141336919739842e-03
   2.9000000000000000e+02   1.2059634318575263e-03
   2.9100000000000000e+02   1.1821275111287832e-03
   2.9200000000000000e+02   1.1542920256033540e-03
   2.9300000000000000e+02   1.0655648075044155e-03
   2.9400000000000000e+02   1.0257128160446882e-03
   2.9500000000000000e+02   9.8710379097610712e-04
   2.9600000000000000e+02   7.9234642907977104e-04
   2.9700000000000000e+02   7.7266967855393887e-04
   2.9800000000000000e+02   8.0980418715626001e-04
   2.9900000000000000e+02   7.9337391071021557e-04
   3.0000000000000000e+02   7.9689885023981333e-04
