   1.0000000000000000e+00   9.4414635896100663e-06
   2.0000000000000000e+00   9.3182097771205008e-06
   3.0000000000000000e+00   9.1480369519558735e-06
   4.0000000000000000e+00   8.9341519924346358e-06
   5.0000000000000000e+00   8.7029866335797124e-06
   6.0000000000000000e+00   8.4955154306953773e-06
   7.0000000000000000e+00   8.3358463598415256e-06
   8.0000000000000000e+00   8.2318574641249143e-06
   9.0000000000000000e+00   8.1340431279386394e-06
   1.0000000000000000e+01   8.0036079452838749e-06
   1.1000000000000000e+01   7.7847653301432729e-06
   1.2000000000000000e+01   7.4808585850405507e-06
   1.3000000000000000e+01   7.1341551119985525e-06
   1.4000000000000000e+01   6.8180670496076345e-06
   1.5000000000000000e+01   6.5644803726172540e-06
   1.6000000000000000e+01   6.3631946431996766e-06
   1.7000000000000000e+01   6.1785667639924213e-06
   1.8000000000000000e+01   5.9930048337264452e-06
   1.9000000000000000e+01   5.8057380556419957e-06
   2.0000000000000000e+01   5.6128837968572043e-06
   2.1000000000000000e+01   5.4176962294150144e-06
   2.2000000000000000e+01   5.2444515858951490e-06
   2.3000000000000000e+01   5.1079628065053839e-06
   2.4000000000000000e+01   5.0098783503926825e-06
   2.5000000000000000e+01   4.9458435569249559e-06
   2.6000000000000000e+01   4.8995088945957832e-06
   2.7000000000000000e+01   4.8668503040971700e-06
   2.8000000000000000e+01   4.8408251132059377e-06
   2.9000000000000000e+01   4.8046240408439189e-06
   3.0000000000000000e+01   4.7870216803858057e-06
   3.1000000000000000e+01   4.8392603275715373e-06
   3.2000000000000000e+01   5.0435310186003335e-06
   3.3000000000000000e+01   5.4878728406038135e-06
   3.4000000000000000e+01   6.1793293752998579e-06
   3.5000000000000000e+01   7.0309306465787813e-06
   3.6000000000000000e+01   7.8650764407939278e-06
   3.7000000000000000e+01   8.5879628386464901e-06
   3.8000000000000000e+01   9.1763613454531878e-06
   3.9000000000000000e+01   9.7677166195353493e-06
   4.0000000000000000e+01   1.0502001714485232e-05
   4.1000000000000000e+01   1.1485923096188344e-05
   4.2000000000000000e+01   1.2795372640539426e-05
   4.3000000000000000e+01   1.4435323464567773e-05
   4.4000000000000000e+01   1.6432648408226669e-05
   4.5000000000000000e+01   1.8921495211543515e-05
   4.6000000000000000e+01   2.2075018932810053e-05
   4.7000000000000000e+01   2.5933999495464377e-05
   4.8000000000000000e+01   3.0476876418106258e-05
   4.9000000000000000e+01   3.5734574339585379e-05
   5.0000000000000000e+01   4.1792794945649803e-05
   5.1000000000000000e+01   4.8882600822253153e-05
   5.2000000000000000e+01   5.7171600928995758e-05
   5.3000000000000000e+01   6.6573076765052974e-05
   5.4000000000000000e+01   7.6740085205528885e-05
   5.5000000000000000e+01   8.7192849605344236e-05
   5.6000000000000000e+01   9.7470583568792790e-05
   5.7000000000000000e+01   1.0725178435677662e-04
   5.8000000000000000e+01   1.1644783808151260e-04
   5.9000000000000000e+01   1.2494271504692733e-04
   6.0000000000000000e+01   1.3244934962131083e-04
   6.1000000000000000e+01   1.3861137267667800e-04
   6.2000000000000000e+01   1.4319864567369223e-04
   6.3000000000000000e+01   1.4611055667046458e-04
   6.4000000000000000e+01   1.4742821804247797e-04
   6.5000000000000000e+01   1.4724223001394421e-04
   6.6000000000000000e+01   1.4561069838237017e-04
   6.7000000000000000e+01   1.4261066098697484e-04
   6.8000000000000000e+01   1.3845786452293396e-04
   6.9000000000000000e+01   1.3335947005543858e-04
   7.0000000000000000e+01   1.2759493256453425e-04
   7.1000000000000000e+01   1.2152587441960350e-04
   7.2000000000000000e+01   1.1539706611074507e-04
   7.3000000000000000e+01   1.0927933180937544e-04
   7.4000000000000000e+01   1.0323347669327632e-04
   7.5000000000000000e+01   9.7390831797383726e-05
   7.6000000000000000e+01   9.1974718088749796e-05
   7.7000000000000000e+01   8.7170672486536205e-05
   7.8000000000000000e+01   8.3058461314067245e-05
   7.9000000000000000e+01   7.9512916272506118e-05
   8.0000000000000000e+01   7.6397787779569626e-05
   8.1000000000000000e+01   7.3546376370359212e-05
   8.2000000000000000e+01   7.0746616984251887e-05
   8.3000000000000000e+01   6.7910266807302833e-05
   8.4000000000000000e+01   6.5107400587294251e-05
   8.5000000000000000e+01   6.2446859374176711e-05
   8.6000000000000000e+01   5.9913723816862330e-05
   8.7000000000000000e+01   5.7453205954516307e-05
   8.8000000000000000e+01   5.5027558119036257e-05
   8.9000000000000000e+01   5.2663544920505956e-05
   9.0000000000000000e+01   5.0421149353496730e-05
   9.1000000000000000e+01   4.8330352001357824e-05
   9.2000000000000000e+01   4.6400306018767878e-05
   9.3000000000000000e+01   4.4656077079707757e-05
   9.4000000000000000e+01   4.3094853026559576e-05
   9.5000000000000000e+01   4.1734507249202579e-05
   9.6000000000000000e+01   4.0555831219535321e-05
   9.7000000000000000e+01   3.9536444091936573e-05
   9.8000000000000000e+01   3.8594087527599186e-05
   9.9000000000000000e+01   3.7659192457795143e-05
   1.0000000000000000e+02   3.6691708373837173e-05
   1.0100000000000000e+02   3.5751345421886072e-05
   1.0200000000000000e+02   3.4925840736832470e-05
   1.0300000000000000e+02   3.4293563658138737e-05
   1.0400000000000000e+02   3.3879736292874441e-05
   1.0500000000000000e+02   3.3626227377681062e-05
   1.0600000000000000e+02   3.3434847864555195e-05
   1.0700000000000000e+02   3.3245472877752036e-05
   1.0800000000000000e+02   3.3013620850397274e-05
   1.0900000000000000e+02   3.2756026485003531e-05
   1.1000000000000000e+02   3.2512878533452749e-05
   1.1100000000000000e+02   3.2356561860069633e-05
   1.1200000000000000e+02   3.2347728847526014e-05
   1.1300000000000000e+02   3.2538580853724852e-05
   1.1400000000000000e+02   3.2923951948760077e-05
   1.1500000000000000e+02   3.3485441235825419e-05
   1.1600000000000000e+02   3.4185984986834228e-05
   1.1700000000000000e+02   3.5011849831789732e-05
   1.1800000000000000e+02   3.5964316339232028e-05
   1.1900000000000000e+02   3.7037101719761267e-05
   1.2000000000000000e+02   3.8230638892855495e-05
   1.2100000000000000e+02   3.9565220504300669e-05
   1.2200000000000000e+02   4.1089431761065498e-05
   1.2300000000000000e+02   4.2933028453262523e-05
   1.2400000000000000e+02   4.5284992665983737e-05
   1.2500000000000000e+02   4.8364785470766947e-05
   1.2600000000000000e+02   5.2377141400938854e-05
   1.2700000000000000e+02   5.7592409575590864e-05
   1.2800000000000000e+02   6.4258856582455337e-05
   1.2900000000000000e+02   7.2733128035906702e-05
   1.3000000000000000e+02   8.3351937064435333e-05
   1.3100000000000000e+02   9.6497402410022914e-05
   1.3200000000000000e+02   1.1254323180764914e-04
   1.3300000000000000e+02   1.3182537804823369e-04
   1.3400000000000000e+02   1.5470493235625327e-04
   1.3500000000000000e+02   1.8158119928557426e-04
   1.3600000000000000e+02   2.1317452774383128e-04
   1.3700000000000000e+02   2.5034949067048728e-04
   1.3800000000000000e+02   2.9425596585497260e-04
   1.3900000000000000e+02   3.4619207144714892e-04
   1.4000000000000000e+02   4.0753601933829486e-04
   1.4100000000000000e+02   4.7993831685744226e-04
   1.4200000000000000e+02   5.6426646187901497e-04
   1.4300000000000000e+02   6.6126347519457340e-04
   1.4400000000000000e+02   7.7156466431915760e-04
   1.4500000000000000e+02   8.9579657651484013e-04
   1.4600000000000000e+02   1.0336549021303654e-03
   1.4700000000000000e+02   1.1849857401102781e-03
   1.4800000000000000e+02   1.3498619664460421e-03
   1.4900000000000000e+02   1.5287253772839904e-03
   1.5000000000000000e+02   1.7227254575118423e-03
   1.5100000000000000e+02   1.9327453337609768e-03
   1.5200000000000000e+02   2.1589312236756086e-03
   1.5300000000000000e+02   2.4016904644668102e-03
   1.5400000000000000e+02   2.6612109504640102e-03
   1.5500000000000000e+02   2.9375713784247637e-03
   1.5600000000000000e+02   3.2297398429363966e-03
   1.5700000000000000e+02   3.5374616272747517e-03
   1.5800000000000000e+02   3.8597749080508947e-03
   1.5900000000000000e+02   4.1953595355153084e-03
   1.6000000000000000e+02   4.5426911674439907e-03
   1.6100000000000000e+02   4.9012042582035065e-03
   1.6200000000000000e+02   5.2711996249854565e-03
   1.6300000000000000e+02   5.6551173329353333e-03
   1.6400000000000000e+02   6.0542155988514423e-03
   1.6500000000000000e+02   6.4690820872783661e-03
   1.6600000000000000e+02   6.8989372812211514e-03
   1.6700000000000000e+02   7.3437439277768135e-03
   1.6800000000000000e+02   7.8030126169323921e-03
   1.6900000000000000e+02   8.2772402092814445e-03
   1.7000000000000000e+02   8.7683591991662979e-03
   1.7100000000000000e+02   9.2773307114839554e-03
   1.7200000000000000e+02   9.8040923476219177e-03
   1.7300000000000000e+02   1.0348860174417496e-02
   1.7400000000000000e+02   1.0911040939390659e-02
   1.7500000000000000e+02   1.1493105441331863e-02
   1.7600000000000000e+02   1.2096771970391273e-02
   1.7700000000000000e+02   1.2725577689707279e-02
   1.7800000000000000e+02   1.3381212018430233e-02
   1.7900000000000000e+02   1.4068179763853550e-02
   1.8000000000000000e+02   1.4790168963372707e-02
   1.8100000000000000e+02   1.5548810362815857e-02
   1.8200000000000000e+02   1.6346018761396408e-02
   1.8300000000000000e+02   1.7182437703013420e-02
   1.8400000000000000e+02   1.8057104200124741e-02
   1.8500000000000000e+02   1.8967380747199059e-02
   1.8600000000000000e+02   1.9910154864192009e-02
   1.8700000000000000e+02   2.0886426791548729e-02
   1.8800000000000000e+02   2.1894372999668121e-02
   1.8900000000000000e+02   2.2934341803193092e-02
   1.9000000000000000e+02   2.4003453552722931e-02
   1.9100000000000000e+02   2.5102758780121803e-02
   1.9200000000000000e+02   2.6230016723275185e-02
   1.9300000000000000e+02   2.7380237355828285e-02
   1.9400000000000000e+02   2.8546217828989029e-02
   1.9500000000000000e+02   2.9721878468990326e-02
   1.9600000000000000e+02   3.0904052779078484e-02
   1.9700000000000000e+02   3.2090280205011368e-02
   1.9800000000000000e+02   3.3276855945587158e-02
   1.9900000000000000e+02   3.4461729228496552e-02
   2.0000000000000000e+02   3.5640202462673187e-02
   2.0100000000000000e+02   3.6811131983995438e-02
   2.0200000000000000e+02   3.7968315184116364e-02
   2.0300000000000000e+02   3.9107862859964371e-02
   2.0400000000000000e+02   4.0226239711046219e-02
   2.0500000000000000e+02   4.1320536285638809e-02
   2.0600000000000000e+02   4.2390074580907822e-02
   2.0700000000000000e+02   4.3436270207166672e-02
   2.0800000000000000e+02   4.4462624937295914e-02
   2.0900000000000000e+02   4.5474052429199219e-02
   2.1000000000000000e+02   4.6473618596792221e-02
   2.1100000000000000e+02   4.7464933246374130e-02
   2.1200000000000000e+02   4.8442538827657700e-02
   2.1300000000000000e+02   4.9401808530092239e-02
   2.1400000000000000e+02   5.0337288528680801e-02
   2.1500000000000000e+02   5.1247466355562210e-02
   2.1600000000000000e+02   5.2137859165668488e-02
   2.1700000000000000e+02   5.3015358746051788e-02
   2.1800000000000000e+02   5.3886290639638901e-02
   2.1900000000000000e+02   5.4755162447690964e-02
   2.2000000000000000e+02   5.5626284331083298e-02
   2.2100000000000000e+02   5.6499905884265900e-02
   2.2200000000000000e+02   5.7373113930225372e-02
   2.2300000000000000e+02   5.8240573853254318e-02
   2.2400000000000000e+02   5.9088412672281265e-02
   2.2500000000000000e+02   5.9902682900428772e-02
   2.2600000000000000e+02   6.0669809579849243e-02
   2.2700000000000000e+02   6.1388842761516571e-02
   2.2800000000000000e+02   6.2065504491329193e-02
   2.2900000000000000e+02   6.2705636024475098e-02
   2.3000000000000000e+02   6.3312985002994537e-02
   2.3100000000000000e+02   6.3883997499942780e-02
   2.3200000000000000e+02   6.4416669309139252e-02
   2.3300000000000000e+02   6.4910434186458588e-02
   2.3400000000000000e+02   6.5366640686988831e-02
   2.3500000000000000e+02   6.5789088606834412e-02
   2.3600000000000000e+02   6.6180557012557983e-02
   2.3700000000000000e+02   6.6542975604534149e-02
   2.3800000000000000e+02   6.6873282194137573e-02
   2.3900000000000000e+02   6.7176558077335358e-02
   2.4000000000000000e+02   6.7461341619491577e-02
   2.4100000000000000e+02   6.7736424505710602e-02
   2.4200000000000000e+02   6.8006739020347595e-02
   2.4300000000000000e+02   6.8270348012447357e-02
   2.4400000000000000e+02   6.8520881235599518e-02
   2.4500000000000000e+02   6.8754419684410095e-02
   2.4600000000000000e+02   6.8969979882240295e-02
   2.4700000000000000e+02   6.9172419607639313e-02
   2.4800000000000000e+02   6.9369107484817505e-02
   2.4900000000000000e+02   6.9567471742630005e-02
   2.5000000000000000e+02   6.9764122366905212e-02
   2.5100000000000000e+02   6.9950781762599945e-02
   2.5200000000000000e+02   7.0116274058818817e-02
   2.5300000000000000e+02   7.0256724953651428e-02
   2.5400000000000000e+02   7.0368647575378418e-02
   2.5500000000000000e+02   7.0449821650981903e-02
   2.5600000000000000e+02   7.0498265326023102e-02
   2.5700000000000000e+02   7.0512682199478149e-02
   2.5800000000000000e+02   7.0495516061782837e-02
   2.5900000000000000e+02   7.0457175374031067e-02
   2.6000000000000000e+02   7.0406042039394379e-02
   2.6100000000000000e+02   7.0347815752029419e-02
   2.6200000000000000e+02   7.0277467370033264e-02
   2.6300000000000000e+02   7.0185542106628418e-02
   2.6400000000000000e+02   7.0058926939964294e-02
   2.6500000000000000e+02   6.9899901747703552e-02
   2.6600000000000000e+02   6.9717437028884888e-02
   2.6700000000000000e+02   6.9525502622127533e-02
   2.6800000000000000e+02   6.9333299994468689e-02
   2.6900000000000000e+02   6.9143883883953094e-02
   2.7000000000000000e+02   6.8948663771152496e-02
   2.7100000000000000e+02   6.8741537630558014e-02
   2.7200000000000000e+02   6.8520084023475647e-02
   2.7300000000000000e+02   6.8288840353488922e-02
   2.7400000000000000e+02   6.8055063486099243e-02
   2.7500000000000000e+02   6.7825600504875183e-02
   2.7600000000000000e+02   6.7600570619106293e-02
   2.7700000000000000e+02   6.7379817366600037e-02
   2.7800000000000000e+02   6.7162409424781799e-02
   2.7900000000000000e+02   6.6947728395462036e-02
   2.8000000000000000e+02   6.6723860800266266e-02
   2.8100000000000000e+02   6.6481828689575195e-02
   2.8200000000000000e+02   6.6213808953762054e-02
   2.8300000000000000e+02   6.5926246345043182e-02
   2.8400000000000000e+02   6.5631560981273651e-02
   2.8500000000000000e+02   6.5349332988262177e-02
   2.8600000000000000e+02   6.5098352730274200e-02
   2.8700000000000000e+02   6.4884997904300690e-02
   2.8800000000000000e+02   6.4703576266765594e-02
   2.8900000000000000e+02   6.4537987112998962e-02
   2.9000000000000000e+02   6.4372964203357697e-02
   2.9100000000000000e+02   6.4202532172203064e-02
   2.9200000000000000e+02   6.4027689397335052e-02
   2.9300000000000000e+02   6.3856691122055054e-02
   2.9400000000000000e+02   6.3698329031467438e-02
   2.9500000000000000e+02   6.3566453754901886e-02
   2.9600000000000000e+02   6.3467912375926971e-02
   2.9700000000000000e+02   6.3400425016880035e-02
   2.9800000000000000e+02   6.3358455896377563e-02
   2.9900000000000000e+02   6.3334569334983826e-02
   3.0000000000000000e+02   6.3322186470031738e-02
