   1.0000000000000000e+00   4.5989034697413445e-04
   2.0000000000000000e+00   1.1205933988094330e-02
   3.0000000000000000e+00   1.0117734968662262e-01
   4.0000000000000000e+00   1.7521302402019501e-01
   5.0000000000000000e+00   2.4497558176517487e-01
   6.0000000000000000e+00   3.0401328206062317e-01
   7.0000000000000000e+00   3.5379156470298767e-01
   8.0000000000000000e+00   3.9779329299926758e-01
   9.0000000000000000e+00   4.6538031101226807e-01
   1.0000000000000000e+01   5.3296107053756714e-01
   1.1000000000000000e+01   6.0033875703811646e-01
   1.2000000000000000e+01   6.6754996776580811e-01
   1.3000000000000000e+01   7.3504859209060669e-01
   1.4000000000000000e+01   8.0255973339080811e-01
   1.5000000000000000e+01   8.6994057893753052e-01
   1.6000000000000000e+01   8.9415061473846436e-01
   1.7000000000000000e+01   8.9835131168365479e-01
   1.8000000000000000e+01   8.3764338493347168e-01
   1.9000000000000000e+01   7.7661055326461792e-01
   2.0000000000000000e+01   7.0918297767639160e-01
   2.1000000000000000e+01   6.4168703556060791e-01
   2.2000000000000000e+01   5.7495981454849243e-01
   2.3000000000000000e+01   5.0737208127975464e-01
   2.4000000000000000e+01   4.3976947665214539e-01
   2.5000000000000000e+01   3.7223657965660095e-01
   2.6000000000000000e+01   3.0480799078941345e-01
   2.7000000000000000e+01   2.3756051063537598e-01
   2.8000000000000000e+01   1.7003217339515686e-01
   2.9000000000000000e+01   1.0250068455934525e-01
   3.0000000000000000e+01   3.5091545432806015e-02
   3.1000000000000000e+01   1.0841937735676765e-02
   3.2000000000000000e+01   1.7828568525146693e-04
   3.3000000000000000e+01   1.5825124864932150e-04
   3.4000000000000000e+01   1.5303261170629412e-04
   3.5000000000000000e+01   8.9737586677074432e-05
   3.6000000000000000e+01   8.7977707153186202e-05
   3.7000000000000000e+01   8.7895299657247961e-05
   3.8000000000000000e+01   8.7817701569292694e-05
   3.9000000000000000e+01   8.7645697931293398e-05
   4.0000000000000000e+01   1.6899099136935547e-05
   4.1000000000000000e+01   1.7041889805113897e-05
   4.2000000000000000e+01   1.7508324162918143e-05
   4.3000000000000000e+01   1.7628482964937575e-05
   4.4000000000000000e+01   1.7611691873753443e-05
   4.5000000000000000e+01   1.7437147107557394e-05
   4.6000000000000000e+01   1.6148478607647121e-05
   4.7000000000000000e+01   8.4155175272826455e-07
   4.8000000000000000e+01   7.9952872056310298e-07
   4.9000000000000000e+01   7.9873007052810863e-07
   5.0000000000000000e+01   7.9860348023430561e-07
   5.1000000000000000e+01   7.9670337527204538e-07
   5.2000000000000000e+01   7.9564142652088776e-07
   5.3000000000000000e+01   7.9437398881054833e-07
   5.4000000000000000e+01   7.9201771541193011e-07
   5.5000000000000000e+01   7.7865348657724098e-07
   5.6000000000000000e+01   6.3355929569297587e-07
   5.7000000000000000e+01   1.6971530669707136e-07
   5.8000000000000000e+01   4.5419913163868841e-08
   5.9000000000000000e+01   4.7146205162107435e-08
   6.0000000000000000e+01   2.6362107519162237e-07
   6.1000000000000000e+01   5.7227385696023703e-05
   6.2000000000000000e+01   2.4459633277729154e-04
   6.3000000000000000e+01   2.8976754401810467e-04
   6.4000000000000000e+01   3.5250870860181749e-04
   6.5000000000000000e+01   4.5204421621747315e-04
   6.6000000000000000e+01   5.5793131468817592e-04
   6.7000000000000000e+01   6.5801478922367096e-04
   6.8000000000000000e+01   7.4741983553394675e-04
   6.9000000000000000e+01   8.1016606418415904e-04
   7.0000000000000000e+01   8.5439451504498720e-04
   7.1000000000000000e+01   8.6463388288393617e-04
   7.2000000000000000e+01   8.7152526248246431e-04
   7.3000000000000000e+01   8.7793834973126650e-04
   7.4000000000000000e+01   8.8137754937633872e-04
   7.5000000000000000e+01   8.9030980598181486e-04
   7.6000000000000000e+01   8.4454379975795746e-04
   7.7000000000000000e+01   6.9339404581114650e-04
   7.8000000000000000e+01   7.1465678047388792e-04
   7.9000000000000000e+01   7.0232263533398509e-04
   8.0000000000000000e+01   6.7905115429311991e-04
   8.1000000000000000e+01   7.0495071122422814e-04
   8.2000000000000000e+01   6.6820177016779780e-04
   8.3000000000000000e+01   6.9550541229546070e-04
   8.4000000000000000e+01   6.9528107997030020e-04
   8.5000000000000000e+01   7.5485295383259654e-04
   8.6000000000000000e+01   8.7237200932577252e-04
   8.7000000000000000e+01   1.0456815361976624e-03
   8.8000000000000000e+01   1.0648629395291209e-03
   8.9000000000000000e+01   1.1623058235272765e-03
   9.0000000000000000e+01   1.2222186196595430e-03
   9.1000000000000000e+01   1.2333244085311890e-03
   9.2000000000000000e+01   1.2445603497326374e-03
   9.3000000000000000e+01   1.2072582030668855e-03
   9.4000000000000000e+01   1.1915073264390230e-03
   9.5000000000000000e+01   1.1476100189611316e-03
   9.6000000000000000e+01   1.0451589478179812e-03
   9.7000000000000000e+01   1.0053764563053846e-03
   9.8000000000000000e+01   9.1249786783009768e-04
   9.9000000000000000e+01   8.7005557725206017e-04
   1.0000000000000000e+02   7.9085899051278830e-04
   1.0100000000000000e+02   7.5981795089319348e-04
   1.0200000000000000e+02   6.2248390167951584e-04
   1.0300000000000000e+02   6.3189124921336770e-04
   1.0400000000000000e+02   5.7218415895476937e-04
   1.0500000000000000e+02   5.3121254313737154e-04
   1.0600000000000000e+02   5.2805192535743117e-04
   1.0700000000000000e+02   4.9557659076526761e-04
   1.0800000000000000e+02   4.8648598021827638e-04
   1.0900000000000000e+02   4.6996079618111253e-04
   1.1000000000000000e+02   4.5599814620800316e-04
   1.1100000000000000e+02   4.4796380097977817e-04
   1.1200000000000000e+02   4.5492505887523293e-04
   1.1300000000000000e+02   4.5943967415951192e-04
   1.1400000000000000e+02   4.7358640586026013e-04
   1.1500000000000000e+02   4.9571256386116147e-04
   1.1600000000000000e+02   4.2956354445777833e-04
   1.1700000000000000e+02   4.1867143590934575e-04
   1.1800000000000000e+02   4.0736744995228946e-04
   1.1900000000000000e+02   3.8840578054077923e-04
   1.2000000000000000e+02   3.8914341712370515e-04
   1.2100000000000000e+02   3.8845688686706126e-04
   1.2200000000000000e+02   4.0615999023430049e-04
   1.2300000000000000e+02   4.2309134732931852e-04
   1.2400000000000000e+02   4.3659831862896681e-04
   1.2500000000000000e+02   4.7904218081384897e-04
   1.2600000000000000e+02   5.1497656386345625e-04
   1.2700000000000000e+02   5.4320663912221789e-04
   1.2800000000000000e+02   5.6057079927995801e-04
   1.2900000000000000e+02   5.5998854804784060e-04
   1.3000000000000000e+02   5.5192917352542281e-04
   1.3100000000000000e+02   5.4376729531213641e-04
   1.3200000000000000e+02   5.3979101357981563e-04
   1.3300000000000000e+02   5.6741002481430769e-04
   1.3400000000000000e+02   5.7971477508544922e-04
   1.3500000000000000e+02   5.8945070486515760e-04
   1.3600000000000000e+02   5.9360236627981067e-04
   1.3700000000000000e+02   5.7994772214442492e-04
   1.3800000000000000e+02   5.6183914421126246e-04
   1.3900000000000000e+02   5.5210606660693884e-04
   1.4000000000000000e+02   5.1179341971874237e-04
   1.4100000000000000e+02   4.5856088399887085e-04
   1.4200000000000000e+02   4.0485101635567844e-04
   1.4300000000000000e+02   3.6236859159544110e-04
   1.4400000000000000e+02   3.3059300039894879e-04
   1.4500000000000000e+02   2.9714725678786635e-04
   1.4600000000000000e+02   2.8930665575899184e-04
   1.4700000000000000e+02   2.6354996953159571e-04
   1.4800000000000000e+02   2.1343125263229012e-04
   1.4900000000000000e+02   1.7922271217685193e-04
   1.5000000000000000e+02   1.4117537648417056e-04
   1.5100000000000000e+02   1.1884311970788985e-04
   1.5200000000000000e+02   9.9919758213218302e-05
   1.5300000000000000e+02   8.1129299360327423e-05
   1.5400000000000000e+02   5.9326692280592397e-05
   1.5500000000000000e+02   3.8889069401193410e-05
   1.5600000000000000e+02   3.4911125112557784e-05
   1.5700000000000000e+02   2.9921648092567921e-05
   1.5800000000000000e+02   2.6711697501013987e-05
   1.5900000000000000e+02   2.4923490855144337e-05
   1.6000000000000000e+02   1.9738050468731672e-05
   1.6100000000000000e+02   5.1888864618376829e-06
   1.6200000000000000e+02   2.9667694434465375e-06
   1.6300000000000000e+02   1.7945383206097176e-06
   1.6400000000000000e+02   1.5118761211851961e-06
   1.6500000000000000e+02   1.0169713959840010e-06
   1.6600000000000000e+02   7.6922964353798307e-07
   1.6700000000000000e+02   7.1417997560274671e-07
   1.6800000000000000e+02   6.6433682377464720e-07
   1.6900000000000000e+02   6.0376237343007233e-07
   1.7000000000000000e+02   6.5856733044711291e-07
   1.7100000000000000e+02   8.7390628777939128e-07
   1.7200000000000000e+02   9.1730072426798870e-07
   1.7300000000000000e+02   1.0679378874556278e-06
   1.7400000000000000e+02   1.3563942502514692e-06
   1.7500000000000000e+02   1.7577323205841822e-06
   1.7600000000000000e+02   3.2159832699107938e-06
   1.7700000000000000e+02   4.7167882257781457e-06
   1.7800000000000000e+02   5.9207027334196027e-06
   1.7900000000000000e+02   7.6432706919149496e-06
   1.8000000000000000e+02   9.5716113719390705e-06
   1.8100000000000000e+02   1.7071333786589094e-05
   1.8200000000000000e+02   2.3829557903809473e-05
   1.8300000000000000e+02   3.0085762773524038e-05
   1.8400000000000000e+02   3.3797794458223507e-05
   1.8500000000000000e+02   5.2902360039297491e-05
   1.8600000000000000e+02   6.5923704823944718e-05
   1.8700000000000000e+02   7.4804433097597212e-05
   1.8800000000000000e+02   1.0622279660310596e-04
   1.8900000000000000e+02   1.1981373972957954e-04
   1.9000000000000000e+02   1.2831907952204347e-04
   1.9100000000000000e+02   1.6894227883312851e-04
   1.9200000000000000e+02   1.8517879652790725e-04
   1.9300000000000000e+02   1.9900874758604914e-04
   1.9400000000000000e+02   2.2656905639450997e-04
   1.9500000000000000e+02   2.4178536841645837e-04
   1.9600000000000000e+02   2.8122475487180054e-04
   1.9700000000000000e+02   2.9527259175665677e-04
   1.9800000000000000e+02   3.0491984216496348e-04
   1.9900000000000000e+02   3.4109700936824083e-04
   2.0000000000000000e+02   3.5802420461550355e-04
   2.0100000000000000e+02   3.6987377097830176e-04
   2.0200000000000000e+02   3.8193125510588288e-04
   2.0300000000000000e+02   3.9780279621481895e-04
   2.0400000000000000e+02   4.1302127647213638e-04
   2.0500000000000000e+02   4.1638620314188302e-04
   2.0600000000000000e+02   4.1801368934102356e-04
   2.0700000000000000e+02   4.9355666851624846e-04
   2.0800000000000000e+02   5.3986656712368131e-04
   2.0900000000000000e+02   6.3636928098276258e-04
   2.1000000000000000e+02   7.2773447027429938e-04
   2.1100000000000000e+02   7.7824696199968457e-04
   2.1200000000000000e+02   9.0358982561156154e-04
   2.1300000000000000e+02   9.9965150002390146e-04
   2.1400000000000000e+02   1.0934061137959361e-03
   2.1500000000000000e+02   1.1645773192867637e-03
   2.1600000000000000e+02   1.2649758718907833e-03
   2.1700000000000000e+02   1.4113470679149032e-03
   2.1800000000000000e+02   1.5327457804232836e-03
   2.1900000000000000e+02   1.6010197577998042e-03
   2.2000000000000000e+02   1.8022008007392287e-03
   2.2100000000000000e+02   1.8985148053616285e-03
   2.2200000000000000e+02   1.9345961045473814e-03
   2.2300000000000000e+02   2.0176419056952000e-03
   2.2400000000000000e+02   2.0387487020343542e-03
   2.2500000000000000e+02   2.0528151653707027e-03
   2.2600000000000000e+02   2.1034074015915394e-03
   2.2700000000000000e+02   2.0996427629143000e-03
   2.2800000000000000e+02   2.0582077559083700e-03
   2.2900000000000000e+02   2.0445624832063913e-03
   2.3000000000000000e+02   1.9954878371208906e-03
   2.3100000000000000e+02   1.9261365523561835e-03
   2.3200000000000000e+02   1.8895447719842196e-03
   2.3300000000000000e+02   1.8500348087400198e-03
   2.3400000000000000e+02   1.8203683430328965e-03
   2.3500000000000000e+02   1.7177021363750100e-03
   2.3600000000000000e+02   1.6550855943933129e-03
   2.3700000000000000e+02   1.6146642155945301e-03
   2.3800000000000000e+02   1.5340215759351850e-03
   2.3900000000000000e+02   1.4863420510664582e-03
   2.4000000000000000e+02   1.4486535219475627e-03
   2.4100000000000000e+02   1.3877474702894688e-03
   2.4200000000000000e+02   1.3615824282169342e-03
   2.4300000000000000e+02   1.3628224842250347e-03
   2.4400000000000000e+02   1.3133697211742401e-03
   2.4500000000000000e+02   1.3378172880038619e-03
   2.4600000000000000e+02   1.3589763548225164e-03
   2.4700000000000000e+02   1.2975637800991535e-03
   2.4800000000000000e+02   1.2507372302934527e-03
   2.4900000000000000e+02   1.2406102614477277e-03
   2.5000000000000000e+02   1.1894707567989826e-03
   2.5100000000000000e+02   1.1948520550504327e-03
   2.5200000000000000e+02   1.1895728530362248e-03
   2.5300000000000000e+02   1.2117826845496893e-03
   2.5400000000000000e+02   1.2132606934756041e-03
   2.5500000000000000e+02   1.2005094904452562e-03
   2.5600000000000000e+02   1.2096459977328777e-03
   2.5700000000000000e+02   1.2294189073145390e-03
   2.5800000000000000e+02   1.3225669972598553e-03
   2.5900000000000000e+02   1.3829655945301056e-03
   2.6000000000000000e+02   1.3828913215547800e-03
   2.6100000000000000e+02   1.4814356109127402e-03
   2.6200000000000000e+02   1.5230801654979587e-03
   2.6300000000000000e+02   1.6008167294785380e-03
   2.6400000000000000e+02   1.6907169483602047e-03
   2.6500000000000000e+02   1.7900217790156603e-03
   2.6600000000000000e+02   1.8798335222527385e-03
   2.6700000000000000e+02   1.9485608208924532e-03
   2.6800000000000000e+02   2.0465792622417212e-03
   2.6900000000000000e+02   2.0394225139170885e-03
   2.7000000000000000e+02   2.1279840730130672e-03
   2.7100000000000000e+02   2.1716589108109474e-03
   2.7200000000000000e+02   2.1908667404204607e-03
   2.7300000000000000e+02   2.1600574254989624e-03
   2.7400000000000000e+02   2.1421529818326235e-03
   2.7500000000000000e+02   2.2067655809223652e-03
   2.7600000000000000e+02   2.0926338620483875e-03
   2.7700000000000000e+02   2.1075354889035225e-03
   2.7800000000000000e+02   2.0331011619418859e-03
   2.7900000000000000e+02   1.9550954457372427e-03
   2.8000000000000000e+02   1.8687362316995859e-03
   2.8100000000000000e+02   1.7894642660394311e-03
   2.8200000000000000e+02   1.6848339000716805e-03
   2.8300000000000000e+02   1.5539980959147215e-03
   2.8400000000000000e+02   1.5006458852440119e-03
   2.8500000000000000e+02   1.3783873291686177e-03
   2.8600000000000000e+02   1.3000795152038336e-03
   2.8700000000000000e+02   1.2055404949933290e-03
   2.8800000000000000e+02   1.1332475114613771e-03
   2.8900000000000000e+02   1.0625777067616582e-03
   2.9000000000000000e+02   9.6975680207833648e-04
   2.9100000000000000e+02   9.3558151274919510e-04
   2.9200000000000000e+02   8.3406415069475770e-04
   2.9300000000000000e+02   7.7464006608352065e-04
   2.9400000000000000e+02   7.5545028084889054e-04
   2.9500000000000000e+02   7.2975549846887589e-04
   2.9600000000000000e+02   6.7388761090114713e-04
   2.9700000000000000e+02   6.6999223781749606e-04
   2.9800000000000000e+02   6.5722607541829348e-04
   2.9900000000000000e+02   6.6318706376478076e-04
   3.0000000000000000e+02   6.7397108068689704e-04
