   1.0000000000000000e+00   3.3174199052155018e-03
   2.0000000000000000e+00   3.1625793781131506e-03
   3.0000000000000000e+00   2.9933662153780460e-03
   4.0000000000000000e+00   2.8638287913054228e-03
   5.0000000000000000e+00   2.8039880562573671e-03
   6.0000000000000000e+00   2.7262282092124224e-03
   7.0000000000000000e+00   2.6400473434478045e-03
   8.0000000000000000e+00   2.5621508248150349e-03
   9.0000000000000000e+00   2.3615288082510233e-03
   1.0000000000000000e+01   2.1387508604675531e-03
   1.1000000000000000e+01   1.9716504029929638e-03
   1.2000000000000000e+01   1.8749349983409047e-03
   1.3000000000000000e+01   1.7767705721780658e-03
   1.4000000000000000e+01   1.6854687128216028e-03
   1.5000000000000000e+01   1.5918052522465587e-03
   1.6000000000000000e+01   1.5472178347408772e-03
   1.7000000000000000e+01   1.4985229354351759e-03
   1.8000000000000000e+01   1.4935438521206379e-03
   1.9000000000000000e+01   1.4828493585810065e-03
   2.0000000000000000e+01   1.4395457692444324e-03
   2.1000000000000000e+01   1.3940291246399283e-03
   2.2000000000000000e+01   1.3855054276064038e-03
   2.3000000000000000e+01   1.3797701103612781e-03
   2.4000000000000000e+01   1.3278871774673462e-03
   2.5000000000000000e+01   1.3039152836427093e-03
   2.6000000000000000e+01   1.2935115955770016e-03
   2.7000000000000000e+01   1.2871404178440571e-03
   2.8000000000000000e+01   1.2373267672955990e-03
   2.9000000000000000e+01   1.2405647430568933e-03
   3.0000000000000000e+01   1.2417878024280071e-03
   3.1000000000000000e+01   1.2360864784568548e-03
   3.2000000000000000e+01   1.2368855532258749e-03
   3.3000000000000000e+01   1.2275617336854339e-03
   3.4000000000000000e+01   1.1960484553128481e-03
   3.5000000000000000e+01   1.1682343902066350e-03
   3.6000000000000000e+01   1.1706829536706209e-03
   3.7000000000000000e+01   1.1779982596635818e-03
   3.8000000000000000e+01   1.1786496033892035e-03
   3.9000000000000000e+01   1.2194552691653371e-03
   4.0000000000000000e+01   1.2530495878309011e-03
   4.1000000000000000e+01   1.3156681088730693e-03
   4.2000000000000000e+01   1.3367773499339819e-03
   4.3000000000000000e+01   1.4245182974264026e-03
   4.4000000000000000e+01   1.4964806614443660e-03
   4.5000000000000000e+01   1.6541447257623076e-03
   4.6000000000000000e+01   1.8550172680988908e-03
   4.7000000000000000e+01   2.0660837180912495e-03
   4.8000000000000000e+01   2.3604040034115314e-03
   4.9000000000000000e+01   2.7724257670342922e-03
   5.0000000000000000e+01   3.2324392814189196e-03
   5.1000000000000000e+01   3.7496769800782204e-03
   5.2000000000000000e+01   4.4340244494378567e-03
   5.3000000000000000e+01   5.2430550567805767e-03
   5.4000000000000000e+01   6.2194545753300190e-03
   5.5000000000000000e+01   7.2143869474530220e-03
   5.6000000000000000e+01   8.4778126329183578e-03
   5.7000000000000000e+01   1.0115147568285465e-02
   5.8000000000000000e+01   1.1912015266716480e-02
   5.9000000000000000e+01   1.3822495937347412e-02
   6.0000000000000000e+01   1.5967126935720444e-02
   6.1000000000000000e+01   1.8500678241252899e-02
   6.2000000000000000e+01   2.0920936018228531e-02
   6.3000000000000000e+01   2.3622164502739906e-02
   6.4000000000000000e+01   2.6590092107653618e-02
   6.5000000000000000e+01   2.9511410742998123e-02
   6.6000000000000000e+01   3.2923057675361633e-02
   6.7000000000000000e+01   3.6339115351438522e-02
   6.8000000000000000e+01   3.9831571280956268e-02
   6.9000000000000000e+01   4.3518807739019394e-02
   7.0000000000000000e+01   4.7294642776250839e-02
   7.1000000000000000e+01   5.1260575652122498e-02
   7.2000000000000000e+01   5.5138163268566132e-02
   7.3000000000000000e+01   5.8904398232698441e-02
   7.4000000000000000e+01   6.2843285501003265e-02
   7.5000000000000000e+01   6.6931813955307007e-02
   7.6000000000000000e+01   7.0374563336372375e-02
   7.7000000000000000e+01   7.4369005858898163e-02
   7.8000000000000000e+01   7.8057132661342621e-02
   7.9000000000000000e+01   8.1271506845951080e-02
   8.0000000000000000e+01   8.4736652672290802e-02
   8.1000000000000000e+01   8.7792493402957916e-02
   8.2000000000000000e+01   9.0551033616065979e-02
   8.3000000000000000e+01   9.3490034341812134e-02
   8.4000000000000000e+01   9.6111558377742767e-02
   8.5000000000000000e+01   9.8494909703731537e-02
   8.6000000000000000e+01   1.0040974617004395e-01
   8.7000000000000000e+01   1.0220757126808167e-01
   8.8000000000000000e+01   1.0374967008829117e-01
   8.9000000000000000e+01   1.0513757169246674e-01
   9.0000000000000000e+01   1.0600206255912781e-01
   9.1000000000000000e+01   1.0712508857250214e-01
   9.2000000000000000e+01   1.0775570571422577e-01
   9.3000000000000000e+01   1.0846471041440964e-01
   9.4000000000000000e+01   1.0901854932308197e-01
   9.5000000000000000e+01   1.0930906981229782e-01
   9.6000000000000000e+01   1.0929483920335770e-01
   9.7000000000000000e+01   1.0949887335300446e-01
   9.8000000000000000e+01   1.0947344452142715e-01
   9.9000000000000000e+01   1.0927479714155197e-01
   1.0000000000000000e+02   1.0916082561016083e-01
   1.0100000000000000e+02   1.0884330421686172e-01
   1.0200000000000000e+02   1.0835658013820648e-01
   1.0300000000000000e+02   1.0765807330608368e-01
   1.0400000000000000e+02   1.0690187662839890e-01
   1.0500000000000000e+02   1.0643897205591202e-01
   1.0600000000000000e+02   1.0550478100776672e-01
   1.0700000000000000e+02   1.0442232340574265e-01
   1.0800000000000000e+02   1.0323973000049591e-01
   1.0900000000000000e+02   1.0208359360694885e-01
   1.1000000000000000e+02   1.0085000842809677e-01
   1.1100000000000000e+02   9.9608682096004486e-02
   1.1200000000000000e+02   9.8250992596149445e-02
   1.1300000000000000e+02   9.6692681312561035e-02
   1.1400000000000000e+02   9.5002666115760803e-02
   1.1500000000000000e+02   9.3264199793338776e-02
   1.1600000000000000e+02   9.1666631400585175e-02
   1.1700000000000000e+02   9.0104028582572937e-02
   1.1800000000000000e+02   8.8475003838539124e-02
   1.1900000000000000e+02   8.6945801973342896e-02
   1.2000000000000000e+02   8.4947742521762848e-02
   1.2100000000000000e+02   8.3287999033927917e-02
   1.2200000000000000e+02   8.1992283463478088e-02
   1.2300000000000000e+02   8.0583453178405762e-02
   1.2400000000000000e+02   7.9147137701511383e-02
   1.2500000000000000e+02   7.7580206096172333e-02
   1.2600000000000000e+02   7.5996622443199158e-02
   1.2700000000000000e+02   7.4176505208015442e-02
   1.2800000000000000e+02   7.2788678109645844e-02
   1.2900000000000000e+02   7.1371838450431824e-02
   1.3000000000000000e+02   6.9969400763511658e-02
   1.3100000000000000e+02   6.8559452891349792e-02
   1.3200000000000000e+02   6.7052245140075684e-02
   1.3300000000000000e+02   6.5834924578666687e-02
   1.3400000000000000e+02   6.4241662621498108e-02
   1.3500000000000000e+02   6.2823727726936340e-02
   1.3600000000000000e+02   6.1576247215270996e-02
   1.3700000000000000e+02   6.0222867876291275e-02
   1.3800000000000000e+02   5.8680888265371323e-02
   1.3900000000000000e+02   5.7464670389890671e-02
   1.4000000000000000e+02   5.6203525513410568e-02
   1.4100000000000000e+02   5.5236618965864182e-02
   1.4200000000000000e+02   5.4465446621179581e-02
   1.4300000000000000e+02   5.3033575415611267e-02
   1.4400000000000000e+02   5.1939409226179123e-02
   1.4500000000000000e+02   5.0813436508178711e-02
   1.4600000000000000e+02   4.9561634659767151e-02
   1.4700000000000000e+02   4.8331629484891891e-02
   1.4800000000000000e+02   4.7336202114820480e-02
   1.4900000000000000e+02   4.6522658318281174e-02
   1.5000000000000000e+02   4.5545220375061035e-02
   1.5100000000000000e+02   4.4652026146650314e-02
   1.5200000000000000e+02   4.3511662632226944e-02
   1.5300000000000000e+02   4.2622581124305725e-02
   1.5400000000000000e+02   4.1792716830968857e-02
   1.5500000000000000e+02   4.0927637368440628e-02
   1.5600000000000000e+02   4.0079250931739807e-02
   1.5700000000000000e+02   3.9076916873455048e-02
   1.5800000000000000e+02   3.8289643824100494e-02
   1.5900000000000000e+02   3.7559524178504944e-02
   1.6000000000000000e+02   3.6747064441442490e-02
   1.6100000000000000e+02   3.6130670458078384e-02
   1.6200000000000000e+02   3.5629227757453918e-02
   1.6300000000000000e+02   3.5033229738473892e-02
   1.6400000000000000e+02   3.4390237182378769e-02
   1.6500000000000000e+02   3.3851582556962967e-02
   1.6600000000000000e+02   3.3113107085227966e-02
   1.6700000000000000e+02   3.2547492533922195e-02
   1.6800000000000000e+02   3.1784143298864365e-02
   1.6900000000000000e+02   3.1180031597614288e-02
   1.7000000000000000e+02   3.0645612627267838e-02
   1.7100000000000000e+02   2.9916031286120415e-02
   1.7200000000000000e+02   2.9263939708471298e-02
   1.7300000000000000e+02   2.8611470013856888e-02
   1.7400000000000000e+02   2.8049414977431297e-02
   1.7500000000000000e+02   2.7576256543397903e-02
   1.7600000000000000e+02   2.7014294639229774e-02
   1.7700000000000000e+02   2.6386473327875137e-02
   1.7800000000000000e+02   2.5903671979904175e-02
   1.7900000000000000e+02   2.5434147566556931e-02
   1.8000000000000000e+02   2.4997534230351448e-02
   1.8100000000000000e+02   2.4563346058130264e-02
   1.8200000000000000e+02   2.4139979854226112e-02
   1.8300000000000000e+02   2.3865791037678719e-02
   1.8400000000000000e+02   2.3236075416207314e-02
   1.8500000000000000e+02   2.2805748507380486e-02
   1.8600000000000000e+02   2.2445645183324814e-02
   1.8700000000000000e+02   2.2221118211746216e-02
   1.8800000000000000e+02   2.1986639127135277e-02
   1.8900000000000000e+02   2.1543966606259346e-02
   1.9000000000000000e+02   2.1130910143256187e-02
   1.9100000000000000e+02   2.0823648199439049e-02
   1.9200000000000000e+02   2.0250350236892700e-02
   1.9300000000000000e+02   1.9730405882000923e-02
   1.9400000000000000e+02   1.9213980063796043e-02
   1.9500000000000000e+02   1.8825437873601913e-02
   1.9600000000000000e+02   1.8414353951811790e-02
   1.9700000000000000e+02   1.8047433346509933e-02
   1.9800000000000000e+02   1.7654843628406525e-02
   1.9900000000000000e+02   1.7295641824603081e-02
   2.0000000000000000e+02   1.6902754083275795e-02
   2.0100000000000000e+02   1.6588056460022926e-02
   2.0200000000000000e+02   1.6099443659186363e-02
   2.0300000000000000e+02   1.5704136341810226e-02
   2.0400000000000000e+02   1.5317921526730061e-02
   2.0500000000000000e+02   1.5077317133545876e-02
   2.0600000000000000e+02   1.4637386426329613e-02
   2.0700000000000000e+02   1.4544422738254070e-02
   2.0800000000000000e+02   1.4256044290959835e-02
   2.0900000000000000e+02   1.3938433490693569e-02
   2.1000000000000000e+02   1.3619031757116318e-02
   2.1100000000000000e+02   1.3274467550218105e-02
   2.1200000000000000e+02   1.2860493734478951e-02
   2.1300000000000000e+02   1.2450849637389183e-02
   2.1400000000000000e+02   1.2164322659373283e-02
   2.1500000000000000e+02   1.1942600831389427e-02
   2.1600000000000000e+02   1.1592819355428219e-02
   2.1700000000000000e+02   1.1396709829568863e-02
   2.1800000000000000e+02   1.1097860522568226e-02
   2.1900000000000000e+02   1.0804837569594383e-02
   2.2000000000000000e+02   1.0448743589222431e-02
   2.2100000000000000e+02   1.0251981206238270e-02
   2.2200000000000000e+02   9.9653303623199463e-03
   2.2300000000000000e+02   9.6979243680834770e-03
   2.2400000000000000e+02   9.3755898997187614e-03
   2.2500000000000000e+02   9.0755764394998550e-03
   2.2600000000000000e+02   8.8922800496220589e-03
   2.2700000000000000e+02   8.6788916960358620e-03
   2.2800000000000000e+02   8.5132159292697906e-03
   2.2900000000000000e+02   8.2823541015386581e-03
   2.3000000000000000e+02   8.0134626477956772e-03
   2.3100000000000000e+02   7.8256884589791298e-03
   2.3200000000000000e+02   7.5713526457548141e-03
   2.3300000000000000e+02   7.4443104676902294e-03
   2.3400000000000000e+02   7.3028872720897198e-03
   2.3500000000000000e+02   7.1076708845794201e-03
   2.3600000000000000e+02   6.9041266106069088e-03
   2.3700000000000000e+02   6.7105707712471485e-03
   2.3800000000000000e+02   6.5069557167589664e-03
   2.3900000000000000e+02   6.4255283214151859e-03
   2.4000000000000000e+02   6.2742461450397968e-03
   2.4100000000000000e+02   6.1218272894620895e-03
   2.4200000000000000e+02   5.9875785373151302e-03
   2.4300000000000000e+02   5.8385608717799187e-03
   2.4400000000000000e+02   5.6727975606918335e-03
   2.4500000000000000e+02   5.5779195390641689e-03
   2.4600000000000000e+02   5.4240371100604534e-03
   2.4700000000000000e+02   5.3434404544532299e-03
   2.4800000000000000e+02   5.1804729737341404e-03
   2.4900000000000000e+02   5.0035025924444199e-03
   2.5000000000000000e+02   4.8809698782861233e-03
   2.5100000000000000e+02   4.7718086279928684e-03
   2.5200000000000000e+02   4.6773576177656651e-03
   2.5300000000000000e+02   4.6104113571345806e-03
   2.5400000000000000e+02   4.4615780934691429e-03
   2.5500000000000000e+02   4.3733250349760056e-03
   2.5600000000000000e+02   4.2312503792345524e-03
   2.5700000000000000e+02   4.1188979521393776e-03
   2.5800000000000000e+02   4.0365452878177166e-03
   2.5900000000000000e+02   3.9450149051845074e-03
   2.6000000000000000e+02   3.8306249771267176e-03
   2.6100000000000000e+02   3.7163370288908482e-03
   2.6200000000000000e+02   3.5867698024958372e-03
   2.6300000000000000e+02   3.5098025109618902e-03
   2.6400000000000000e+02   3.4684245474636555e-03
   2.6500000000000000e+02   3.3910011406987906e-03
   2.6600000000000000e+02   3.3079532440751791e-03
   2.6700000000000000e+02   3.2166761811822653e-03
   2.6800000000000000e+02   3.0962722375988960e-03
   2.6900000000000000e+02   3.0601995531469584e-03
   2.7000000000000000e+02   2.9687243513762951e-03
   2.7100000000000000e+02   2.8734153602272272e-03
   2.7200000000000000e+02   2.7893695514649153e-03
   2.7300000000000000e+02   2.7291958685964346e-03
   2.7400000000000000e+02   2.6620826683938503e-03
   2.7500000000000000e+02   2.5793465320020914e-03
   2.7600000000000000e+02   2.4946532212197781e-03
   2.7700000000000000e+02   2.4293088354170322e-03
   2.7800000000000000e+02   2.3445750121027231e-03
   2.7900000000000000e+02   2.2251175250858068e-03
   2.8000000000000000e+02   2.1560676395893097e-03
   2.8100000000000000e+02   2.0776742603629827e-03
   2.8200000000000000e+02   2.0043479744344950e-03
   2.8300000000000000e+02   1.9294699886813760e-03
   2.8400000000000000e+02   1.8503335304558277e-03
   2.8500000000000000e+02   1.7982884310185909e-03
   2.8600000000000000e+02   1.7424264224246144e-03
   2.8700000000000000e+02   1.6627595759928226e-03
   2.8800000000000000e+02   1.5782911796122789e-03
   2.8900000000000000e+02   1.5245190588757396e-03
   2.9000000000000000e+02   1.4493368798866868e-03
   2.9100000000000000e+02   1.3971201842650771e-03
   2.9200000000000000e+02   1.3510804856196046e-03
   2.9300000000000000e+02   1.2965971836820245e-03
   2.9400000000000000e+02   1.2737634824588895e-03
   2.9500000000000000e+02   1.2339323293417692e-03
   2.9600000000000000e+02   1.2031509540975094e-03
   2.9700000000000000e+02   1.1704001808539033e-03
   2.9800000000000000e+02   1.1482367990538478e-03
   2.9900000000000000e+02   1.1173593811690807e-03
   3.0000000000000000e+02   1.0676544625312090e-03
