   1.0000000000000000e+00   1.4155851677060127e-03
   2.0000000000000000e+00   1.2654522433876991e-03
   3.0000000000000000e+00   1.1389071587473154e-03
   4.0000000000000000e+00   1.0354846017435193e-03
   5.0000000000000000e+00   9.4919448019936681e-04
   6.0000000000000000e+00   8.7617966346442699e-04
   7.0000000000000000e+00   8.1849843263626099e-04
   8.0000000000000000e+00   7.6397432712838054e-04
   9.0000000000000000e+00   6.4309564186260104e-04
   1.0000000000000000e+01   4.7194637591019273e-04
   1.1000000000000000e+01   4.3714113417081535e-04
   1.2000000000000000e+01   3.9814107003621757e-04
   1.3000000000000000e+01   3.3307293779216707e-04
   1.4000000000000000e+01   2.4519284488633275e-04
   1.5000000000000000e+01   1.5063097816891968e-04
   1.6000000000000000e+01   1.4185489271767437e-04
   1.7000000000000000e+01   1.7326777742709965e-04
   1.8000000000000000e+01   6.5999585203826427e-03
   1.9000000000000000e+01   1.7592996358871460e-02
   2.0000000000000000e+01   3.2963346689939499e-02
   2.1000000000000000e+01   5.2176769822835922e-02
   2.2000000000000000e+01   7.3718242347240448e-02
   2.3000000000000000e+01   9.4010271131992340e-02
   2.4000000000000000e+01   1.1320771276950836e-01
   2.5000000000000000e+01   1.3441044092178345e-01
   2.6000000000000000e+01   1.6118809580802917e-01
   2.7000000000000000e+01   1.9850182533264160e-01
   2.8000000000000000e+01   2.4257186055183411e-01
   2.9000000000000000e+01   2.9551979899406433e-01
   3.0000000000000000e+01   3.5325911641120911e-01
   3.1000000000000000e+01   4.1006702184677124e-01
   3.2000000000000000e+01   4.6136191487312317e-01
   3.3000000000000000e+01   5.0054192543029785e-01
   3.4000000000000000e+01   5.2870213985443115e-01
   3.5000000000000000e+01   5.5130565166473389e-01
   3.6000000000000000e+01   5.6890863180160522e-01
   3.7000000000000000e+01   5.8446955680847168e-01
   3.8000000000000000e+01   6.0041177272796631e-01
   3.9000000000000000e+01   6.1558955907821655e-01
   4.0000000000000000e+01   6.2211853265762329e-01
   4.1000000000000000e+01   6.1586201190948486e-01
   4.2000000000000000e+01   5.9590435028076172e-01
   4.3000000000000000e+01   5.6337457895278931e-01
   4.4000000000000000e+01   5.1536965370178223e-01
   4.5000000000000000e+01   4.5950368046760559e-01
   4.6000000000000000e+01   4.0338373184204102e-01
   4.7000000000000000e+01   3.5255345702171326e-01
   4.8000000000000000e+01   3.0732557177543640e-01
   4.9000000000000000e+01   2.6856076717376709e-01
   5.0000000000000000e+01   2.3096688091754913e-01
   5.1000000000000000e+01   1.9447776675224304e-01
   5.2000000000000000e+01   1.5766817331314087e-01
   5.3000000000000000e+01   1.2183225899934769e-01
   5.4000000000000000e+01   8.7906800210475922e-02
   5.5000000000000000e+01   6.0710396617650986e-02
   5.6000000000000000e+01   4.0999140590429306e-02
   5.7000000000000000e+01   2.4441668763756752e-02
   5.8000000000000000e+01   1.3796458020806313e-02
   5.9000000000000000e+01   9.6216695383191109e-03
   6.0000000000000000e+01   8.4137348458170891e-03
   6.1000000000000000e+01   7.9550314694643021e-03
   6.2000000000000000e+01   7.8398231416940689e-03
   6.3000000000000000e+01   7.5803445652127266e-03
   6.4000000000000000e+01   7.2072572074830532e-03
   6.5000000000000000e+01   6.8359994329512119e-03
   6.6000000000000000e+01   6.5167988650500774e-03
   6.7000000000000000e+01   6.2302849255502224e-03
   6.8000000000000000e+01   5.8383620344102383e-03
   6.9000000000000000e+01   5.3920075297355652e-03
   7.0000000000000000e+01   4.8577436245977879e-03
   7.1000000000000000e+01   4.0296618826687336e-03
   7.2000000000000000e+01   3.1864445190876722e-03
   7.3000000000000000e+01   2.2776983678340912e-03
   7.4000000000000000e+01   1.4971927739679813e-03
   7.5000000000000000e+01   8.1381091149523854e-04
   7.6000000000000000e+01   5.5932259419932961e-04
   7.7000000000000000e+01   1.7503512208350003e-04
   7.8000000000000000e+01   6.0115657106507570e-05
   7.9000000000000000e+01   5.2620449423557147e-05
   8.0000000000000000e+01   5.3980249504093081e-05
   8.1000000000000000e+01   5.6686487369006500e-05
   8.2000000000000000e+01   6.1230311985127628e-05
   8.3000000000000000e+01   5.9898880863329396e-05
   8.4000000000000000e+01   1.1557242396520451e-04
   8.5000000000000000e+01   2.6919139781966805e-04
   8.6000000000000000e+01   4.5516999671235681e-04
   8.7000000000000000e+01   1.0597049258649349e-03
   8.8000000000000000e+01   1.2798623647540808e-03
   8.9000000000000000e+01   1.3395454734563828e-03
   9.0000000000000000e+01   1.4320209156721830e-03
   9.1000000000000000e+01   1.7898387741297483e-03
   9.2000000000000000e+01   1.8171487608924508e-03
   9.3000000000000000e+01   1.8372767372056842e-03
   9.4000000000000000e+01   1.8412262434139848e-03
   9.5000000000000000e+01   1.8336608773097396e-03
   9.6000000000000000e+01   1.8386670853942633e-03
   9.7000000000000000e+01   1.8261480145156384e-03
   9.8000000000000000e+01   1.8220243509858847e-03
   9.9000000000000000e+01   1.7667642096057534e-03
   1.0000000000000000e+02   1.6135817859321833e-03
   1.0100000000000000e+02   1.4444247353821993e-03
   1.0200000000000000e+02   8.4057566709816456e-04
   1.0300000000000000e+02   6.2104337848722935e-04
   1.0400000000000000e+02   5.6265294551849365e-04
   1.0500000000000000e+02   4.7029185225255787e-04
   1.0600000000000000e+02   1.1217469727853313e-04
   1.0700000000000000e+02   8.4108010923955590e-05
   1.0800000000000000e+02   5.9634097851812840e-05
   1.0900000000000000e+02   4.7862667997833341e-05
   1.1000000000000000e+02   4.5513799705076963e-05
   1.1100000000000000e+02   2.9879647627240047e-05
   1.1200000000000000e+02   2.7422600396675989e-05
   1.1300000000000000e+02   2.6871826776186936e-05
   1.1400000000000000e+02   2.3201120711746626e-05
   1.1500000000000000e+02   2.2744437956134789e-05
   1.1600000000000000e+02   7.0118094299687073e-06
   1.1700000000000000e+02   7.0510368459508754e-06
   1.1800000000000000e+02   9.6110043159569614e-06
   1.1900000000000000e+02   1.1038167940569110e-05
   1.2000000000000000e+02   1.6845655409269966e-05
   1.2100000000000000e+02   2.0167490220046602e-05
   1.2200000000000000e+02   3.8802572817075998e-05
   1.2300000000000000e+02   4.4714757677866146e-05
   1.2400000000000000e+02   6.9396519393194467e-05
   1.2500000000000000e+02   1.8810560868587345e-04
   1.2600000000000000e+02   2.0642142044380307e-04
   1.2700000000000000e+02   2.8641324024647474e-04
   1.2800000000000000e+02   3.2821178319863975e-04
   1.2900000000000000e+02   4.6865778858773410e-04
   1.3000000000000000e+02   5.1750586135312915e-04
   1.3100000000000000e+02   7.0198223693296313e-04
   1.3200000000000000e+02   7.6265848474577069e-04
   1.3300000000000000e+02   8.7701895972713828e-04
   1.3400000000000000e+02   9.8050606902688742e-04
   1.3500000000000000e+02   1.0537902126088738e-03
   1.3600000000000000e+02   1.1996537214145064e-03
   1.3700000000000000e+02   1.4730303082615137e-03
   1.3800000000000000e+02   1.6178308287635446e-03
   1.3900000000000000e+02   1.6999972285702825e-03
   1.4000000000000000e+02   1.7379311611875892e-03
   1.4100000000000000e+02   1.9407669315114617e-03
   1.4200000000000000e+02   1.9641458056867123e-03
   1.4300000000000000e+02   2.0202107261866331e-03
   1.4400000000000000e+02   1.9851839169859886e-03
   1.4500000000000000e+02   2.0066869910806417e-03
   1.4600000000000000e+02   1.8901971634477377e-03
   1.4700000000000000e+02   1.9182345131412148e-03
   1.4800000000000000e+02   1.8698100466281176e-03
   1.4900000000000000e+02   1.8364866264164448e-03
   1.5000000000000000e+02   1.8079057335853577e-03
   1.5100000000000000e+02   1.7111788038164377e-03
   1.5200000000000000e+02   1.4862596290186048e-03
   1.5300000000000000e+02   1.4052727492526174e-03
   1.5400000000000000e+02   1.3765672920271754e-03
   1.5500000000000000e+02   1.2885677861049771e-03
   1.5600000000000000e+02   1.1400055373087525e-03
   1.5700000000000000e+02   1.1059530079364777e-03
   1.5800000000000000e+02   1.0806277859956026e-03
   1.5900000000000000e+02   1.0746095795184374e-03
   1.6000000000000000e+02   1.0727210901677608e-03
   1.6100000000000000e+02   1.0826305951923132e-03
   1.6200000000000000e+02   1.0602709371596575e-03
   1.6300000000000000e+02   1.0641842382028699e-03
   1.6400000000000000e+02   1.0883094510063529e-03
   1.6500000000000000e+02   1.1266196379438043e-03
   1.6600000000000000e+02   1.1516853701323271e-03
   1.6700000000000000e+02   1.1560985585674644e-03
   1.6800000000000000e+02   1.1641361052170396e-03
   1.6900000000000000e+02   1.1645759223029017e-03
   1.7000000000000000e+02   1.1828842107206583e-03
   1.7100000000000000e+02   1.2022689916193485e-03
   1.7200000000000000e+02   1.1895648203790188e-03
   1.7300000000000000e+02   1.1934564681723714e-03
   1.7400000000000000e+02   1.1689238017424941e-03
   1.7500000000000000e+02   1.1947373859584332e-03
   1.7600000000000000e+02   1.2086841743439436e-03
   1.7700000000000000e+02   1.2254316825419664e-03
   1.7800000000000000e+02   1.2096363352611661e-03
   1.7900000000000000e+02   1.1886978754773736e-03
   1.8000000000000000e+02   1.1633895337581635e-03
   1.8100000000000000e+02   1.2060862500220537e-03
   1.8200000000000000e+02   1.3340257573872805e-03
   1.8300000000000000e+02   1.3624218991026282e-03
   1.8400000000000000e+02   1.3903987128287554e-03
   1.8500000000000000e+02   1.4145472086966038e-03
   1.8600000000000000e+02   1.4888308942317963e-03
   1.8700000000000000e+02   1.5634516021236777e-03
   1.8800000000000000e+02   1.6600773669779301e-03
   1.8900000000000000e+02   1.8044614698737860e-03
   1.9000000000000000e+02   1.9171546446159482e-03
   1.9100000000000000e+02   2.0635004620999098e-03
   1.9200000000000000e+02   2.0780356135219336e-03
   1.9300000000000000e+02   2.1192508284002542e-03
   1.9400000000000000e+02   2.1246226970106363e-03
   1.9500000000000000e+02   2.1464319434016943e-03
   1.9600000000000000e+02   2.2526676766574383e-03
   1.9700000000000000e+02   2.1848462056368589e-03
   1.9800000000000000e+02   2.1641424391418695e-03
   1.9900000000000000e+02   2.1273863967508078e-03
   2.0000000000000000e+02   2.0866838749498129e-03
   2.0100000000000000e+02   2.0720402244478464e-03
   2.0200000000000000e+02   2.0559898111969233e-03
   2.0300000000000000e+02   1.9920875784009695e-03
   2.0400000000000000e+02   1.9201007671654224e-03
   2.0500000000000000e+02   2.0002000965178013e-03
   2.0600000000000000e+02   1.8909572390839458e-03
   2.0700000000000000e+02   2.1665547974407673e-03
   2.0800000000000000e+02   2.6661125011742115e-03
   2.0900000000000000e+02   3.1382171437144279e-03
   2.1000000000000000e+02   3.3895929809659719e-03
   2.1100000000000000e+02   3.6685278173536062e-03
   2.1200000000000000e+02   4.2620478197932243e-03
   2.1300000000000000e+02   4.9077430739998817e-03
   2.1400000000000000e+02   5.5070603266358376e-03
   2.1500000000000000e+02   6.2480112537741661e-03
   2.1600000000000000e+02   6.7884791642427444e-03
   2.1700000000000000e+02   7.3078181594610214e-03
   2.1800000000000000e+02   7.9141464084386826e-03
   2.1900000000000000e+02   8.3596501499414444e-03
   2.2000000000000000e+02   8.5952365770936012e-03
   2.2100000000000000e+02   8.9972512796521187e-03
   2.2200000000000000e+02   9.0010594576597214e-03
   2.2300000000000000e+02   8.8922707363963127e-03
   2.2400000000000000e+02   8.7443031370639801e-03
   2.2500000000000000e+02   8.8471770286560059e-03
   2.2600000000000000e+02   8.7048737332224846e-03
   2.2700000000000000e+02   8.3199152722954750e-03
   2.2800000000000000e+02   7.8641613945364952e-03
   2.2900000000000000e+02   7.5511704199016094e-03
   2.3000000000000000e+02   7.0348680019378662e-03
   2.3100000000000000e+02   6.6334833391010761e-03
   2.3200000000000000e+02   6.3129048794507980e-03
   2.3300000000000000e+02   5.8865044265985489e-03
   2.3400000000000000e+02   5.5417283438146114e-03
   2.3500000000000000e+02   5.2565163932740688e-03
   2.3600000000000000e+02   4.9808467738330364e-03
   2.3700000000000000e+02   4.8267231322824955e-03
   2.3800000000000000e+02   4.6097724698483944e-03
   2.3900000000000000e+02   4.4511239975690842e-03
   2.4000000000000000e+02   4.2728581465780735e-03
   2.4100000000000000e+02   4.1502118110656738e-03
   2.4200000000000000e+02   4.0688891895115376e-03
   2.4300000000000000e+02   4.0256241336464882e-03
   2.4400000000000000e+02   3.9303195662796497e-03
   2.4500000000000000e+02   3.8879269268363714e-03
   2.4600000000000000e+02   3.8294368423521519e-03
   2.4700000000000000e+02   3.8126523140817881e-03
   2.4800000000000000e+02   3.7664375267922878e-03
   2.4900000000000000e+02   3.7996387109160423e-03
   2.5000000000000000e+02   3.8027591072022915e-03
   2.5100000000000000e+02   3.8157107774168253e-03
   2.5200000000000000e+02   3.8851879071444273e-03
   2.5300000000000000e+02   3.8969358429312706e-03
   2.5400000000000000e+02   3.9358418434858322e-03
   2.5500000000000000e+02   3.9374167099595070e-03
   2.5600000000000000e+02   3.9884839206933975e-03
   2.5700000000000000e+02   4.0568211115896702e-03
   2.5800000000000000e+02   4.1175005026161671e-03
   2.5900000000000000e+02   4.2250868864357471e-03
   2.6000000000000000e+02   4.2933453805744648e-03
   2.6100000000000000e+02   4.4496566988527775e-03
   2.6200000000000000e+02   4.4989068992435932e-03
   2.6300000000000000e+02   4.6849790960550308e-03
   2.6400000000000000e+02   4.7585484571754932e-03
   2.6500000000000000e+02   4.9712299369275570e-03
   2.6600000000000000e+02   5.3216931410133839e-03
   2.6700000000000000e+02   5.6517599150538445e-03
   2.6800000000000000e+02   5.9463968500494957e-03
   2.6900000000000000e+02   6.2209735624492168e-03
   2.7000000000000000e+02   6.5664621070027351e-03
   2.7100000000000000e+02   6.9525083526968956e-03
   2.7200000000000000e+02   7.2971256449818611e-03
   2.7300000000000000e+02   7.7572795562446117e-03
   2.7400000000000000e+02   8.1604989245533943e-03
   2.7500000000000000e+02   8.4940008819103241e-03
   2.7600000000000000e+02   8.5098724812269211e-03
   2.7700000000000000e+02   8.9970873668789864e-03
   2.7800000000000000e+02   9.1563630849123001e-03
   2.7900000000000000e+02   9.4624478369951248e-03
   2.8000000000000000e+02   9.6164969727396965e-03
   2.8100000000000000e+02   9.5952711999416351e-03
   2.8200000000000000e+02   9.0896058827638626e-03
   2.8300000000000000e+02   8.5653988644480705e-03
   2.8400000000000000e+02   8.2371523603796959e-03
   2.8500000000000000e+02   7.7478974126279354e-03
   2.8600000000000000e+02   7.1066073141992092e-03
   2.8700000000000000e+02   6.5002790652215481e-03
   2.8800000000000000e+02   5.8177709579467773e-03
   2.8900000000000000e+02   5.0898417830467224e-03
   2.9000000000000000e+02   4.4810790568590164e-03
   2.9100000000000000e+02   4.1796066798269749e-03
   2.9200000000000000e+02   3.4324463922530413e-03
   2.9300000000000000e+02   3.0485831666737795e-03
   2.9400000000000000e+02   2.5580965448170900e-03
   2.9500000000000000e+02   2.0529793109744787e-03
   2.9600000000000000e+02   1.4756381278857589e-03
   2.9700000000000000e+02   1.4494601637125015e-03
   2.9800000000000000e+02   1.5126009238883853e-03
   2.9900000000000000e+02   1.2936636339873075e-03
   3.0000000000000000e+02   1.2317082146182656e-03
