   1.0000000000000000e+00   3.9152140379883349e-04
   2.0000000000000000e+00   3.4825375769287348e-04
   3.0000000000000000e+00   3.1342840520665050e-04
   4.0000000000000000e+00   2.8493502759374678e-04
   5.0000000000000000e+00   2.6119043468497694e-04
   6.0000000000000000e+00   2.4109886726364493e-04
   7.0000000000000000e+00   2.2388664365280420e-04
   8.0000000000000000e+00   2.0896090427413583e-04
   9.0000000000000000e+00   1.6362723545171320e-04
   1.0000000000000000e+01   1.2411129137035459e-04
   1.1000000000000000e+01   1.0556836059549823e-04
   1.2000000000000000e+01   8.8355991465505213e-05
   1.3000000000000000e+01   7.0375994255300611e-05
   1.4000000000000000e+01   4.4877073378302157e-05
   1.5000000000000000e+01   1.1557357538549695e-05
   1.6000000000000000e+01   2.8905768090226047e-07
   1.7000000000000000e+01   1.5276945930509100e-07
   1.8000000000000000e+01   5.3383228078018874e-05
   1.9000000000000000e+01   8.1439917266834527e-05
   2.0000000000000000e+01   1.5266308037098497e-04
   2.1000000000000000e+01   1.8352559709455818e-04
   2.2000000000000000e+01   1.9612765754573047e-04
   2.3000000000000000e+01   2.0919948292430490e-04
   2.4000000000000000e+01   2.3624021559953690e-04
   2.5000000000000000e+01   3.9197059231810272e-04
   2.6000000000000000e+01   5.5863772286102176e-04
   2.7000000000000000e+01   1.9229345489293337e-03
   2.8000000000000000e+01   1.8799608573317528e-02
   2.9000000000000000e+01   5.9171639382839203e-02
   3.0000000000000000e+01   1.1460108309984207e-01
   3.1000000000000000e+01   1.7446671426296234e-01
   3.2000000000000000e+01   2.3672525584697723e-01
   3.3000000000000000e+01   3.0213820934295654e-01
   3.4000000000000000e+01   3.6750751733779907e-01
   3.5000000000000000e+01   4.3294090032577515e-01
   3.6000000000000000e+01   4.9897405505180359e-01
   3.7000000000000000e+01   5.6473159790039062e-01
   3.8000000000000000e+01   6.3016146421432495e-01
   3.9000000000000000e+01   6.9503235816955566e-01
   4.0000000000000000e+01   7.5629073381423950e-01
   4.1000000000000000e+01   8.0044746398925781e-01
   4.2000000000000000e+01   8.1973844766616821e-01
   4.3000000000000000e+01   8.1036400794982910e-01
   4.4000000000000000e+01   7.7264839410781860e-01
   4.5000000000000000e+01   7.1799391508102417e-01
   4.6000000000000000e+01   6.5840923786163330e-01
   4.7000000000000000e+01   5.9637153148651123e-01
   4.8000000000000000e+01   5.3100901842117310e-01
   4.9000000000000000e+01   4.6574223041534424e-01
   5.0000000000000000e+01   4.0036442875862122e-01
   5.1000000000000000e+01   3.3437556028366089e-01
   5.2000000000000000e+01   2.6871246099472046e-01
   5.3000000000000000e+01   2.0339135825634003e-01
   5.4000000000000000e+01   1.3864377140998840e-01
   5.5000000000000000e+01   7.7455945312976837e-02
   5.6000000000000000e+01   3.3492796123027802e-02
   5.7000000000000000e+01   1.3221128843724728e-02
   5.8000000000000000e+01   6.0158544220030308e-03
   5.9000000000000000e+01   3.6247379612177610e-03
   6.0000000000000000e+01   3.1092248391360044e-03
   6.1000000000000000e+01   2.8718546964228153e-03
   6.2000000000000000e+01   2.7209487743675709e-03
   6.3000000000000000e+01   2.6338137686252594e-03
   6.4000000000000000e+01   2.5050642434507608e-03
   6.5000000000000000e+01   2.3794288281351328e-03
   6.6000000000000000e+01   2.3049791343510151e-03
   6.7000000000000000e+01   2.1990460809320211e-03
   6.8000000000000000e+01   2.0777299068868160e-03
   6.9000000000000000e+01   1.9276068778708577e-03
   7.0000000000000000e+01   1.7013528849929571e-03
   7.1000000000000000e+01   1.3410361716523767e-03
   7.2000000000000000e+01   9.5738790696486831e-04
   7.3000000000000000e+01   6.6039973171427846e-04
   7.4000000000000000e+01   3.9518531411886215e-04
   7.5000000000000000e+01   1.3569269503932446e-04
   7.6000000000000000e+01   9.2096124717500061e-05
   7.7000000000000000e+01   2.2243224520934746e-05
   7.8000000000000000e+01   6.0208640206838027e-06
   7.9000000000000000e+01   4.5334559217735659e-06
   8.0000000000000000e+01   4.3831728362420108e-06
   8.1000000000000000e+01   5.6593462431919761e-06
   8.2000000000000000e+01   6.0533138821483590e-06
   8.3000000000000000e+01   6.0634106375800911e-06
   8.4000000000000000e+01   1.2250018698978238e-05
   8.5000000000000000e+01   4.3577831092989072e-05
   8.6000000000000000e+01   7.1149537689052522e-05
   8.7000000000000000e+01   1.4677111175842583e-04
   8.8000000000000000e+01   2.0242339815013111e-04
   8.9000000000000000e+01   2.1870147611480206e-04
   9.0000000000000000e+01   2.4160934844985604e-04
   9.1000000000000000e+01   3.2067811116576195e-04
   9.2000000000000000e+01   3.3533974783495069e-04
   9.3000000000000000e+01   3.4292400232516229e-04
   9.4000000000000000e+01   3.4432410029694438e-04
   9.5000000000000000e+01   3.4429004881531000e-04
   9.6000000000000000e+01   3.4840719308704138e-04
   9.7000000000000000e+01   3.4797651460394263e-04
   9.8000000000000000e+01   3.4779810812324286e-04
   9.9000000000000000e+01   3.4333771327510476e-04
   1.0000000000000000e+02   3.1251792097464204e-04
   1.0100000000000000e+02   2.8826220659539104e-04
   1.0200000000000000e+02   2.1291249140631407e-04
   1.0300000000000000e+02   1.5758388326503336e-04
   1.0400000000000000e+02   1.4171648945193738e-04
   1.0500000000000000e+02   1.1884632840519771e-04
   1.0600000000000000e+02   3.9777387428330258e-05
   1.0700000000000000e+02   2.5093509975704364e-05
   1.0800000000000000e+02   1.7194866813952103e-05
   1.0900000000000000e+02   1.5434816305059940e-05
   1.1000000000000000e+02   1.4520618606184144e-05
   1.1100000000000000e+02   8.4072107711108401e-06
   1.1200000000000000e+02   7.5107664088136517e-06
   1.1300000000000000e+02   7.3733335739234462e-06
   1.1400000000000000e+02   5.5258251450140961e-06
   1.1500000000000000e+02   5.2261480050219689e-06
   1.1600000000000000e+02   2.3510760911449324e-06
   1.1700000000000000e+02   2.4927637696237070e-06
   1.1800000000000000e+02   3.4798929391399724e-06
   1.1900000000000000e+02   4.3962872950942256e-06
   1.2000000000000000e+02   5.8503505897533614e-06
   1.2100000000000000e+02   6.9190946305752732e-06
   1.2200000000000000e+02   1.1088151040894445e-05
   1.2300000000000000e+02   1.3329515240911860e-05
   1.2400000000000000e+02   2.2763240849599242e-05
   1.2500000000000000e+02   5.7422348618274555e-05
   1.2600000000000000e+02   6.0380010836524889e-05
   1.2700000000000000e+02   7.6534677646122873e-05
   1.2800000000000000e+02   9.5335810328833759e-05
   1.2900000000000000e+02   1.4015269698575139e-04
   1.3000000000000000e+02   1.5420764975715429e-04
   1.3100000000000000e+02   2.0674378902185708e-04
   1.3200000000000000e+02   2.2667129815090448e-04
   1.3300000000000000e+02   2.6054400950670242e-04
   1.3400000000000000e+02   3.1457209843210876e-04
   1.3500000000000000e+02   3.4633593168109655e-04
   1.3600000000000000e+02   3.8322535692714155e-04
   1.3700000000000000e+02   5.1413150504231453e-04
   1.3800000000000000e+02   6.5096642356365919e-04
   1.3900000000000000e+02   7.3566753417253494e-04
   1.4000000000000000e+02   9.0329203521832824e-04
   1.4100000000000000e+02   1.1817293707281351e-03
   1.4200000000000000e+02   1.3683516299352050e-03
   1.4300000000000000e+02   1.5913731185719371e-03
   1.4400000000000000e+02   1.8226098036393523e-03
   1.4500000000000000e+02   2.0113377831876278e-03
   1.4600000000000000e+02   2.2086142562329769e-03
   1.4700000000000000e+02   2.4814293719828129e-03
   1.4800000000000000e+02   2.7294084429740906e-03
   1.4900000000000000e+02   2.9907994903624058e-03
   1.5000000000000000e+02   3.2506163697689772e-03
   1.5100000000000000e+02   3.6398007068783045e-03
   1.5200000000000000e+02   3.8933285977691412e-03
   1.5300000000000000e+02   4.1389423422515392e-03
   1.5400000000000000e+02   4.6944571658968925e-03
   1.5500000000000000e+02   5.1502096466720104e-03
   1.5600000000000000e+02   5.5122659541666508e-03
   1.5700000000000000e+02   6.0125282034277916e-03
   1.5800000000000000e+02   6.5086125396192074e-03
   1.5900000000000000e+02   7.0909033529460430e-03
   1.6000000000000000e+02   7.5404248200356960e-03
   1.6100000000000000e+02   8.0223437398672104e-03
   1.6200000000000000e+02   8.5030393674969673e-03
   1.6300000000000000e+02   8.9756604284048080e-03
   1.6400000000000000e+02   9.3741286545991898e-03
   1.6500000000000000e+02   9.8011810332536697e-03
   1.6600000000000000e+02   1.0043767280876637e-02
   1.6700000000000000e+02   1.0262209922075272e-02
   1.6800000000000000e+02   1.0350632481276989e-02
   1.6900000000000000e+02   1.0150630958378315e-02
   1.7000000000000000e+02   1.0042307898402214e-02
   1.7100000000000000e+02   9.8837167024612427e-03
   1.7200000000000000e+02   9.5644779503345490e-03
   1.7300000000000000e+02   9.2497114092111588e-03
   1.7400000000000000e+02   8.7676942348480225e-03
   1.7500000000000000e+02   8.4883533418178558e-03
   1.7600000000000000e+02   8.1054810434579849e-03
   1.7700000000000000e+02   7.5999372638761997e-03
   1.7800000000000000e+02   7.0598218590021133e-03
   1.7900000000000000e+02   6.5688709728419781e-03
   1.8000000000000000e+02   6.0569737106561661e-03
   1.8100000000000000e+02   5.6165815331041813e-03
   1.8200000000000000e+02   5.3283139131963253e-03
   1.8300000000000000e+02   5.0360462628304958e-03
   1.8400000000000000e+02   4.8091216012835503e-03
   1.8500000000000000e+02   4.4714123941957951e-03
   1.8600000000000000e+02   4.1926056146621704e-03
   1.8700000000000000e+02   3.9603356271982193e-03
   1.8800000000000000e+02   3.7083250936120749e-03
   1.8900000000000000e+02   3.5017686896026134e-03
   1.9000000000000000e+02   3.2407315447926521e-03
   1.9100000000000000e+02   3.0265811365097761e-03
   1.9200000000000000e+02   2.8255567885935307e-03
   1.9300000000000000e+02   2.6384603697806597e-03
   1.9400000000000000e+02   2.4409443140029907e-03
   1.9500000000000000e+02   2.2779994178563356e-03
   1.9600000000000000e+02   2.1089867223054171e-03
   1.9700000000000000e+02   1.8295699264854193e-03
   1.9800000000000000e+02   1.6617305809631944e-03
   1.9900000000000000e+02   1.4658827567473054e-03
   2.0000000000000000e+02   1.2631944846361876e-03
   2.0100000000000000e+02   1.0941377840936184e-03
   2.0200000000000000e+02   9.6817576559260488e-04
   2.0300000000000000e+02   8.3268212620168924e-04
   2.0400000000000000e+02   6.9721572799608111e-04
   2.0500000000000000e+02   6.4177869353443384e-04
   2.0600000000000000e+02   5.3651875350624323e-04
   2.0700000000000000e+02   5.2927137585356832e-04
   2.0800000000000000e+02   5.5627326946705580e-04
   2.0900000000000000e+02   6.1312323668971658e-04
   2.1000000000000000e+02   6.0334603767842054e-04
   2.1100000000000000e+02   5.9816980501636863e-04
   2.1200000000000000e+02   6.7724514519795775e-04
   2.1300000000000000e+02   7.4022519402205944e-04
   2.1400000000000000e+02   8.3593913586810231e-04
   2.1500000000000000e+02   9.0043066302314401e-04
   2.1600000000000000e+02   9.2969497200101614e-04
   2.1700000000000000e+02   9.6231786301359534e-04
   2.1800000000000000e+02   9.8860450088977814e-04
   2.1900000000000000e+02   9.8713976331055164e-04
   2.2000000000000000e+02   9.5441960729658604e-04
   2.2100000000000000e+02   9.5599633641541004e-04
   2.2200000000000000e+02   9.1003120178356767e-04
   2.2300000000000000e+02   8.7490980513393879e-04
   2.2400000000000000e+02   8.0464512575417757e-04
   2.2500000000000000e+02   7.9047022154554725e-04
   2.2600000000000000e+02   7.4628007132560015e-04
   2.2700000000000000e+02   6.3873478211462498e-04
   2.2800000000000000e+02   5.6933425366878510e-04
   2.2900000000000000e+02   4.5481135020963848e-04
   2.3000000000000000e+02   3.8674756069667637e-04
   2.3100000000000000e+02   3.2522203400731087e-04
   2.3200000000000000e+02   2.7563175535760820e-04
   2.3300000000000000e+02   2.1949838264845312e-04
   2.3400000000000000e+02   1.9023269123863429e-04
   2.3500000000000000e+02   1.6977342602331191e-04
   2.3600000000000000e+02   1.4293318963609636e-04
   2.3700000000000000e+02   1.3164737902116030e-04
   2.3800000000000000e+02   1.1519731197040528e-04
   2.3900000000000000e+02   1.0574941552476957e-04
   2.4000000000000000e+02   8.8347638666164130e-05
   2.4100000000000000e+02   8.0556637840345502e-05
   2.4200000000000000e+02   7.3217670433223248e-05
   2.4300000000000000e+02   7.0795613282825798e-05
   2.4400000000000000e+02   6.7389926698524505e-05
   2.4500000000000000e+02   6.5105421526823193e-05
   2.4600000000000000e+02   6.4173429564107209e-05
   2.4700000000000000e+02   6.1083977925591171e-05
   2.4800000000000000e+02   5.9113677707500756e-05
   2.4900000000000000e+02   6.2122671806719154e-05
   2.5000000000000000e+02   6.2091334257274866e-05
   2.5100000000000000e+02   6.2523147789761424e-05
   2.5200000000000000e+02   6.4994579588528723e-05
   2.5300000000000000e+02   6.7097127612214535e-05
   2.5400000000000000e+02   6.9659516157116741e-05
   2.5500000000000000e+02   7.1193688199855387e-05
   2.5600000000000000e+02   7.4747797043528408e-05
   2.5700000000000000e+02   8.2149723311886191e-05
   2.5800000000000000e+02   8.5006540757603943e-05
   2.5900000000000000e+02   9.3611379270441830e-05
   2.6000000000000000e+02   9.9393437267281115e-05
   2.6100000000000000e+02   1.0960686631733552e-04
   2.6200000000000000e+02   1.1577851546462625e-04
   2.6300000000000000e+02   1.3302695879247040e-04
   2.6400000000000000e+02   1.4246076170820743e-04
   2.6500000000000000e+02   1.6287855396512896e-04
   2.6600000000000000e+02   1.9409190281294286e-04
   2.6700000000000000e+02   2.5343874585814774e-04
   2.6800000000000000e+02   2.9630406061187387e-04
   2.6900000000000000e+02   3.4205272095277905e-04
   2.7000000000000000e+02   3.9258212200365961e-04
   2.7100000000000000e+02   4.4658032129518688e-04
   2.7200000000000000e+02   5.0486612599343061e-04
   2.7300000000000000e+02   6.0631812084466219e-04
   2.7400000000000000e+02   6.8082270445302129e-04
   2.7500000000000000e+02   7.4833596590906382e-04
   2.7600000000000000e+02   7.6415587682276964e-04
   2.7700000000000000e+02   8.5032539209350944e-04
   2.7800000000000000e+02   8.9347996981814504e-04
   2.7900000000000000e+02   9.6426793606951833e-04
   2.8000000000000000e+02   1.0123716201633215e-03
   2.8100000000000000e+02   1.0768735082820058e-03
   2.8200000000000000e+02   1.0408677626401186e-03
   2.8300000000000000e+02   1.0092481970787048e-03
   2.8400000000000000e+02   1.0204010177403688e-03
   2.8500000000000000e+02   9.8388490732759237e-04
   2.8600000000000000e+02   9.2821870930492878e-04
   2.8700000000000000e+02   8.7050133151933551e-04
   2.8800000000000000e+02   7.7563029481098056e-04
   2.8900000000000000e+02   6.9718208396807313e-04
   2.9000000000000000e+02   6.3188472995534539e-04
   2.9100000000000000e+02   6.2650657491758466e-04
   2.9200000000000000e+02   5.5036094272509217e-04
   2.9300000000000000e+02   5.1312975119799376e-04
   2.9400000000000000e+02   4.5669483370147645e-04
   2.9500000000000000e+02   4.0867723873816431e-04
   2.9600000000000000e+02   3.1676399521529675e-04
   2.9700000000000000e+02   3.0656225862912834e-04
   2.9800000000000000e+02   3.1119020422920585e-04
   2.9900000000000000e+02   2.4018615658860654e-04
   3.0000000000000000e+02   2.3368871188722551e-04
