   1.0000000000000000e+00   1.2508242798503488e-04
   2.0000000000000000e+00   1.2397908722050488e-04
   3.0000000000000000e+00   1.2537755537778139e-04
   4.0000000000000000e+00   1.3229150499682873e-04
   5.0000000000000000e+00   1.4701041800435632e-04
   6.0000000000000000e+00   1.7895987548399717e-04
   7.0000000000000000e+00   4.3748601456172764e-04
   8.0000000000000000e+00   1.2608792167156935e-03
   9.0000000000000000e+00   3.2833528239279985e-03
   1.0000000000000000e+01   7.3470692150294781e-03
   1.1000000000000000e+01   1.4437447302043438e-02
   1.2000000000000000e+01   2.5413583964109421e-02
   1.3000000000000000e+01   4.1064854711294174e-02
   1.4000000000000000e+01   6.2208294868469238e-02
   1.5000000000000000e+01   8.9859165251255035e-02
   1.6000000000000000e+01   1.2508594989776611e-01
   1.7000000000000000e+01   1.6848672926425934e-01
   1.8000000000000000e+01   2.1966400742530823e-01
   1.9000000000000000e+01   2.7733838558197021e-01
   2.0000000000000000e+01   3.3950966596603394e-01
   2.1000000000000000e+01   4.0415573120117188e-01
   2.2000000000000000e+01   4.6924480795860291e-01
   2.3000000000000000e+01   5.3292030096054077e-01
   2.4000000000000000e+01   5.9330528974533081e-01
   2.5000000000000000e+01   6.4865005016326904e-01
   2.6000000000000000e+01   6.9710308313369751e-01
   2.7000000000000000e+01   7.3690110445022583e-01
   2.8000000000000000e+01   7.6626938581466675e-01
   2.9000000000000000e+01   7.8328484296798706e-01
   3.0000000000000000e+01   7.8593271970748901e-01
   3.1000000000000000e+01   7.7276581525802612e-01
   3.2000000000000000e+01   7.4371725320816040e-01
   3.3000000000000000e+01   7.0070379972457886e-01
   3.4000000000000000e+01   6.4700603485107422e-01
   3.5000000000000000e+01   5.8640563488006592e-01
   3.6000000000000000e+01   5.2216571569442749e-01
   3.7000000000000000e+01   4.5688432455062866e-01
   3.8000000000000000e+01   3.9240565896034241e-01
   3.9000000000000000e+01   3.3004170656204224e-01
   4.0000000000000000e+01   2.7071192860603333e-01
   4.1000000000000000e+01   2.1528421342372894e-01
   4.2000000000000000e+01   1.6464953124523163e-01
   4.3000000000000000e+01   1.1976796388626099e-01
   4.4000000000000000e+01   8.1722013652324677e-02
   4.5000000000000000e+01   5.1499161869287491e-02
   4.6000000000000000e+01   2.9481207951903343e-02
   4.7000000000000000e+01   1.5144987963140011e-02
   4.8000000000000000e+01   6.9794915616512299e-03
   4.9000000000000000e+01   2.9895256739109755e-03
   5.0000000000000000e+01   1.3961266959086061e-03
   5.1000000000000000e+01   9.4993750099092722e-04
   5.2000000000000000e+01   8.7545474525541067e-04
   5.3000000000000000e+01   8.4659340791404247e-04
   5.4000000000000000e+01   7.9400371760129929e-04
   5.5000000000000000e+01   7.0652889553457499e-04
   5.6000000000000000e+01   5.8419042034074664e-04
   5.7000000000000000e+01   4.4286219053901732e-04
   5.8000000000000000e+01   3.0982567113824189e-04
   5.9000000000000000e+01   2.1179870236665010e-04
   6.0000000000000000e+01   1.6153947217389941e-04
   6.1000000000000000e+01   1.5378960233647376e-04
   6.2000000000000000e+01   1.7188735364470631e-04
   6.3000000000000000e+01   1.9957390031777322e-04
   6.4000000000000000e+01   2.2347598860505968e-04
   6.5000000000000000e+01   2.3838627384975553e-04
   6.6000000000000000e+01   2.4603132624179125e-04
   6.7000000000000000e+01   2.4899365962482989e-04
   6.8000000000000000e+01   2.4945658515207469e-04
   6.9000000000000000e+01   2.4897317052818835e-04
   7.0000000000000000e+01   2.4767438299022615e-04
   7.1000000000000000e+01   2.4434318765997887e-04
   7.2000000000000000e+01   2.3684401821810752e-04
   7.3000000000000000e+01   2.2299724514596164e-04
   7.4000000000000000e+01   2.0037843205500394e-04
   7.5000000000000000e+01   1.6816590505186468e-04
   7.6000000000000000e+01   1.2903851165901870e-04
   7.7000000000000000e+01   8.9044158812612295e-05
   7.8000000000000000e+01   5.4889791499590501e-05
   7.9000000000000000e+01   3.0842697015032172e-05
   8.0000000000000000e+01   1.7372498405165970e-05
   8.1000000000000000e+01   1.2839574992540292e-05
   8.2000000000000000e+01   2.0551056877593510e-05
   8.3000000000000000e+01   4.2299005144741386e-05
   8.4000000000000000e+01   8.2814636698458344e-05
   8.5000000000000000e+01   1.4561618445441127e-04
   8.6000000000000000e+01   2.2799162252340466e-04
   8.7000000000000000e+01   3.1819386640563607e-04
   8.8000000000000000e+01   4.0158044430427253e-04
   8.9000000000000000e+01   4.6792285866104066e-04
   9.0000000000000000e+01   5.1485642325133085e-04
   9.1000000000000000e+01   5.4568989435210824e-04
   9.2000000000000000e+01   5.6484836386516690e-04
   9.3000000000000000e+01   5.7447660947218537e-04
   9.4000000000000000e+01   5.7965953601524234e-04
   9.5000000000000000e+01   5.8134010760113597e-04
   9.6000000000000000e+01   5.7977304095402360e-04
   9.7000000000000000e+01   5.6950579164549708e-04
   9.8000000000000000e+01   5.4744299268350005e-04
   9.9000000000000000e+01   5.0719297723844647e-04
   1.0000000000000000e+02   4.4489401625469327e-04
   1.0100000000000000e+02   3.6317249760031700e-04
   1.0200000000000000e+02   2.7360452804714441e-04
   1.0300000000000000e+02   1.9070549751631916e-04
   1.0400000000000000e+02   1.2462788436096162e-04
   1.0500000000000000e+02   7.7734533988405019e-05
   1.0600000000000000e+02   4.6725755964871496e-05
   1.0700000000000000e+02   2.7141535611008294e-05
   1.0800000000000000e+02   1.6879452232387848e-05
   1.0900000000000000e+02   1.0688705515349284e-05
   1.1000000000000000e+02   7.3222831815655809e-06
   1.1100000000000000e+02   5.6127855714294128e-06
   1.1200000000000000e+02   4.9579443839320447e-06
   1.1300000000000000e+02   4.3342720346117858e-06
   1.1400000000000000e+02   3.6471740259003127e-06
   1.1500000000000000e+02   2.8946208203706192e-06
   1.1600000000000000e+02   2.1467483293236000e-06
   1.1700000000000000e+02   1.6127181652336731e-06
   1.1800000000000000e+02   1.4246656974137295e-06
   1.1900000000000000e+02   1.6839480849739630e-06
   1.2000000000000000e+02   2.6493200948607409e-06
   1.2100000000000000e+02   4.4281850932748057e-06
   1.2200000000000000e+02   7.4589734140317887e-06
   1.2300000000000000e+02   1.1950586667808238e-05
   1.2400000000000000e+02   1.8146889487979934e-05
   1.2500000000000000e+02   2.5794228349695913e-05
   1.2600000000000000e+02   3.4584663808345795e-05
   1.2700000000000000e+02   4.3858686694875360e-05
   1.2800000000000000e+02   5.3369720262708142e-05
   1.2900000000000000e+02   6.3078114180825651e-05
   1.3000000000000000e+02   7.2947106673382223e-05
   1.3100000000000000e+02   8.2887447206303477e-05
   1.3200000000000000e+02   9.2833695816807449e-05
   1.3300000000000000e+02   1.0252913489239290e-04
   1.3400000000000000e+02   1.1219182488275692e-04
   1.3500000000000000e+02   1.2158638128312305e-04
   1.3600000000000000e+02   1.3034441508352757e-04
   1.3700000000000000e+02   1.3707650941796601e-04
   1.3800000000000000e+02   1.4086920418776572e-04
   1.3900000000000000e+02   1.4099395775701851e-04
   1.4000000000000000e+02   1.3791244418825954e-04
   1.4100000000000000e+02   1.3231346383690834e-04
   1.4200000000000000e+02   1.2513957335613668e-04
   1.4300000000000000e+02   1.1695226567098871e-04
   1.4400000000000000e+02   1.0810575622599572e-04
   1.4500000000000000e+02   9.8752774647437036e-05
   1.4600000000000000e+02   8.9086708612740040e-05
   1.4700000000000000e+02   7.9169367381837219e-05
   1.4800000000000000e+02   6.9290326791815460e-05
   1.4900000000000000e+02   5.9155543567612767e-05
   1.5000000000000000e+02   4.8704918299335986e-05
   1.5100000000000000e+02   3.8144888094393536e-05
   1.5200000000000000e+02   2.8407257559592836e-05
   1.5300000000000000e+02   2.0143514120718464e-05
   1.5400000000000000e+02   1.3840432984579820e-05
   1.5500000000000000e+02   9.2891377789783292e-06
   1.5600000000000000e+02   6.1075111261743587e-06
   1.5700000000000000e+02   4.0126110434357543e-06
   1.5800000000000000e+02   2.6868194709095405e-06
   1.5900000000000000e+02   1.8123015479432070e-06
   1.6000000000000000e+02   1.2585362583195092e-06
   1.6100000000000000e+02   9.1016266878796159e-07
   1.6200000000000000e+02   6.9949857106621494e-07
   1.6300000000000000e+02   5.4999526355459238e-07
   1.6400000000000000e+02   4.5282607175067824e-07
   1.6500000000000000e+02   3.9737977886034059e-07
   1.6600000000000000e+02   3.7112499740032945e-07
   1.6700000000000000e+02   3.6181464224682713e-07
   1.6800000000000000e+02   3.6466047959038406e-07
   1.6900000000000000e+02   3.7618400483552250e-07
   1.7000000000000000e+02   3.9805803453418775e-07
   1.7100000000000000e+02   4.3326704712853825e-07
   1.7200000000000000e+02   4.8679345354685211e-07
   1.7300000000000000e+02   5.6430951644870220e-07
   1.7400000000000000e+02   6.7339630049900734e-07
   1.7500000000000000e+02   8.1433637433292461e-07
   1.7600000000000000e+02   9.9083513305231463e-07
   1.7700000000000000e+02   1.2182126738480292e-06
   1.7800000000000000e+02   1.5155752635109820e-06
   1.7900000000000000e+02   1.9149943000229541e-06
   1.8000000000000000e+02   2.4555545223847730e-06
   1.8100000000000000e+02   3.1488577860727673e-06
   1.8200000000000000e+02   3.9942246985447127e-06
   1.8300000000000000e+02   5.0120229388994630e-06
   1.8400000000000000e+02   6.2698395595361944e-06
   1.8500000000000000e+02   7.9256797107518651e-06
   1.8600000000000000e+02   1.0241555173706729e-05
   1.8700000000000000e+02   1.3389390005613677e-05
   1.8800000000000000e+02   1.7569827832630835e-05
   1.8900000000000000e+02   2.2782176529290155e-05
   1.9000000000000000e+02   2.8803575332858600e-05
   1.9100000000000000e+02   3.5558194213081151e-05
   1.9200000000000000e+02   4.2872430640272796e-05
   1.9300000000000000e+02   5.0797676522051916e-05
   1.9400000000000000e+02   5.9458201576489955e-05
   1.9500000000000000e+02   6.8902016209904104e-05
   1.9600000000000000e+02   7.8861325164325535e-05
   1.9700000000000000e+02   8.8774766481947154e-05
   1.9800000000000000e+02   9.8255135526414961e-05
   1.9900000000000000e+02   1.0720951104303822e-04
   2.0000000000000000e+02   1.1616486881393939e-04
   2.0100000000000000e+02   1.2530232197605073e-04
   2.0200000000000000e+02   1.3611245958600193e-04
   2.0300000000000000e+02   1.5219752094708383e-04
   2.0400000000000000e+02   1.7830204160418361e-04
   2.0500000000000000e+02   2.1982868202030659e-04
   2.0600000000000000e+02   2.8171663871034980e-04
   2.0700000000000000e+02   3.6703821388073266e-04
   2.0800000000000000e+02   4.7398559399880469e-04
   2.0900000000000000e+02   5.9822422917932272e-04
   2.1000000000000000e+02   7.3871068889275193e-04
   2.1100000000000000e+02   8.9533050777390599e-04
   2.1200000000000000e+02   1.0693365475162864e-03
   2.1300000000000000e+02   1.2593736173585057e-03
   2.1400000000000000e+02   1.4635595725849271e-03
   2.1500000000000000e+02   1.6780957812443376e-03
   2.1600000000000000e+02   1.8995468271896243e-03
   2.1700000000000000e+02   2.1217039320617914e-03
   2.1800000000000000e+02   2.3357414174824953e-03
   2.1900000000000000e+02   2.5316388346254826e-03
   2.2000000000000000e+02   2.7000620029866695e-03
   2.2100000000000000e+02   2.8343203011900187e-03
   2.2200000000000000e+02   2.9343946371227503e-03
   2.2300000000000000e+02   3.0048498883843422e-03
   2.2400000000000000e+02   3.0528448987752199e-03
   2.2500000000000000e+02   3.0806679278612137e-03
   2.2600000000000000e+02   3.0911948997527361e-03
   2.2700000000000000e+02   3.0855385120958090e-03
   2.2800000000000000e+02   3.0677590984851122e-03
   2.2900000000000000e+02   3.0405188445001841e-03
   2.3000000000000000e+02   3.0075029935687780e-03
   2.3100000000000000e+02   2.9709504451602697e-03
   2.3200000000000000e+02   2.9354160651564598e-03
   2.3300000000000000e+02   2.9070191085338593e-03
   2.3400000000000000e+02   2.8917095623910427e-03
   2.3500000000000000e+02   2.8925242368131876e-03
   2.3600000000000000e+02   2.9110491741448641e-03
   2.3700000000000000e+02   2.9436179902404547e-03
   2.3800000000000000e+02   2.9862720984965563e-03
   2.3900000000000000e+02   3.0338328797370195e-03
   2.4000000000000000e+02   3.0831035692244768e-03
   2.4100000000000000e+02   3.1287590973079205e-03
   2.4200000000000000e+02   3.1669226009398699e-03
   2.4300000000000000e+02   3.1934711150825024e-03
   2.4400000000000000e+02   3.2077457290142775e-03
   2.4500000000000000e+02   3.2097371295094490e-03
   2.4600000000000000e+02   3.2029638532549143e-03
   2.4700000000000000e+02   3.1891891267150640e-03
   2.4800000000000000e+02   3.1693342607468367e-03
   2.4900000000000000e+02   3.1435210257768631e-03
   2.5000000000000000e+02   3.1124309170991182e-03
   2.5100000000000000e+02   3.0749298166483641e-03
   2.5200000000000000e+02   3.0304314568638802e-03
   2.5300000000000000e+02   2.9788878746330738e-03
   2.5400000000000000e+02   2.9220106080174446e-03
   2.5500000000000000e+02   2.8621582314372063e-03
   2.5600000000000000e+02   2.8055089060217142e-03
   2.5700000000000000e+02   2.7572002727538347e-03
   2.5800000000000000e+02   2.7214116416871548e-03
   2.5900000000000000e+02   2.6983236894011497e-03
   2.6000000000000000e+02   2.6863075327128172e-03
   2.6100000000000000e+02   2.6814294978976250e-03
   2.6200000000000000e+02   2.6795705780386925e-03
   2.6300000000000000e+02   2.6783205103129148e-03
   2.6400000000000000e+02   2.6769731193780899e-03
   2.6500000000000000e+02   2.6768676470965147e-03
   2.6600000000000000e+02   2.6792183052748442e-03
   2.6700000000000000e+02   2.6840048376470804e-03
   2.6800000000000000e+02   2.6928391307592392e-03
   2.6900000000000000e+02   2.7076851110905409e-03
   2.7000000000000000e+02   2.7286894619464874e-03
   2.7100000000000000e+02   2.7517410926520824e-03
   2.7200000000000000e+02   2.7722925879061222e-03
   2.7300000000000000e+02   2.7877981774508953e-03
   2.7400000000000000e+02   2.7989516966044903e-03
   2.7500000000000000e+02   2.8106707613915205e-03
   2.7600000000000000e+02   2.8270860202610493e-03
   2.7700000000000000e+02   2.8488254174590111e-03
   2.7800000000000000e+02   2.8687256854027510e-03
   2.7900000000000000e+02   2.8735760133713484e-03
   2.8000000000000000e+02   2.8490968979895115e-03
   2.8100000000000000e+02   2.7865222655236721e-03
   2.8200000000000000e+02   2.6863359380513430e-03
   2.8300000000000000e+02   2.5545540265738964e-03
   2.8400000000000000e+02   2.3998492397367954e-03
   2.8500000000000000e+02   2.2307066246867180e-03
   2.8600000000000000e+02   2.0536954980343580e-03
   2.8700000000000000e+02   1.8735391786321998e-03
   2.8800000000000000e+02   1.6926948446780443e-03
   2.8900000000000000e+02   1.5113659901544452e-03
   2.9000000000000000e+02   1.3270339695736766e-03
   2.9100000000000000e+02   1.1379673378542066e-03
   2.9200000000000000e+02   9.4640260795131326e-04
   2.9300000000000000e+02   7.5872120214626193e-04
   2.9400000000000000e+02   5.8592186542227864e-04
   2.9500000000000000e+02   4.3954903958365321e-04
   2.9600000000000000e+02   3.3031959901563823e-04
   2.9700000000000000e+02   2.5730102788656950e-04
   2.9800000000000000e+02   2.1420833945740014e-04
   2.9900000000000000e+02   1.9094513845629990e-04
   3.0000000000000000e+02   1.7885319539345801e-04
