   1.0000000000000000e+00   2.0774776203325018e-05
   2.0000000000000000e+00   2.0519888494163752e-05
   3.0000000000000000e+00   2.0164121451671235e-05
   4.0000000000000000e+00   1.9713204892468639e-05
   5.0000000000000000e+00   1.9224185962229967e-05
   6.0000000000000000e+00   1.8786080545396544e-05
   7.0000000000000000e+00   1.8454049495630898e-05
   8.0000000000000000e+00   1.8247044863528572e-05
   9.0000000000000000e+00   1.8061275113723241e-05
   1.0000000000000000e+01   1.7811942598200403e-05
   1.1000000000000000e+01   1.7379052223986946e-05
   1.2000000000000000e+01   1.6768111890996806e-05
   1.3000000000000000e+01   1.6069403500296175e-05
   1.4000000000000000e+01   1.5437493857461959e-05
   1.5000000000000000e+01   1.4938467757019680e-05
   1.6000000000000000e+01   1.4547570572176483e-05
   1.7000000000000000e+01   1.4187433407641947e-05
   1.8000000000000000e+01   1.3818826118949801e-05
   1.9000000000000000e+01   1.3440057955449447e-05
   2.0000000000000000e+01   1.3044060324318707e-05
   2.1000000000000000e+01   1.2639160559047014e-05
   2.2000000000000000e+01   1.2276928828214295e-05
   2.3000000000000000e+01   1.1988760888925754e-05
   2.4000000000000000e+01   1.1775970051530749e-05
   2.5000000000000000e+01   1.1627866115304641e-05
   2.6000000000000000e+01   1.1509913747431710e-05
   2.7000000000000000e+01   1.1413416359573603e-05
   2.8000000000000000e+01   1.1323371836624574e-05
   2.9000000000000000e+01   1.1206996532564517e-05
   3.0000000000000000e+01   1.1117941539851017e-05
   3.1000000000000000e+01   1.1161337170051411e-05
   3.2000000000000000e+01   1.1501473636599258e-05
   3.3000000000000000e+01   1.2313525985518936e-05
   3.4000000000000000e+01   1.3612634575110860e-05
   3.5000000000000000e+01   1.5234537386277225e-05
   3.6000000000000000e+01   1.6835565475048497e-05
   3.7000000000000000e+01   1.8233375158160925e-05
   3.8000000000000000e+01   1.9381477613933384e-05
   3.9000000000000000e+01   2.0550107365124859e-05
   4.0000000000000000e+01   2.2012218323652633e-05
   4.1000000000000000e+01   2.3986849555512890e-05
   4.2000000000000000e+01   2.6616637114784680e-05
   4.3000000000000000e+01   2.9910866942373104e-05
   4.4000000000000000e+01   3.3909884223248810e-05
   4.5000000000000000e+01   3.8854865124449134e-05
   4.6000000000000000e+01   4.5077173126628622e-05
   4.7000000000000000e+01   5.2664978284155950e-05
   4.8000000000000000e+01   6.1580671172123402e-05
   4.9000000000000000e+01   7.1857684815768152e-05
   5.0000000000000000e+01   8.3621191151905805e-05
   5.1000000000000000e+01   9.7263124189339578e-05
   5.2000000000000000e+01   1.1306376109132543e-04
   5.3000000000000000e+01   1.3088741980027407e-04
   5.4000000000000000e+01   1.5012035146355629e-04
   5.5000000000000000e+01   1.6990165750030428e-04
   5.6000000000000000e+01   1.8937850836664438e-04
   5.7000000000000000e+01   2.0792895520571619e-04
   5.8000000000000000e+01   2.2538550547324121e-04
   5.9000000000000000e+01   2.4158867017831653e-04
   6.0000000000000000e+01   2.5610352167859674e-04
   6.1000000000000000e+01   2.6832509320229292e-04
   6.2000000000000000e+01   2.7783663244917989e-04
   6.3000000000000000e+01   2.8439148445613682e-04
   6.4000000000000000e+01   2.8805879992432892e-04
   6.5000000000000000e+01   2.8894183924421668e-04
   6.6000000000000000e+01   2.8713134815916419e-04
   6.7000000000000000e+01   2.8276970260776579e-04
   6.8000000000000000e+01   2.7624118956737220e-04
   6.9000000000000000e+01   2.6789269759319723e-04
   7.0000000000000000e+01   2.5821654708124697e-04
   7.1000000000000000e+01   2.4789001327008009e-04
   7.2000000000000000e+01   2.3742351913824677e-04
   7.3000000000000000e+01   2.2697230451740324e-04
   7.4000000000000000e+01   2.1661662322003394e-04
   7.5000000000000000e+01   2.0651711383834481e-04
   7.6000000000000000e+01   1.9702635472640395e-04
   7.7000000000000000e+01   1.8844912119675428e-04
   7.8000000000000000e+01   1.8097112479154021e-04
   7.9000000000000000e+01   1.7442637181375176e-04
   8.0000000000000000e+01   1.6862701158970594e-04
   8.1000000000000000e+01   1.6328562924172729e-04
   8.2000000000000000e+01   1.5802663983777165e-04
   8.3000000000000000e+01   1.5268947754520923e-04
   8.4000000000000000e+01   1.4742660277988762e-04
   8.5000000000000000e+01   1.4244756312109530e-04
   8.6000000000000000e+01   1.3770774239674211e-04
   8.7000000000000000e+01   1.3306720938999206e-04
   8.8000000000000000e+01   1.2842282012570649e-04
   8.9000000000000000e+01   1.2380525004118681e-04
   9.0000000000000000e+01   1.1933041241718456e-04
   9.1000000000000000e+01   1.1506745795486495e-04
   9.2000000000000000e+01   1.1107145110145211e-04
   9.3000000000000000e+01   1.0741929872892797e-04
   9.4000000000000000e+01   1.0414983262307942e-04
   9.5000000000000000e+01   1.0132914030691609e-04
   9.6000000000000000e+01   9.8936092399526387e-05
   9.7000000000000000e+01   9.6908232080750167e-05
   9.8000000000000000e+01   9.5049705123528838e-05
   9.9000000000000000e+01   9.3192880740389228e-05
   1.0000000000000000e+02   9.1246707597747445e-05
   1.0100000000000000e+02   8.9339417172595859e-05
   1.0200000000000000e+02   8.7662585428915918e-05
   1.0300000000000000e+02   8.6392334196716547e-05
   1.0400000000000000e+02   8.5591549577657133e-05
   1.0500000000000000e+02   8.5135485278442502e-05
   1.0600000000000000e+02   8.4804531070403755e-05
   1.0700000000000000e+02   8.4446466644294560e-05
   1.0800000000000000e+02   8.3955514128319919e-05
   1.0900000000000000e+02   8.3363658632151783e-05
   1.1000000000000000e+02   8.2763042883016169e-05
   1.1100000000000000e+02   8.2333142927382141e-05
   1.1200000000000000e+02   8.2229787949472666e-05
   1.1300000000000000e+02   8.2582890172488987e-05
   1.1400000000000000e+02   8.3382634329609573e-05
   1.1500000000000000e+02   8.4583123680204153e-05
   1.1600000000000000e+02   8.6087136878632009e-05
   1.1700000000000000e+02   8.7850843556225300e-05
   1.1800000000000000e+02   8.9863657194655389e-05
   1.1900000000000000e+02   9.2102221969980747e-05
   1.2000000000000000e+02   9.4581686425954103e-05
   1.2100000000000000e+02   9.7367927082814276e-05
   1.2200000000000000e+02   1.0059605119749904e-04
   1.2300000000000000e+02   1.0456091695232317e-04
   1.2400000000000000e+02   1.0964595276163891e-04
   1.2500000000000000e+02   1.1626291234279051e-04
   1.2600000000000000e+02   1.2475224502850324e-04
   1.2700000000000000e+02   1.3555795885622501e-04
   1.2800000000000000e+02   1.4907903096172959e-04
   1.2900000000000000e+02   1.6592069005127996e-04
   1.3000000000000000e+02   1.8666304822545499e-04
   1.3100000000000000e+02   2.1197872410994023e-04
   1.3200000000000000e+02   2.4259308702312410e-04
   1.3300000000000000e+02   2.7916018734686077e-04
   1.3400000000000000e+02   3.2229913631454110e-04
   1.3500000000000000e+02   3.7257740041241050e-04
   1.3600000000000000e+02   4.3089233804494143e-04
   1.3700000000000000e+02   4.9829733325168490e-04
   1.3800000000000000e+02   5.7624524924904108e-04
   1.3900000000000000e+02   6.6655705450102687e-04
   1.4000000000000000e+02   7.7123811934143305e-04
   1.4100000000000000e+02   8.9261884568259120e-04
   1.4200000000000000e+02   1.0315430117771029e-03
   1.4300000000000000e+02   1.1883622501045465e-03
   1.4400000000000000e+02   1.3632313348352909e-03
   1.4500000000000000e+02   1.5563610941171646e-03
   1.4600000000000000e+02   1.7668748041614890e-03
   1.4700000000000000e+02   1.9941730424761772e-03
   1.4800000000000000e+02   2.2382615134119987e-03
   1.4900000000000000e+02   2.5000425521284342e-03
   1.5000000000000000e+02   2.7812027838081121e-03
   1.5100000000000000e+02   3.0831713229417801e-03
   1.5200000000000000e+02   3.4061647020280361e-03
   1.5300000000000000e+02   3.7504390347748995e-03
   1.5400000000000000e+02   4.1155321523547173e-03
   1.5500000000000000e+02   4.5004743151366711e-03
   1.5600000000000000e+02   4.9031544476747513e-03
   1.5700000000000000e+02   5.3234118968248367e-03
   1.5800000000000000e+02   5.7604354806244373e-03
   1.5900000000000000e+02   6.2130084261298180e-03
   1.6000000000000000e+02   6.6789775155484676e-03
   1.6100000000000000e+02   7.1568735875189304e-03
   1.6200000000000000e+02   7.6457741670310497e-03
   1.6300000000000000e+02   8.1479111686348915e-03
   1.6400000000000000e+02   8.6642652750015259e-03
   1.6500000000000000e+02   9.1958884149789810e-03
   1.6600000000000000e+02   9.7422888502478600e-03
   1.6700000000000000e+02   1.0303610935807228e-02
   1.6800000000000000e+02   1.0878172703087330e-02
   1.6900000000000000e+02   1.1466458439826965e-02
   1.7000000000000000e+02   1.2070421129465103e-02
   1.7100000000000000e+02   1.2690856121480465e-02
   1.7200000000000000e+02   1.3326977379620075e-02
   1.7300000000000000e+02   1.3979086652398109e-02
   1.7400000000000000e+02   1.4646497555077076e-02
   1.7500000000000000e+02   1.5332709997892380e-02
   1.7600000000000000e+02   1.6040105372667313e-02
   1.7700000000000000e+02   1.6772679984569550e-02
   1.7800000000000000e+02   1.7529953271150589e-02
   1.7900000000000000e+02   1.8315624445676804e-02
   1.8000000000000000e+02   1.9132362678647041e-02
   1.8100000000000000e+02   1.9982045516371727e-02
   1.8200000000000000e+02   2.0867774263024330e-02
   1.8300000000000000e+02   2.1790644153952599e-02
   1.8400000000000000e+02   2.2747144103050232e-02
   1.8500000000000000e+02   2.3733988404273987e-02
   1.8600000000000000e+02   2.4747954681515694e-02
   1.8700000000000000e+02   2.5790836662054062e-02
   1.8800000000000000e+02   2.6861004531383514e-02
   1.8900000000000000e+02   2.7958124876022339e-02
   1.9000000000000000e+02   2.9077490791678429e-02
   1.9100000000000000e+02   3.0221033841371536e-02
   1.9200000000000000e+02   3.1388465315103531e-02
   1.9300000000000000e+02   3.2576955854892731e-02
   1.9400000000000000e+02   3.3778909593820572e-02
   1.9500000000000000e+02   3.4987684339284897e-02
   1.9600000000000000e+02   3.6197181791067123e-02
   1.9700000000000000e+02   3.7403568625450134e-02
   1.9800000000000000e+02   3.8602128624916077e-02
   1.9900000000000000e+02   3.9791431277990341e-02
   2.0000000000000000e+02   4.0966290980577469e-02
   2.0100000000000000e+02   4.2125027626752853e-02
   2.0200000000000000e+02   4.3261006474494934e-02
   2.0300000000000000e+02   4.4370967894792557e-02
   2.0400000000000000e+02   4.5452784746885300e-02
   2.0500000000000000e+02   4.6504449099302292e-02
   2.0600000000000000e+02   4.7522820532321930e-02
   2.0700000000000000e+02   4.8506349325180054e-02
   2.0800000000000000e+02   4.9458008259534836e-02
   2.0900000000000000e+02   5.0385624170303345e-02
   2.1000000000000000e+02   5.1294591277837753e-02
   2.1100000000000000e+02   5.2191115915775299e-02
   2.1200000000000000e+02   5.3068798035383224e-02
   2.1300000000000000e+02   5.3924769163131714e-02
   2.1400000000000000e+02   5.4755501449108124e-02
   2.1500000000000000e+02   5.5561140179634094e-02
   2.1600000000000000e+02   5.6348808109760284e-02
   2.1700000000000000e+02   5.7125147432088852e-02
   2.1800000000000000e+02   5.7895332574844360e-02
   2.1900000000000000e+02   5.8662410825490952e-02
   2.2000000000000000e+02   5.9431344270706177e-02
   2.2100000000000000e+02   6.0204617679119110e-02
   2.2200000000000000e+02   6.0980666428804398e-02
   2.2300000000000000e+02   6.1754744499921799e-02
   2.2400000000000000e+02   6.2510728836059570e-02
   2.2500000000000000e+02   6.3234575092792511e-02
   2.2600000000000000e+02   6.3913263380527496e-02
   2.2700000000000000e+02   6.4547948539257050e-02
   2.2800000000000000e+02   6.5143778920173645e-02
   2.2900000000000000e+02   6.5705545246601105e-02
   2.3000000000000000e+02   6.6234901547431946e-02
   2.3100000000000000e+02   6.6727884113788605e-02
   2.3200000000000000e+02   6.7185118794441223e-02
   2.3300000000000000e+02   6.7609302699565887e-02
   2.3400000000000000e+02   6.8003721535205841e-02
   2.3500000000000000e+02   6.8371780216693878e-02
   2.3600000000000000e+02   6.8713530898094177e-02
   2.3700000000000000e+02   6.9027714431285858e-02
   2.3800000000000000e+02   6.9308005273342133e-02
   2.3900000000000000e+02   6.9558538496494293e-02
   2.4000000000000000e+02   6.9787152111530304e-02
   2.4100000000000000e+02   7.0003800094127655e-02
   2.4200000000000000e+02   7.0214673876762390e-02
   2.4300000000000000e+02   7.0420384407043457e-02
   2.4400000000000000e+02   7.0618510246276855e-02
   2.4500000000000000e+02   7.0808544754981995e-02
   2.4600000000000000e+02   7.0989131927490234e-02
   2.4700000000000000e+02   7.1160741150379181e-02
   2.4800000000000000e+02   7.1325071156024933e-02
   2.4900000000000000e+02   7.1487493813037872e-02
   2.5000000000000000e+02   7.1646481752395630e-02
   2.5100000000000000e+02   7.1798913180828094e-02
   2.5200000000000000e+02   7.1938887238502502e-02
   2.5300000000000000e+02   7.2065107524394989e-02
   2.5400000000000000e+02   7.2173453867435455e-02
   2.5500000000000000e+02   7.2258859872817993e-02
   2.5600000000000000e+02   7.2315551340579987e-02
   2.5700000000000000e+02   7.2339862585067749e-02
   2.5800000000000000e+02   7.2332955896854401e-02
   2.5900000000000000e+02   7.2303883731365204e-02
   2.6000000000000000e+02   7.2259455919265747e-02
   2.6100000000000000e+02   7.2204694151878357e-02
   2.6200000000000000e+02   7.2135694324970245e-02
   2.6300000000000000e+02   7.2046674787998199e-02
   2.6400000000000000e+02   7.1926265954971313e-02
   2.6500000000000000e+02   7.1775279939174652e-02
   2.6600000000000000e+02   7.1597918868064880e-02
   2.6700000000000000e+02   7.1404464542865753e-02
   2.6800000000000000e+02   7.1203410625457764e-02
   2.6900000000000000e+02   7.1001544594764709e-02
   2.7000000000000000e+02   7.0795848965644836e-02
   2.7100000000000000e+02   7.0585496723651886e-02
   2.7200000000000000e+02   7.0369124412536621e-02
   2.7300000000000000e+02   7.0147559046745300e-02
   2.7400000000000000e+02   6.9922357797622681e-02
   2.7500000000000000e+02   6.9697432219982147e-02
   2.7600000000000000e+02   6.9473326206207275e-02
   2.7700000000000000e+02   6.9254085421562195e-02
   2.7800000000000000e+02   6.9040738046169281e-02
   2.7900000000000000e+02   6.8833962082862854e-02
   2.8000000000000000e+02   6.8620949983596802e-02
   2.8100000000000000e+02   6.8393617868423462e-02
   2.8200000000000000e+02   6.8144917488098145e-02
   2.8300000000000000e+02   6.7881956696510315e-02
   2.8400000000000000e+02   6.7613862454891205e-02
   2.8500000000000000e+02   6.7356981337070465e-02
   2.8600000000000000e+02   6.7128412425518036e-02
   2.8700000000000000e+02   6.6936857998371124e-02
   2.8800000000000000e+02   6.6781431436538696e-02
   2.8900000000000000e+02   6.6649638116359711e-02
   2.9000000000000000e+02   6.6524609923362732e-02
   2.9100000000000000e+02   6.6396504640579224e-02
   2.9200000000000000e+02   6.6259644925594330e-02
   2.9300000000000000e+02   6.6119112074375153e-02
   2.9400000000000000e+02   6.5983071923255920e-02
   2.9500000000000000e+02   6.5869063138961792e-02
   2.9600000000000000e+02   6.5784774720668793e-02
   2.9700000000000000e+02   6.5729260444641113e-02
   2.9800000000000000e+02   6.5696783363819122e-02
   2.9900000000000000e+02   6.5679810941219330e-02
   3.0000000000000000e+02   6.5672799944877625e-02
