   1.0000000000000000e+00   3.5978347295895219e-04
   2.0000000000000000e+00   3.6837052903138101e-04
   3.0000000000000000e+00   3.9153094985522330e-04
   4.0000000000000000e+00   4.0046201320365071e-04
   5.0000000000000000e+00   4.0123905637301505e-04
   6.0000000000000000e+00   4.1191175114363432e-04
   7.0000000000000000e+00   4.3028360232710838e-04
   8.0000000000000000e+00   4.4250677456147969e-04
   9.0000000000000000e+00   4.6988253598101437e-04
   1.0000000000000000e+01   5.0100364023819566e-04
   1.1000000000000000e+01   5.2453234093263745e-04
   1.2000000000000000e+01   5.5158342001959682e-04
   1.3000000000000000e+01   5.5557134328410029e-04
   1.4000000000000000e+01   5.9223029529675841e-04
   1.5000000000000000e+01   6.2838633311912417e-04
   1.6000000000000000e+01   6.5376242855563760e-04
   1.7000000000000000e+01   6.8584183463826776e-04
   1.8000000000000000e+01   6.9515447830781341e-04
   1.9000000000000000e+01   7.0667726686224341e-04
   2.0000000000000000e+01   7.2613434167578816e-04
   2.1000000000000000e+01   7.3079043067991734e-04
   2.2000000000000000e+01   7.3343975236639380e-04
   2.3000000000000000e+01   7.3933752719312906e-04
   2.4000000000000000e+01   7.5940357055515051e-04
   2.5000000000000000e+01   7.6672283466905355e-04
   2.6000000000000000e+01   7.7337387483566999e-04
   2.7000000000000000e+01   7.7908259117975831e-04
   2.8000000000000000e+01   8.0702896229922771e-04
   2.9000000000000000e+01   7.9143035691231489e-04
   3.0000000000000000e+01   7.9927855404093862e-04
   3.1000000000000000e+01   7.8345567453652620e-04
   3.2000000000000000e+01   7.7670399332419038e-04
   3.3000000000000000e+01   7.8296964056789875e-04
   3.4000000000000000e+01   8.0176664050668478e-04
   3.5000000000000000e+01   8.3510897820815444e-04
   3.6000000000000000e+01   8.7461312068626285e-04
   3.7000000000000000e+01   8.8530604261904955e-04
   3.8000000000000000e+01   9.0292788809165359e-04
   3.9000000000000000e+01   9.2646951088681817e-04
   4.0000000000000000e+01   9.6060882788151503e-04
   4.1000000000000000e+01   1.0037814499810338e-03
   4.2000000000000000e+01   1.0873929131776094e-03
   4.3000000000000000e+01   1.1544781737029552e-03
   4.4000000000000000e+01   1.2942430330440402e-03
   4.5000000000000000e+01   1.4435421908274293e-03
   4.6000000000000000e+01   1.6421311302110553e-03
   4.7000000000000000e+01   1.8781550461426377e-03
   4.8000000000000000e+01   2.1900618448853493e-03
   4.9000000000000000e+01   2.5848436634987593e-03
   5.0000000000000000e+01   3.0597520526498556e-03
   5.1000000000000000e+01   3.6459914408624172e-03
   5.2000000000000000e+01   4.3344777077436447e-03
   5.3000000000000000e+01   5.1106135360896587e-03
   5.4000000000000000e+01   5.9013711288571358e-03
   5.5000000000000000e+01   6.9981710985302925e-03
   5.6000000000000000e+01   8.0976374447345734e-03
   5.7000000000000000e+01   9.2574208974838257e-03
   5.8000000000000000e+01   1.0500699281692505e-02
   5.9000000000000000e+01   1.1781248264014721e-02
   6.0000000000000000e+01   1.3320260681211948e-02
   6.1000000000000000e+01   1.4906303025782108e-02
   6.2000000000000000e+01   1.6665209084749222e-02
   6.3000000000000000e+01   1.8498806282877922e-02
   6.4000000000000000e+01   2.0353842526674271e-02
   6.5000000000000000e+01   2.2230524569749832e-02
   6.6000000000000000e+01   2.4064345285296440e-02
   6.7000000000000000e+01   2.5913277640938759e-02
   6.8000000000000000e+01   2.8164723888039589e-02
   6.9000000000000000e+01   3.0271328985691071e-02
   7.0000000000000000e+01   3.2319642603397369e-02
   7.1000000000000000e+01   3.4379694610834122e-02
   7.2000000000000000e+01   3.6423716694116592e-02
   7.3000000000000000e+01   3.8720406591892242e-02
   7.4000000000000000e+01   4.0987890213727951e-02
   7.5000000000000000e+01   4.3100859969854355e-02
   7.6000000000000000e+01   4.5361183583736420e-02
   7.7000000000000000e+01   4.7665793448686600e-02
   7.8000000000000000e+01   5.0029285252094269e-02
   7.9000000000000000e+01   5.2226766943931580e-02
   8.0000000000000000e+01   5.4371390491724014e-02
   8.1000000000000000e+01   5.6453380733728409e-02
   8.2000000000000000e+01   5.8528169989585876e-02
   8.3000000000000000e+01   6.0387816280126572e-02
   8.4000000000000000e+01   6.2434121966362000e-02
   8.5000000000000000e+01   6.4435653388500214e-02
   8.6000000000000000e+01   6.6502213478088379e-02
   8.7000000000000000e+01   6.8466313183307648e-02
   8.8000000000000000e+01   7.0210337638854980e-02
   8.9000000000000000e+01   7.1920081973075867e-02
   9.0000000000000000e+01   7.3641657829284668e-02
   9.1000000000000000e+01   7.5188584625720978e-02
   9.2000000000000000e+01   7.6597012579441071e-02
   9.3000000000000000e+01   7.7867768704891205e-02
   9.4000000000000000e+01   7.9099133610725403e-02
   9.5000000000000000e+01   8.0224201083183289e-02
   9.6000000000000000e+01   8.1691354513168335e-02
   9.7000000000000000e+01   8.2848496735095978e-02
   9.8000000000000000e+01   8.3652190864086151e-02
   9.9000000000000000e+01   8.4532007575035095e-02
   1.0000000000000000e+02   8.5420288145542145e-02
   1.0100000000000000e+02   8.6043030023574829e-02
   1.0200000000000000e+02   8.6857110261917114e-02
   1.0300000000000000e+02   8.7242916226387024e-02
   1.0400000000000000e+02   8.7760791182518005e-02
   1.0500000000000000e+02   8.8338859379291534e-02
   1.0600000000000000e+02   8.8569797575473785e-02
   1.0700000000000000e+02   8.8779240846633911e-02
   1.0800000000000000e+02   8.9056648313999176e-02
   1.0900000000000000e+02   8.9260287582874298e-02
   1.1000000000000000e+02   8.9473493397235870e-02
   1.1100000000000000e+02   8.9554339647293091e-02
   1.1200000000000000e+02   8.9688673615455627e-02
   1.1300000000000000e+02   8.9911907911300659e-02
   1.1400000000000000e+02   9.0109772980213165e-02
   1.1500000000000000e+02   8.9987777173519135e-02
   1.1600000000000000e+02   9.0170815587043762e-02
   1.1700000000000000e+02   9.0071558952331543e-02
   1.1800000000000000e+02   9.0634956955909729e-02
   1.1900000000000000e+02   9.0502738952636719e-02
   1.2000000000000000e+02   9.0410433709621429e-02
   1.2100000000000000e+02   9.0357303619384766e-02
   1.2200000000000000e+02   9.0432122349739075e-02
   1.2300000000000000e+02   9.0380296111106873e-02
   1.2400000000000000e+02   9.0569235384464264e-02
   1.2500000000000000e+02   9.0711921453475952e-02
   1.2600000000000000e+02   9.0348258614540100e-02
   1.2700000000000000e+02   9.0192623436450958e-02
   1.2800000000000000e+02   9.0125717222690582e-02
   1.2900000000000000e+02   8.9784137904644012e-02
   1.3000000000000000e+02   8.9807957410812378e-02
   1.3100000000000000e+02   8.9429989457130432e-02
   1.3200000000000000e+02   8.9187666773796082e-02
   1.3300000000000000e+02   8.8545955717563629e-02
   1.3400000000000000e+02   8.8297538459300995e-02
   1.3500000000000000e+02   8.8330991566181183e-02
   1.3600000000000000e+02   8.8589668273925781e-02
   1.3700000000000000e+02   8.8450551033020020e-02
   1.3800000000000000e+02   8.8065534830093384e-02
   1.3900000000000000e+02   8.7758988142013550e-02
   1.4000000000000000e+02   8.7657526135444641e-02
   1.4100000000000000e+02   8.7350629270076752e-02
   1.4200000000000000e+02   8.7285496294498444e-02
   1.4300000000000000e+02   8.7199456989765167e-02
   1.4400000000000000e+02   8.7306328117847443e-02
   1.4500000000000000e+02   8.6978830397129059e-02
   1.4600000000000000e+02   8.6969055235385895e-02
   1.4700000000000000e+02   8.6698718369007111e-02
   1.4800000000000000e+02   8.6397014558315277e-02
   1.4900000000000000e+02   8.6486607789993286e-02
   1.5000000000000000e+02   8.6163505911827087e-02
   1.5100000000000000e+02   8.5411749780178070e-02
   1.5200000000000000e+02   8.5079647600650787e-02
   1.5300000000000000e+02   8.4805756807327271e-02
   1.5400000000000000e+02   8.4454841911792755e-02
   1.5500000000000000e+02   8.4115915000438690e-02
   1.5600000000000000e+02   8.4048591554164886e-02
   1.5700000000000000e+02   8.3529733121395111e-02
   1.5800000000000000e+02   8.3094961941242218e-02
   1.5900000000000000e+02   8.2544364035129547e-02
   1.6000000000000000e+02   8.2278631627559662e-02
   1.6100000000000000e+02   8.1873327493667603e-02
   1.6200000000000000e+02   8.1305593252182007e-02
   1.6300000000000000e+02   8.0928601324558258e-02
   1.6400000000000000e+02   8.0330595374107361e-02
   1.6500000000000000e+02   7.9719141125679016e-02
   1.6600000000000000e+02   7.9396247863769531e-02
   1.6700000000000000e+02   7.8856877982616425e-02
   1.6800000000000000e+02   7.8451313078403473e-02
   1.6900000000000000e+02   7.7905878424644470e-02
   1.7000000000000000e+02   7.7125594019889832e-02
   1.7100000000000000e+02   7.6588205993175507e-02
   1.7200000000000000e+02   7.6304368674755096e-02
   1.7300000000000000e+02   7.6045610010623932e-02
   1.7400000000000000e+02   7.5563579797744751e-02
   1.7500000000000000e+02   7.4889674782752991e-02
   1.7600000000000000e+02   7.4683852493762970e-02
   1.7700000000000000e+02   7.4401058256626129e-02
   1.7800000000000000e+02   7.4021779000759125e-02
   1.7900000000000000e+02   7.3557741940021515e-02
   1.8000000000000000e+02   7.3204107582569122e-02
   1.8100000000000000e+02   7.2703510522842407e-02
   1.8200000000000000e+02   7.2346977889537811e-02
   1.8300000000000000e+02   7.1903154253959656e-02
   1.8400000000000000e+02   7.1316085755825043e-02
   1.8500000000000000e+02   7.0893362164497375e-02
   1.8600000000000000e+02   7.0404961705207825e-02
   1.8700000000000000e+02   6.9825790822505951e-02
   1.8800000000000000e+02   6.8891860544681549e-02
   1.8900000000000000e+02   6.8312332034111023e-02
   1.9000000000000000e+02   6.7894317209720612e-02
   1.9100000000000000e+02   6.6924959421157837e-02
   1.9200000000000000e+02   6.6941067576408386e-02
   1.9300000000000000e+02   6.6512748599052429e-02
   1.9400000000000000e+02   6.6008523106575012e-02
   1.9500000000000000e+02   6.5310925245285034e-02
   1.9600000000000000e+02   6.4850777387619019e-02
   1.9700000000000000e+02   6.3995681703090668e-02
   1.9800000000000000e+02   6.3439957797527313e-02
   1.9900000000000000e+02   6.3281811773777008e-02
   2.0000000000000000e+02   6.3204988837242126e-02
   2.0100000000000000e+02   6.2687642872333527e-02
   2.0200000000000000e+02   6.2375448644161224e-02
   2.0300000000000000e+02   6.2226798385381699e-02
   2.0400000000000000e+02   6.1906337738037109e-02
   2.0500000000000000e+02   6.1408955603837967e-02
   2.0600000000000000e+02   6.1201918870210648e-02
   2.0700000000000000e+02   6.0035459697246552e-02
   2.0800000000000000e+02   5.9352841228246689e-02
   2.0900000000000000e+02   5.8905694633722305e-02
   2.1000000000000000e+02   5.8350544422864914e-02
   2.1100000000000000e+02   5.8109685778617859e-02
   2.1200000000000000e+02   5.8202084153890610e-02
   2.1300000000000000e+02   5.7946331799030304e-02
   2.1400000000000000e+02   5.7183101773262024e-02
   2.1500000000000000e+02   5.6270737200975418e-02
   2.1600000000000000e+02   5.5936153978109360e-02
   2.1700000000000000e+02   5.5440001189708710e-02
   2.1800000000000000e+02   5.5061835795640945e-02
   2.1900000000000000e+02   5.4587718099355698e-02
   2.2000000000000000e+02   5.4156724363565445e-02
   2.2100000000000000e+02   5.3582713007926941e-02
   2.2200000000000000e+02   5.3391583263874054e-02
   2.2300000000000000e+02   5.3361453115940094e-02
   2.2400000000000000e+02   5.3129184991121292e-02
   2.2500000000000000e+02   5.3094401955604553e-02
   2.2600000000000000e+02   5.2569095045328140e-02
   2.2700000000000000e+02   5.1806695759296417e-02
   2.2800000000000000e+02   5.1179803907871246e-02
   2.2900000000000000e+02   5.0879377871751785e-02
   2.3000000000000000e+02   5.0667263567447662e-02
   2.3100000000000000e+02   5.0161503255367279e-02
   2.3200000000000000e+02   4.9558367580175400e-02
   2.3300000000000000e+02   4.9006804823875427e-02
   2.3400000000000000e+02   4.8442941159009933e-02
   2.3500000000000000e+02   4.7791607677936554e-02
   2.3600000000000000e+02   4.7351233661174774e-02
   2.3700000000000000e+02   4.6748630702495575e-02
   2.3800000000000000e+02   4.6012658625841141e-02
   2.3900000000000000e+02   4.5511104166507721e-02
   2.4000000000000000e+02   4.4880952686071396e-02
   2.4100000000000000e+02   4.4515606015920639e-02
   2.4200000000000000e+02   4.4031474739313126e-02
   2.4300000000000000e+02   4.3780818581581116e-02
   2.4400000000000000e+02   4.3528720736503601e-02
   2.4500000000000000e+02   4.2937595397233963e-02
   2.4600000000000000e+02   4.2490854859352112e-02
   2.4700000000000000e+02   4.2273424565792084e-02
   2.4800000000000000e+02   4.1760943830013275e-02
   2.4900000000000000e+02   4.1342876851558685e-02
   2.5000000000000000e+02   4.1054792702198029e-02
   2.5100000000000000e+02   4.0864579379558563e-02
   2.5200000000000000e+02   4.0683250874280930e-02
   2.5300000000000000e+02   4.0275894105434418e-02
   2.5400000000000000e+02   3.9961878210306168e-02
   2.5500000000000000e+02   3.9592783898115158e-02
   2.5600000000000000e+02   3.9282221347093582e-02
   2.5700000000000000e+02   3.8961224257946014e-02
   2.5800000000000000e+02   3.8618560880422592e-02
   2.5900000000000000e+02   3.8006417453289032e-02
   2.6000000000000000e+02   3.7499077618122101e-02
   2.6100000000000000e+02   3.7186663597822189e-02
   2.6200000000000000e+02   3.6727879196405411e-02
   2.6300000000000000e+02   3.6410830914974213e-02
   2.6400000000000000e+02   3.6022104322910309e-02
   2.6500000000000000e+02   3.5865709185600281e-02
   2.6600000000000000e+02   3.5227935761213303e-02
   2.6700000000000000e+02   3.4787271171808243e-02
   2.6800000000000000e+02   3.4459080547094345e-02
   2.6900000000000000e+02   3.3963132649660110e-02
   2.7000000000000000e+02   3.3463221043348312e-02
   2.7100000000000000e+02   3.3075973391532898e-02
   2.7200000000000000e+02   3.2585117965936661e-02
   2.7300000000000000e+02   3.1767077744007111e-02
   2.7400000000000000e+02   3.1644012778997421e-02
   2.7500000000000000e+02   3.1331572681665421e-02
   2.7600000000000000e+02   3.1019899994134903e-02
   2.7700000000000000e+02   3.0668789520859718e-02
   2.7800000000000000e+02   3.0222630128264427e-02
   2.7900000000000000e+02   3.0078668147325516e-02
   2.8000000000000000e+02   2.9484296217560768e-02
   2.8100000000000000e+02   2.9183339327573776e-02
   2.8200000000000000e+02   2.8848053887486458e-02
   2.8300000000000000e+02   2.8572713956236839e-02
   2.8400000000000000e+02   2.8112940490245819e-02
   2.8500000000000000e+02   2.7759633958339691e-02
   2.8600000000000000e+02   2.7228824794292450e-02
   2.8700000000000000e+02   2.7220044285058975e-02
   2.8800000000000000e+02   2.7232568711042404e-02
   2.8900000000000000e+02   2.6746528223156929e-02
   2.9000000000000000e+02   2.6527462527155876e-02
   2.9100000000000000e+02   2.6443930342793465e-02
   2.9200000000000000e+02   2.6025433093309402e-02
   2.9300000000000000e+02   2.5974920019507408e-02
   2.9400000000000000e+02   2.5740640237927437e-02
   2.9500000000000000e+02   2.5734169408679008e-02
   2.9600000000000000e+02   2.5621771812438965e-02
   2.9700000000000000e+02   2.5549842044711113e-02
   2.9800000000000000e+02   2.5440165773034096e-02
   2.9900000000000000e+02   2.5510258972644806e-02
   3.0000000000000000e+02   2.5548221543431282e-02
