   1.0000000000000000e+00   8.7860081112012267e-04
   2.0000000000000000e+00   8.7042432278394699e-04
   3.0000000000000000e+00   8.5847207810729742e-04
   4.0000000000000000e+00   8.4266409976407886e-04
   5.0000000000000000e+00   8.2477630348876119e-04
   6.0000000000000000e+00   8.0782157601788640e-04
   7.0000000000000000e+00   7.9377950169146061e-04
   8.0000000000000000e+00   7.8363524517044425e-04
   9.0000000000000000e+00   7.7420845627784729e-04
   1.0000000000000000e+01   7.6254509622231126e-04
   1.1000000000000000e+01   7.4502045754343271e-04
   1.2000000000000000e+01   7.2192237712442875e-04
   1.3000000000000000e+01   6.9633621023967862e-04
   1.4000000000000000e+01   6.7309912992641330e-04
   1.5000000000000000e+01   6.5433286363258958e-04
   1.6000000000000000e+01   6.3922547269612551e-04
   1.7000000000000000e+01   6.2548747519031167e-04
   1.8000000000000000e+01   6.1194901354610920e-04
   1.9000000000000000e+01   5.9860834153369069e-04
   2.0000000000000000e+01   5.8554724091663957e-04
   2.1000000000000000e+01   5.7312531862407923e-04
   2.2000000000000000e+01   5.6274916278198361e-04
   2.3000000000000000e+01   5.5526499636471272e-04
   2.4000000000000000e+01   5.5028009228408337e-04
   2.5000000000000000e+01   5.4693734273314476e-04
   2.6000000000000000e+01   5.4389651631936431e-04
   2.7000000000000000e+01   5.4051185725256801e-04
   2.8000000000000000e+01   5.3609185852110386e-04
   2.9000000000000000e+01   5.2984640933573246e-04
   3.0000000000000000e+01   5.2308687008917332e-04
   3.1000000000000000e+01   5.1902333507314324e-04
   3.2000000000000000e+01   5.2226323168724775e-04
   3.3000000000000000e+01   5.3712207591161132e-04
   3.4000000000000000e+01   5.6354439584538341e-04
   3.5000000000000000e+01   5.9753569075837731e-04
   3.6000000000000000e+01   6.3091225456446409e-04
   3.7000000000000000e+01   6.5879849717020988e-04
   3.8000000000000000e+01   6.8003032356500626e-04
   3.9000000000000000e+01   7.0026161847636104e-04
   4.0000000000000000e+01   7.2556984378024936e-04
   4.1000000000000000e+01   7.6122075552120805e-04
   4.2000000000000000e+01   8.1004132516682148e-04
   4.3000000000000000e+01   8.7106612045317888e-04
   4.4000000000000000e+01   9.4285310478881001e-04
   4.5000000000000000e+01   1.0260746348649263e-03
   4.6000000000000000e+01   1.1229695519432425e-03
   4.7000000000000000e+01   1.2336454819887877e-03
   4.8000000000000000e+01   1.3562152162194252e-03
   4.9000000000000000e+01   1.4901101822033525e-03
   5.0000000000000000e+01   1.6367911593988538e-03
   5.1000000000000000e+01   1.8015092937275767e-03
   5.2000000000000000e+01   1.9866400398313999e-03
   5.3000000000000000e+01   2.1898839622735977e-03
   5.4000000000000000e+01   2.4032632354646921e-03
   5.5000000000000000e+01   2.6163430884480476e-03
   5.6000000000000000e+01   2.8196114581078291e-03
   5.7000000000000000e+01   3.0067726038396358e-03
   5.8000000000000000e+01   3.1785385217517614e-03
   5.9000000000000000e+01   3.3365897834300995e-03
   6.0000000000000000e+01   3.4798688720911741e-03
   6.1000000000000000e+01   3.6037082318216562e-03
   6.2000000000000000e+01   3.7041073665022850e-03
   6.3000000000000000e+01   3.7782317958772182e-03
   6.4000000000000000e+01   3.8262046873569489e-03
   6.5000000000000000e+01   3.8491925224661827e-03
   6.6000000000000000e+01   3.8491687737405300e-03
   6.7000000000000000e+01   3.8288768846541643e-03
   6.8000000000000000e+01   3.7923906929790974e-03
   6.9000000000000000e+01   3.7417828571051359e-03
   7.0000000000000000e+01   3.6807586438953876e-03
   7.1000000000000000e+01   3.6147667560726404e-03
   7.2000000000000000e+01   3.5483564715832472e-03
   7.3000000000000000e+01   3.4820449072867632e-03
   7.4000000000000000e+01   3.4150264691561460e-03
   7.5000000000000000e+01   3.3469649497419596e-03
   7.6000000000000000e+01   3.2803737558424473e-03
   7.7000000000000000e+01   3.2173891086131334e-03
   7.8000000000000000e+01   3.1600946094840765e-03
   7.9000000000000000e+01   3.1071964185684919e-03
   8.0000000000000000e+01   3.0571136157959700e-03
   8.1000000000000000e+01   3.0072594527155161e-03
   8.2000000000000000e+01   2.9545100405812263e-03
   8.3000000000000000e+01   2.8982246294617653e-03
   8.4000000000000000e+01   2.8410782106220722e-03
   8.5000000000000000e+01   2.7853876817971468e-03
   8.6000000000000000e+01   2.7302913367748260e-03
   8.7000000000000000e+01   2.6735186111181974e-03
   8.8000000000000000e+01   2.6138888206332922e-03
   8.9000000000000000e+01   2.5522962678223848e-03
   9.0000000000000000e+01   2.4906594771891832e-03
   9.1000000000000000e+01   2.4303153622895479e-03
   9.2000000000000000e+01   2.3722751066088676e-03
   9.3000000000000000e+01   2.3178730625659227e-03
   9.4000000000000000e+01   2.2684421855956316e-03
   9.5000000000000000e+01   2.2251235786825418e-03
   9.6000000000000000e+01   2.1873372606933117e-03
   9.7000000000000000e+01   2.1538767032325268e-03
   9.8000000000000000e+01   2.1219102200120687e-03
   9.9000000000000000e+01   2.0896233618259430e-03
   1.0000000000000000e+02   2.0566198509186506e-03
   1.0100000000000000e+02   2.0256973803043365e-03
   1.0200000000000000e+02   1.9997942727059126e-03
   1.0300000000000000e+02   1.9808821380138397e-03
   1.0400000000000000e+02   1.9687155727297068e-03
   1.0500000000000000e+02   1.9604722037911415e-03
   1.0600000000000000e+02   1.9527964759618044e-03
   1.0700000000000000e+02   1.9437308656051755e-03
   1.0800000000000000e+02   1.9324417226016521e-03
   1.0900000000000000e+02   1.9202317344024777e-03
   1.1000000000000000e+02   1.9089292036369443e-03
   1.1100000000000000e+02   1.9013576675206423e-03
   1.1200000000000000e+02   1.8994366982951760e-03
   1.1300000000000000e+02   1.9047149689868093e-03
   1.1400000000000000e+02   1.9165811827406287e-03
   1.1500000000000000e+02   1.9341093720868230e-03
   1.1600000000000000e+02   1.9553005695343018e-03
   1.1700000000000000e+02   1.9790329970419407e-03
   1.1800000000000000e+02   2.0048380829393864e-03
   1.1900000000000000e+02   2.0323607604950666e-03
   1.2000000000000000e+02   2.0623258315026760e-03
   1.2100000000000000e+02   2.0959414541721344e-03
   1.2200000000000000e+02   2.1348216105252504e-03
   1.2300000000000000e+02   2.1812911145389080e-03
   1.2400000000000000e+02   2.2378508001565933e-03
   1.2500000000000000e+02   2.3072869516909122e-03
   1.2600000000000000e+02   2.3911141324788332e-03
   1.2700000000000000e+02   2.4920138530433178e-03
   1.2800000000000000e+02   2.6116338558495045e-03
   1.2900000000000000e+02   2.7532111853361130e-03
   1.3000000000000000e+02   2.9197458643466234e-03
   1.3100000000000000e+02   3.1146092806011438e-03
   1.3200000000000000e+02   3.3405486028641462e-03
   1.3300000000000000e+02   3.5999370738863945e-03
   1.3400000000000000e+02   3.8950960151851177e-03
   1.3500000000000000e+02   4.2267334647476673e-03
   1.3600000000000000e+02   4.5966212637722492e-03
   1.3700000000000000e+02   5.0063072703778744e-03
   1.3800000000000000e+02   5.4584243334829807e-03
   1.3900000000000000e+02   5.9561263769865036e-03
   1.4000000000000000e+02   6.5022120252251625e-03
   1.4100000000000000e+02   7.0985490456223488e-03
   1.4200000000000000e+02   7.7384095638990402e-03
   1.4300000000000000e+02   8.4123993292450905e-03
   1.4400000000000000e+02   9.1099524870514870e-03
   1.4500000000000000e+02   9.8255621269345284e-03
   1.4600000000000000e+02   1.0558212175965309e-02
   1.4700000000000000e+02   1.1309767141938210e-02
   1.4800000000000000e+02   1.2085073627531528e-02
   1.4900000000000000e+02   1.2885466217994690e-02
   1.5000000000000000e+02   1.3711214996874332e-02
   1.5100000000000000e+02   1.4556496404111385e-02
   1.5200000000000000e+02   1.5415388159453869e-02
   1.5300000000000000e+02   1.6280947253108025e-02
   1.5400000000000000e+02   1.7143584787845612e-02
   1.5500000000000000e+02   1.7993899062275887e-02
   1.5600000000000000e+02   1.8823755905032158e-02
   1.5700000000000000e+02   1.9635727629065514e-02
   1.5800000000000000e+02   2.0435789600014687e-02
   1.5900000000000000e+02   2.1232221275568008e-02
   1.6000000000000000e+02   2.2026885300874710e-02
   1.6100000000000000e+02   2.2813856601715088e-02
   1.6200000000000000e+02   2.3586280643939972e-02
   1.6300000000000000e+02   2.4337382987141609e-02
   1.6400000000000000e+02   2.5070028379559517e-02
   1.6500000000000000e+02   2.5790693238377571e-02
   1.6600000000000000e+02   2.6506301015615463e-02
   1.6700000000000000e+02   2.7219787240028381e-02
   1.6800000000000000e+02   2.7927443385124207e-02
   1.6900000000000000e+02   2.8632717207074165e-02
   1.7000000000000000e+02   2.9341550543904305e-02
   1.7100000000000000e+02   3.0067332088947296e-02
   1.7200000000000000e+02   3.0814994126558304e-02
   1.7300000000000000e+02   3.1584702432155609e-02
   1.7400000000000000e+02   3.2370869070291519e-02
   1.7500000000000000e+02   3.3168848603963852e-02
   1.7600000000000000e+02   3.3980373293161392e-02
   1.7700000000000000e+02   3.4807365387678146e-02
   1.7800000000000000e+02   3.5647679120302200e-02
   1.7900000000000000e+02   3.6496542394161224e-02
   1.8000000000000000e+02   3.7347633391618729e-02
   1.8100000000000000e+02   3.8202483206987381e-02
   1.8200000000000000e+02   3.9060208946466446e-02
   1.8300000000000000e+02   3.9923187345266342e-02
   1.8400000000000000e+02   4.0780067443847656e-02
   1.8500000000000000e+02   4.1624277830123901e-02
   1.8600000000000000e+02   4.2445383965969086e-02
   1.8700000000000000e+02   4.3245568871498108e-02
   1.8800000000000000e+02   4.4037681072950363e-02
   1.8900000000000000e+02   4.4839955866336823e-02
   1.9000000000000000e+02   4.5670721679925919e-02
   1.9100000000000000e+02   4.6540677547454834e-02
   1.9200000000000000e+02   4.7444976866245270e-02
   1.9300000000000000e+02   4.8372928053140640e-02
   1.9400000000000000e+02   4.9303650856018066e-02
   1.9500000000000000e+02   5.0225518643856049e-02
   1.9600000000000000e+02   5.1131825894117355e-02
   1.9700000000000000e+02   5.2036639302968979e-02
   1.9800000000000000e+02   5.2950080484151840e-02
   1.9900000000000000e+02   5.3883101791143417e-02
   2.0000000000000000e+02   5.4833393543958664e-02
   2.0100000000000000e+02   5.5795297026634216e-02
   2.0200000000000000e+02   5.6758485734462738e-02
   2.0300000000000000e+02   5.7709321379661560e-02
   2.0400000000000000e+02   5.8619771152734756e-02
   2.0500000000000000e+02   5.9456761926412582e-02
   2.0600000000000000e+02   6.0198161751031876e-02
   2.0700000000000000e+02   6.0852181166410446e-02
   2.0800000000000000e+02   6.1450190842151642e-02
   2.0900000000000000e+02   6.2042124569416046e-02
   2.1000000000000000e+02   6.2662579119205475e-02
   2.1100000000000000e+02   6.3318237662315369e-02
   2.1200000000000000e+02   6.3976019620895386e-02
   2.1300000000000000e+02   6.4598828554153442e-02
   2.1400000000000000e+02   6.5160006284713745e-02
   2.1500000000000000e+02   6.5659008920192719e-02
   2.1600000000000000e+02   6.6113866865634918e-02
   2.1700000000000000e+02   6.6539220511913300e-02
   2.1800000000000000e+02   6.6946811974048615e-02
   2.1900000000000000e+02   6.7351520061492920e-02
   2.2000000000000000e+02   6.7771635949611664e-02
   2.2100000000000000e+02   6.8216472864151001e-02
   2.2200000000000000e+02   6.8680651485919952e-02
   2.2300000000000000e+02   6.9146521389484406e-02
   2.2400000000000000e+02   6.9580897688865662e-02
   2.2500000000000000e+02   6.9961421191692352e-02
   2.2600000000000000e+02   7.0278301835060120e-02
   2.2700000000000000e+02   7.0545911788940430e-02
   2.2800000000000000e+02   7.0795565843582153e-02
   2.2900000000000000e+02   7.1053884923458099e-02
   2.3000000000000000e+02   7.1327291429042816e-02
   2.3100000000000000e+02   7.1600392460823059e-02
   2.3200000000000000e+02   7.1862660348415375e-02
   2.3300000000000000e+02   7.2104714810848236e-02
   2.3400000000000000e+02   7.2326317429542542e-02
   2.3500000000000000e+02   7.2535037994384766e-02
   2.3600000000000000e+02   7.2735428810119629e-02
   2.3700000000000000e+02   7.2933904826641083e-02
   2.3800000000000000e+02   7.3128744959831238e-02
   2.3900000000000000e+02   7.3318496346473694e-02
   2.4000000000000000e+02   7.3498219251632690e-02
   2.4100000000000000e+02   7.3666743934154510e-02
   2.4200000000000000e+02   7.3823466897010803e-02
   2.4300000000000000e+02   7.3959298431873322e-02
   2.4400000000000000e+02   7.4068844318389893e-02
   2.4500000000000000e+02   7.4147984385490417e-02
   2.4600000000000000e+02   7.4194774031639099e-02
   2.4700000000000000e+02   7.4206396937370300e-02
   2.4800000000000000e+02   7.4182391166687012e-02
   2.4900000000000000e+02   7.4130930006504059e-02
   2.5000000000000000e+02   7.4061684310436249e-02
   2.5100000000000000e+02   7.3991782963275909e-02
   2.5200000000000000e+02   7.3923788964748383e-02
   2.5300000000000000e+02   7.3857069015502930e-02
   2.5400000000000000e+02   7.3789224028587341e-02
   2.5500000000000000e+02   7.3711149394512177e-02
   2.5600000000000000e+02   7.3611930012702942e-02
   2.5700000000000000e+02   7.3486179113388062e-02
   2.5800000000000000e+02   7.3337338864803314e-02
   2.5900000000000000e+02   7.3177404701709747e-02
   2.6000000000000000e+02   7.3023892939090729e-02
   2.6100000000000000e+02   7.2892501950263977e-02
   2.6200000000000000e+02   7.2789631783962250e-02
   2.6300000000000000e+02   7.2716265916824341e-02
   2.6400000000000000e+02   7.2654895484447479e-02
   2.6500000000000000e+02   7.2581849992275238e-02
   2.6600000000000000e+02   7.2472706437110901e-02
   2.6700000000000000e+02   7.2318203747272491e-02
   2.6800000000000000e+02   7.2119578719139099e-02
   2.6900000000000000e+02   7.1895115077495575e-02
   2.7000000000000000e+02   7.1662254631519318e-02
   2.7100000000000000e+02   7.1440398693084717e-02
   2.7200000000000000e+02   7.1239829063415527e-02
   2.7300000000000000e+02   7.1053162217140198e-02
   2.7400000000000000e+02   7.0862755179405212e-02
   2.7500000000000000e+02   7.0644363760948181e-02
   2.7600000000000000e+02   7.0388033986091614e-02
   2.7700000000000000e+02   7.0102401077747345e-02
   2.7800000000000000e+02   6.9803081452846527e-02
   2.7900000000000000e+02   6.9513939321041107e-02
   2.8000000000000000e+02   6.9245748221874237e-02
   2.8100000000000000e+02   6.9005809724330902e-02
   2.8200000000000000e+02   6.8790234625339508e-02
   2.8300000000000000e+02   6.8589620292186737e-02
   2.8400000000000000e+02   6.8385787308216095e-02
   2.8500000000000000e+02   6.8168245255947113e-02
   2.8600000000000000e+02   6.7936301231384277e-02
   2.8700000000000000e+02   6.7693144083023071e-02
   2.8800000000000000e+02   6.7455463111400604e-02
   2.8900000000000000e+02   6.7238546907901764e-02
   2.9000000000000000e+02   6.7050606012344360e-02
   2.9100000000000000e+02   6.6890306770801544e-02
   2.9200000000000000e+02   6.6747874021530151e-02
   2.9300000000000000e+02   6.6614434123039246e-02
   2.9400000000000000e+02   6.6483460366725922e-02
   2.9500000000000000e+02   6.6353157162666321e-02
   2.9600000000000000e+02   6.6227167844772339e-02
   2.9700000000000000e+02   6.6105395555496216e-02
   2.9800000000000000e+02   6.5994322299957275e-02
   2.9900000000000000e+02   6.5896719694137573e-02
   3.0000000000000000e+02   6.5816581249237061e-02
