   1.0000000000000000e+00   2.6002649683505297e-03
   2.0000000000000000e+00   2.5711986236274242e-03
   3.0000000000000000e+00   2.5307643227279186e-03
   4.0000000000000000e+00   2.4785646237432957e-03
   5.0000000000000000e+00   2.4190356489270926e-03
   6.0000000000000000e+00   2.3593890946358442e-03
   7.0000000000000000e+00   2.3034927435219288e-03
   8.0000000000000000e+00   2.2544201929122210e-03
   9.0000000000000000e+00   2.2044435609132051e-03
   1.0000000000000000e+01   2.1469176281243563e-03
   1.1000000000000000e+01   2.0745841320604086e-03
   1.2000000000000000e+01   1.9895976874977350e-03
   1.3000000000000000e+01   1.9004154019057751e-03
   1.4000000000000000e+01   1.8190863775089383e-03
   1.5000000000000000e+01   1.7513248603790998e-03
   1.6000000000000000e+01   1.6957303741946816e-03
   1.7000000000000000e+01   1.6476309392601252e-03
   1.8000000000000000e+01   1.6043987125158310e-03
   1.9000000000000000e+01   1.5655808383598924e-03
   2.0000000000000000e+01   1.5309423906728625e-03
   2.1000000000000000e+01   1.5006415778771043e-03
   2.2000000000000000e+01   1.4770701527595520e-03
   2.3000000000000000e+01   1.4614771353080869e-03
   2.4000000000000000e+01   1.4525848673656583e-03
   2.5000000000000000e+01   1.4478919329121709e-03
   2.6000000000000000e+01   1.4442936517298222e-03
   2.7000000000000000e+01   1.4399166684597731e-03
   2.8000000000000000e+01   1.4329825062304735e-03
   2.9000000000000000e+01   1.4217846328392625e-03
   3.0000000000000000e+01   1.4087116578593850e-03
   3.1000000000000000e+01   1.4003842370584607e-03
   3.2000000000000000e+01   1.4059507520869374e-03
   3.3000000000000000e+01   1.4334956649690866e-03
   3.4000000000000000e+01   1.4822584344074130e-03
   3.5000000000000000e+01   1.5444566961377859e-03
   3.6000000000000000e+01   1.6045668162405491e-03
   3.7000000000000000e+01   1.6536345938220620e-03
   3.8000000000000000e+01   1.6904202057048678e-03
   3.9000000000000000e+01   1.7263864865526557e-03
   4.0000000000000000e+01   1.7740252660587430e-03
   4.1000000000000000e+01   1.8441855208948255e-03
   4.2000000000000000e+01   1.9429264357313514e-03
   4.3000000000000000e+01   2.0685482304543257e-03
   4.4000000000000000e+01   2.2180092055350542e-03
   4.5000000000000000e+01   2.3915206547826529e-03
   4.6000000000000000e+01   2.5912469718605280e-03
   4.7000000000000000e+01   2.8167888522148132e-03
   4.8000000000000000e+01   3.0641262419521809e-03
   4.9000000000000000e+01   3.3324700780212879e-03
   5.0000000000000000e+01   3.6250618286430836e-03
   5.1000000000000000e+01   3.9518438279628754e-03
   5.2000000000000000e+01   4.3168240226805210e-03
   5.3000000000000000e+01   4.7155753709375858e-03
   5.4000000000000000e+01   5.1339208148419857e-03
   5.5000000000000000e+01   5.5525423958897591e-03
   5.6000000000000000e+01   5.9530977159738541e-03
   5.7000000000000000e+01   6.3237911090254784e-03
   5.8000000000000000e+01   6.6664339974522591e-03
   5.9000000000000000e+01   6.9859283976256847e-03
   6.0000000000000000e+01   7.2827599942684174e-03
   6.1000000000000000e+01   7.5507159344851971e-03
   6.2000000000000000e+01   7.7827516943216324e-03
   6.3000000000000000e+01   7.9746553674340248e-03
   6.4000000000000000e+01   8.1255622208118439e-03
   6.5000000000000000e+01   8.2366764545440674e-03
   6.6000000000000000e+01   8.3105973899364471e-03
   6.7000000000000000e+01   8.3518316969275475e-03
   6.8000000000000000e+01   8.3664134144783020e-03
   6.9000000000000000e+01   8.3565656095743179e-03
   7.0000000000000000e+01   8.3291148766875267e-03
   7.1000000000000000e+01   8.2945451140403748e-03
   7.2000000000000000e+01   8.2620410248637199e-03
   7.3000000000000000e+01   8.2320915535092354e-03
   7.4000000000000000e+01   8.2001751288771629e-03
   7.5000000000000000e+01   8.1623662263154984e-03
   7.6000000000000000e+01   8.1201912835240364e-03
   7.7000000000000000e+01   8.0760046839714050e-03
   7.8000000000000000e+01   8.0327326431870461e-03
   7.9000000000000000e+01   7.9889670014381409e-03
   8.0000000000000000e+01   7.9430667683482170e-03
   8.1000000000000000e+01   7.8931646421551704e-03
   8.2000000000000000e+01   7.8363073989748955e-03
   8.3000000000000000e+01   7.7737434767186642e-03
   8.4000000000000000e+01   7.7107218094170094e-03
   8.5000000000000000e+01   7.6486137695610523e-03
   8.6000000000000000e+01   7.5821154750883579e-03
   8.7000000000000000e+01   7.5036245398223400e-03
   8.8000000000000000e+01   7.4110245332121849e-03
   8.9000000000000000e+01   7.3087271302938461e-03
   9.0000000000000000e+01   7.2038462385535240e-03
   9.1000000000000000e+01   7.1020014584064484e-03
   9.2000000000000000e+01   7.0058484561741352e-03
   9.3000000000000000e+01   6.9183339364826679e-03
   9.4000000000000000e+01   6.8411985412240028e-03
   9.5000000000000000e+01   6.7752669565379620e-03
   9.6000000000000000e+01   6.7161251790821552e-03
   9.7000000000000000e+01   6.6590844653546810e-03
   9.8000000000000000e+01   6.5970467403531075e-03
   9.9000000000000000e+01   6.5276571549475193e-03
   1.0000000000000000e+02   6.4534591510891914e-03
   1.0100000000000000e+02   6.3841524533927441e-03
   1.0200000000000000e+02   6.3280789181590080e-03
   1.0300000000000000e+02   6.2892213463783264e-03
   1.0400000000000000e+02   6.2647224403917789e-03
   1.0500000000000000e+02   6.2465872615575790e-03
   1.0600000000000000e+02   6.2273899093270302e-03
   1.0700000000000000e+02   6.2046544626355171e-03
   1.0800000000000000e+02   6.1782822012901306e-03
   1.0900000000000000e+02   6.1530359089374542e-03
   1.1000000000000000e+02   6.1333007179200649e-03
   1.1100000000000000e+02   6.1251819133758545e-03
   1.1200000000000000e+02   6.1319707892835140e-03
   1.1300000000000000e+02   6.1564524658024311e-03
   1.1400000000000000e+02   6.1959810554981232e-03
   1.1500000000000000e+02   6.2483400106430054e-03
   1.1600000000000000e+02   6.3086668960750103e-03
   1.1700000000000000e+02   6.3740541227161884e-03
   1.1800000000000000e+02   6.4429333433508873e-03
   1.1900000000000000e+02   6.5142847597599030e-03
   1.2000000000000000e+02   6.5902448259294033e-03
   1.2100000000000000e+02   6.6744470968842506e-03
   1.2200000000000000e+02   6.7702732048928738e-03
   1.2300000000000000e+02   6.8808859214186668e-03
   1.2400000000000000e+02   7.0091574452817440e-03
   1.2500000000000000e+02   7.1603059768676758e-03
   1.2600000000000000e+02   7.3365243151783943e-03
   1.2700000000000000e+02   7.5427270494401455e-03
   1.2800000000000000e+02   7.7814944088459015e-03
   1.2900000000000000e+02   8.0589493736624718e-03
   1.3000000000000000e+02   8.3805732429027557e-03
   1.3100000000000000e+02   8.7527511641383171e-03
   1.3200000000000000e+02   9.1793350875377655e-03
   1.3300000000000000e+02   9.6634561195969582e-03
   1.3400000000000000e+02   1.0207935236394405e-02
   1.3500000000000000e+02   1.0812400840222836e-02
   1.3600000000000000e+02   1.1476252228021622e-02
   1.3700000000000000e+02   1.2199350632727146e-02
   1.3800000000000000e+02   1.2981261126697063e-02
   1.3900000000000000e+02   1.3821829110383987e-02
   1.4000000000000000e+02   1.4718501828610897e-02
   1.4100000000000000e+02   1.5668490901589394e-02
   1.4200000000000000e+02   1.6656858846545219e-02
   1.4300000000000000e+02   1.7667766660451889e-02
   1.4400000000000000e+02   1.8683111295104027e-02
   1.4500000000000000e+02   1.9696129485964775e-02
   1.4600000000000000e+02   2.0707126706838608e-02
   1.4700000000000000e+02   2.1720569580793381e-02
   1.4800000000000000e+02   2.2742027416825294e-02
   1.4900000000000000e+02   2.3770421743392944e-02
   1.5000000000000000e+02   2.4804007261991501e-02
   1.5100000000000000e+02   2.5833737105131149e-02
   1.5200000000000000e+02   2.6852957904338837e-02
   1.5300000000000000e+02   2.7854206040501595e-02
   1.5400000000000000e+02   2.8823092579841614e-02
   1.5500000000000000e+02   2.9744634404778481e-02
   1.5600000000000000e+02   3.0604762956500053e-02
   1.5700000000000000e+02   3.1406439840793610e-02
   1.5800000000000000e+02   3.2159946858882904e-02
   1.5900000000000000e+02   3.2884195446968079e-02
   1.6000000000000000e+02   3.3587146550416946e-02
   1.6100000000000000e+02   3.4264784306287766e-02
   1.6200000000000000e+02   3.4910459071397781e-02
   1.6300000000000000e+02   3.5513240844011307e-02
   1.6400000000000000e+02   3.6079008132219315e-02
   1.6500000000000000e+02   3.6620266735553741e-02
   1.6600000000000000e+02   3.7151586264371872e-02
   1.6700000000000000e+02   3.7678975611925125e-02
   1.6800000000000000e+02   3.8201723247766495e-02
   1.6900000000000000e+02   3.8727398961782455e-02
   1.7000000000000000e+02   3.9269197732210159e-02
   1.7100000000000000e+02   3.9854977279901505e-02
   1.7200000000000000e+02   4.0495555847883224e-02
   1.7300000000000000e+02   4.1187468916177750e-02
   1.7400000000000000e+02   4.1913617402315140e-02
   1.7500000000000000e+02   4.2652569711208344e-02
   1.7600000000000000e+02   4.3394427746534348e-02
   1.7700000000000000e+02   4.4133335351943970e-02
   1.7800000000000000e+02   4.4872101396322250e-02
   1.7900000000000000e+02   4.5606534928083420e-02
   1.8000000000000000e+02   4.6330165117979050e-02
   1.8100000000000000e+02   4.7042150050401688e-02
   1.8200000000000000e+02   4.7735802829265594e-02
   1.8300000000000000e+02   4.8410795629024506e-02
   1.8400000000000000e+02   4.9056693911552429e-02
   1.8500000000000000e+02   4.9666147679090500e-02
   1.8600000000000000e+02   5.0221692770719528e-02
   1.8700000000000000e+02   5.0725627690553665e-02
   1.8800000000000000e+02   5.1200650632381439e-02
   1.8900000000000000e+02   5.1678672432899475e-02
   1.9000000000000000e+02   5.2197188138961792e-02
   1.9100000000000000e+02   5.2774332463741302e-02
   1.9200000000000000e+02   5.3402706980705261e-02
   1.9300000000000000e+02   5.4061852395534515e-02
   1.9400000000000000e+02   5.4722554981708527e-02
   1.9500000000000000e+02   5.5367682129144669e-02
   1.9600000000000000e+02   5.5990576744079590e-02
   1.9700000000000000e+02   5.6615371257066727e-02
   1.9800000000000000e+02   5.7257603853940964e-02
   1.9900000000000000e+02   5.7931002229452133e-02
   2.0000000000000000e+02   5.8637328445911407e-02
   2.0100000000000000e+02   5.9378623962402344e-02
   2.0200000000000000e+02   6.0145907104015350e-02
   2.0300000000000000e+02   6.0919441282749176e-02
   2.0400000000000000e+02   6.1654210090637207e-02
   2.0500000000000000e+02   6.2294095754623413e-02
   2.0600000000000000e+02   6.2805622816085815e-02
   2.0700000000000000e+02   6.3206046819686890e-02
   2.0800000000000000e+02   6.3544295728206635e-02
   2.0900000000000000e+02   6.3895002007484436e-02
   2.1000000000000000e+02   6.4309224486351013e-02
   2.1100000000000000e+02   6.4791329205036163e-02
   2.1200000000000000e+02   6.5289184451103210e-02
   2.1300000000000000e+02   6.5747559070587158e-02
   2.1400000000000000e+02   6.6128127276897430e-02
   2.1500000000000000e+02   6.6429011523723602e-02
   2.1600000000000000e+02   6.6677242517471313e-02
   2.1700000000000000e+02   6.6897295415401459e-02
   2.1800000000000000e+02   6.7107990384101868e-02
   2.1900000000000000e+02   6.7331887781620026e-02
   2.2000000000000000e+02   6.7593090236186981e-02
   2.2100000000000000e+02   6.7901827394962311e-02
   2.2200000000000000e+02   6.8243548274040222e-02
   2.2300000000000000e+02   6.8587303161621094e-02
   2.2400000000000000e+02   6.8880170583724976e-02
   2.2500000000000000e+02   6.9085545837879181e-02
   2.2600000000000000e+02   6.9195300340652466e-02
   2.2700000000000000e+02   6.9238439202308655e-02
   2.2800000000000000e+02   6.9268599152565002e-02
   2.2900000000000000e+02   6.9327808916568756e-02
   2.3000000000000000e+02   6.9423668086528778e-02
   2.3100000000000000e+02   6.9522529840469360e-02
   2.3200000000000000e+02   6.9597430527210236e-02
   2.3300000000000000e+02   6.9626182317733765e-02
   2.3400000000000000e+02   6.9608718156814575e-02
   2.3500000000000000e+02   6.9564528763294220e-02
   2.3600000000000000e+02   6.9514058530330658e-02
   2.3700000000000000e+02   6.9481171667575836e-02
   2.3800000000000000e+02   6.9474890828132629e-02
   2.3900000000000000e+02   6.9497324526309967e-02
   2.4000000000000000e+02   6.9538809359073639e-02
   2.4100000000000000e+02   6.9591641426086426e-02
   2.4200000000000000e+02   6.9650575518608093e-02
   2.4300000000000000e+02   6.9695234298706055e-02
   2.4400000000000000e+02   6.9713063538074493e-02
   2.4500000000000000e+02   6.9694265723228455e-02
   2.4600000000000000e+02   6.9643080234527588e-02
   2.4700000000000000e+02   6.9565109908580780e-02
   2.4800000000000000e+02   6.9469444453716278e-02
   2.4900000000000000e+02   6.9368340075016022e-02
   2.5000000000000000e+02   6.9266065955162048e-02
   2.5100000000000000e+02   6.9172307848930359e-02
   2.5200000000000000e+02   6.9077350199222565e-02
   2.5300000000000000e+02   6.8976096808910370e-02
   2.5400000000000000e+02   6.8869709968566895e-02
   2.5500000000000000e+02   6.8752482533454895e-02
   2.5600000000000000e+02   6.8610645830631256e-02
   2.5700000000000000e+02   6.8429857492446899e-02
   2.5800000000000000e+02   6.8209245800971985e-02
   2.5900000000000000e+02   6.7960388958454132e-02
   2.6000000000000000e+02   6.7710183560848236e-02
   2.6100000000000000e+02   6.7482717335224152e-02
   2.6200000000000000e+02   6.7285150289535522e-02
   2.6300000000000000e+02   6.7116834223270416e-02
   2.6400000000000000e+02   6.6956520080566406e-02
   2.6500000000000000e+02   6.6779389977455139e-02
   2.6600000000000000e+02   6.6563181579113007e-02
   2.6700000000000000e+02   6.6298946738243103e-02
   2.6800000000000000e+02   6.5984956920146942e-02
   2.6900000000000000e+02   6.5641641616821289e-02
   2.7000000000000000e+02   6.5293617546558380e-02
   2.7100000000000000e+02   6.4970225095748901e-02
   2.7200000000000000e+02   6.4688600599765778e-02
   2.7300000000000000e+02   6.4443692564964294e-02
   2.7400000000000000e+02   6.4213111996650696e-02
   2.7500000000000000e+02   6.3963070511817932e-02
   2.7600000000000000e+02   6.3673302531242371e-02
   2.7700000000000000e+02   6.3345856964588165e-02
   2.7800000000000000e+02   6.2997765839099884e-02
   2.7900000000000000e+02   6.2656380236148834e-02
   2.8000000000000000e+02   6.2337156385183334e-02
   2.8100000000000000e+02   6.2051344662904739e-02
   2.8200000000000000e+02   6.1800934374332428e-02
   2.8300000000000000e+02   6.1578221619129181e-02
   2.8400000000000000e+02   6.1358280479907990e-02
   2.8500000000000000e+02   6.1123024672269821e-02
   2.8600000000000000e+02   6.0863103717565536e-02
   2.8700000000000000e+02   6.0575228184461594e-02
   2.8800000000000000e+02   6.0279238969087601e-02
   2.8900000000000000e+02   5.9999842196702957e-02
   2.9000000000000000e+02   5.9756651520729065e-02
   2.9100000000000000e+02   5.9554435312747955e-02
   2.9200000000000000e+02   5.9388868510723114e-02
   2.9300000000000000e+02   5.9247579425573349e-02
   2.9400000000000000e+02   5.9121344238519669e-02
   2.9500000000000000e+02   5.9002026915550232e-02
   2.9600000000000000e+02   5.8886129409074783e-02
   2.9700000000000000e+02   5.8769538998603821e-02
   2.9800000000000000e+02   5.8660026639699936e-02
   2.9900000000000000e+02   5.8559834957122803e-02
   3.0000000000000000e+02   5.8473855257034302e-02
