   1.0000000000000000e+00   8.3746939897537231e-02
   2.0000000000000000e+00   8.5202850401401520e-02
   3.0000000000000000e+00   8.6716219782829285e-02
   4.0000000000000000e+00   8.8359676301479340e-02
   5.0000000000000000e+00   9.0080946683883667e-02
   6.0000000000000000e+00   9.1670148074626923e-02
   7.0000000000000000e+00   9.3241356313228607e-02
   8.0000000000000000e+00   9.4797611236572266e-02
   9.0000000000000000e+00   9.7963802516460419e-02
   1.0000000000000000e+01   1.0082935541868210e-01
   1.1000000000000000e+01   1.0370731353759766e-01
   1.2000000000000000e+01   1.0642600804567337e-01
   1.3000000000000000e+01   1.0918535292148590e-01
   1.4000000000000000e+01   1.1147376894950867e-01
   1.5000000000000000e+01   1.1382176727056503e-01
   1.6000000000000000e+01   1.1600599437952042e-01
   1.7000000000000000e+01   1.1790297180414200e-01
   1.8000000000000000e+01   1.1973522603511810e-01
   1.9000000000000000e+01   1.2123033404350281e-01
   2.0000000000000000e+01   1.2238054722547531e-01
   2.1000000000000000e+01   1.2349495291709900e-01
   2.2000000000000000e+01   1.2440393120050430e-01
   2.3000000000000000e+01   1.2501963973045349e-01
   2.4000000000000000e+01   1.2529009580612183e-01
   2.5000000000000000e+01   1.2556749582290649e-01
   2.6000000000000000e+01   1.2545107305049896e-01
   2.7000000000000000e+01   1.2500396370887756e-01
   2.8000000000000000e+01   1.2452867627143860e-01
   2.9000000000000000e+01   1.2421304732561111e-01
   3.0000000000000000e+01   1.2354826182126999e-01
   3.1000000000000000e+01   1.2283547967672348e-01
   3.2000000000000000e+01   1.2209262698888779e-01
   3.3000000000000000e+01   1.2101618200540543e-01
   3.4000000000000000e+01   1.1997444927692413e-01
   3.5000000000000000e+01   1.1890577524900436e-01
   3.6000000000000000e+01   1.1748791486024857e-01
   3.7000000000000000e+01   1.1614415049552917e-01
   3.8000000000000000e+01   1.1489474028348923e-01
   3.9000000000000000e+01   1.1349023878574371e-01
   4.0000000000000000e+01   1.1241419613361359e-01
   4.1000000000000000e+01   1.1114989966154099e-01
   4.2000000000000000e+01   1.1009336262941360e-01
   4.3000000000000000e+01   1.0920040309429169e-01
   4.4000000000000000e+01   1.0805659741163254e-01
   4.5000000000000000e+01   1.0700217634439468e-01
   4.6000000000000000e+01   1.0588046908378601e-01
   4.7000000000000000e+01   1.0506846010684967e-01
   4.8000000000000000e+01   1.0427235066890717e-01
   4.9000000000000000e+01   1.0361668467521667e-01
   5.0000000000000000e+01   1.0277298092842102e-01
   5.1000000000000000e+01   1.0212269425392151e-01
   5.2000000000000000e+01   1.0148818790912628e-01
   5.3000000000000000e+01   1.0079720616340637e-01
   5.4000000000000000e+01   1.0059396177530289e-01
   5.5000000000000000e+01   9.9964648485183716e-02
   5.6000000000000000e+01   9.9616408348083496e-02
   5.7000000000000000e+01   9.9330268800258636e-02
   5.8000000000000000e+01   9.8802365362644196e-02
   5.9000000000000000e+01   9.8566062748432159e-02
   6.0000000000000000e+01   9.8475486040115356e-02
   6.1000000000000000e+01   9.8231896758079529e-02
   6.2000000000000000e+01   9.7885891795158386e-02
   6.3000000000000000e+01   9.7694173455238342e-02
   6.4000000000000000e+01   9.7342424094676971e-02
   6.5000000000000000e+01   9.7329542040824890e-02
   6.6000000000000000e+01   9.7392112016677856e-02
   6.7000000000000000e+01   9.7408100962638855e-02
   6.8000000000000000e+01   9.7426012158393860e-02
   6.9000000000000000e+01   9.7301609814167023e-02
   7.0000000000000000e+01   9.7284533083438873e-02
   7.1000000000000000e+01   9.7177356481552124e-02
   7.2000000000000000e+01   9.7074560821056366e-02
   7.3000000000000000e+01   9.6983000636100769e-02
   7.4000000000000000e+01   9.6667066216468811e-02
   7.5000000000000000e+01   9.6310928463935852e-02
   7.6000000000000000e+01   9.6121080219745636e-02
   7.7000000000000000e+01   9.5692269504070282e-02
   7.8000000000000000e+01   9.5192596316337585e-02
   7.9000000000000000e+01   9.4772987067699432e-02
   8.0000000000000000e+01   9.4213284552097321e-02
   8.1000000000000000e+01   9.3713305890560150e-02
   8.2000000000000000e+01   9.2956572771072388e-02
   8.3000000000000000e+01   9.2271365225315094e-02
   8.4000000000000000e+01   9.1463796794414520e-02
   8.5000000000000000e+01   9.0637549757957458e-02
   8.6000000000000000e+01   9.0017355978488922e-02
   8.7000000000000000e+01   8.9161589741706848e-02
   8.8000000000000000e+01   8.8348783552646637e-02
   8.9000000000000000e+01   8.7415054440498352e-02
   9.0000000000000000e+01   8.6709752678871155e-02
   9.1000000000000000e+01   8.5727140307426453e-02
   9.2000000000000000e+01   8.4904506802558899e-02
   9.3000000000000000e+01   8.4108591079711914e-02
   9.4000000000000000e+01   8.3223305642604828e-02
   9.5000000000000000e+01   8.2403950393199921e-02
   9.6000000000000000e+01   8.1414937973022461e-02
   9.7000000000000000e+01   8.0497846007347107e-02
   9.8000000000000000e+01   7.9571083188056946e-02
   9.9000000000000000e+01   7.8602194786071777e-02
   1.0000000000000000e+02   7.7717781066894531e-02
   1.0100000000000000e+02   7.6649919152259827e-02
   1.0200000000000000e+02   7.5710840523242950e-02
   1.0300000000000000e+02   7.4822284281253815e-02
   1.0400000000000000e+02   7.4057303369045258e-02
   1.0500000000000000e+02   7.2936780750751495e-02
   1.0600000000000000e+02   7.2131708264350891e-02
   1.0700000000000000e+02   7.1299113333225250e-02
   1.0800000000000000e+02   7.0403307676315308e-02
   1.0900000000000000e+02   6.9569617509841919e-02
   1.1000000000000000e+02   6.8723209202289581e-02
   1.1100000000000000e+02   6.7936554551124573e-02
   1.1200000000000000e+02   6.7157737910747528e-02
   1.1300000000000000e+02   6.6320970654487610e-02
   1.1400000000000000e+02   6.5589778125286102e-02
   1.1500000000000000e+02   6.4827993512153625e-02
   1.1600000000000000e+02   6.4015053212642670e-02
   1.1700000000000000e+02   6.3318543136119843e-02
   1.1800000000000000e+02   6.2453724443912506e-02
   1.1900000000000000e+02   6.1649989336729050e-02
   1.2000000000000000e+02   6.0958664864301682e-02
   1.2100000000000000e+02   6.0109626501798630e-02
   1.2200000000000000e+02   5.9271957725286484e-02
   1.2300000000000000e+02   5.8454714715480804e-02
   1.2400000000000000e+02   5.7611625641584396e-02
   1.2500000000000000e+02   5.6706178933382034e-02
   1.2600000000000000e+02   5.6014224886894226e-02
   1.2700000000000000e+02   5.5391054600477219e-02
   1.2800000000000000e+02   5.4721795022487640e-02
   1.2900000000000000e+02   5.3989659994840622e-02
   1.3000000000000000e+02   5.3278885781764984e-02
   1.3100000000000000e+02   5.2654948085546494e-02
   1.3200000000000000e+02   5.1975052803754807e-02
   1.3300000000000000e+02   5.1344361156225204e-02
   1.3400000000000000e+02   5.0738677382469177e-02
   1.3500000000000000e+02   5.0111133605241776e-02
   1.3600000000000000e+02   4.9544923007488251e-02
   1.3700000000000000e+02   4.9038629978895187e-02
   1.3800000000000000e+02   4.8600878566503525e-02
   1.3900000000000000e+02   4.8123639076948166e-02
   1.4000000000000000e+02   4.7672342509031296e-02
   1.4100000000000000e+02   4.7167647629976273e-02
   1.4200000000000000e+02   4.6596173197031021e-02
   1.4300000000000000e+02   4.6112839132547379e-02
   1.4400000000000000e+02   4.5585155487060547e-02
   1.4500000000000000e+02   4.5082423835992813e-02
   1.4600000000000000e+02   4.4546253979206085e-02
   1.4700000000000000e+02   4.4010218232870102e-02
   1.4800000000000000e+02   4.3558526784181595e-02
   1.4900000000000000e+02   4.2968157678842545e-02
   1.5000000000000000e+02   4.2532786726951599e-02
   1.5100000000000000e+02   4.2092557996511459e-02
   1.5200000000000000e+02   4.1568886488676071e-02
   1.5300000000000000e+02   4.1026066988706589e-02
   1.5400000000000000e+02   4.0493406355381012e-02
   1.5500000000000000e+02   3.9901956915855408e-02
   1.5600000000000000e+02   3.9153091609477997e-02
   1.5700000000000000e+02   3.8617689162492752e-02
   1.5800000000000000e+02   3.8001667708158493e-02
   1.5900000000000000e+02   3.7470627576112747e-02
   1.6000000000000000e+02   3.6822605878114700e-02
   1.6100000000000000e+02   3.6346379667520523e-02
   1.6200000000000000e+02   3.5849511623382568e-02
   1.6300000000000000e+02   3.5146977752447128e-02
   1.6400000000000000e+02   3.4698449075222015e-02
   1.6500000000000000e+02   3.4026782959699631e-02
   1.6600000000000000e+02   3.3343613147735596e-02
   1.6700000000000000e+02   3.2784715294837952e-02
   1.6800000000000000e+02   3.2270502299070358e-02
   1.6900000000000000e+02   3.1664665788412094e-02
   1.7000000000000000e+02   3.1152853742241859e-02
   1.7100000000000000e+02   3.0702095478773117e-02
   1.7200000000000000e+02   3.0211415141820908e-02
   1.7300000000000000e+02   2.9754377901554108e-02
   1.7400000000000000e+02   2.9260376468300819e-02
   1.7500000000000000e+02   2.8841784223914146e-02
   1.7600000000000000e+02   2.8280531987547874e-02
   1.7700000000000000e+02   2.7758358046412468e-02
   1.7800000000000000e+02   2.7290139347314835e-02
   1.7900000000000000e+02   2.6743639260530472e-02
   1.8000000000000000e+02   2.6275429874658585e-02
   1.8100000000000000e+02   2.5857176631689072e-02
   1.8200000000000000e+02   2.5347221642732620e-02
   1.8300000000000000e+02   2.4855826050043106e-02
   1.8400000000000000e+02   2.4459993466734886e-02
   1.8500000000000000e+02   2.4005336686968803e-02
   1.8600000000000000e+02   2.3553935810923576e-02
   1.8700000000000000e+02   2.3033114150166512e-02
   1.8800000000000000e+02   2.2511588409543037e-02
   1.8900000000000000e+02   2.2038694471120834e-02
   1.9000000000000000e+02   2.1650068461894989e-02
   1.9100000000000000e+02   2.1233089268207550e-02
   1.9200000000000000e+02   2.0821975544095039e-02
   1.9300000000000000e+02   2.0433882251381874e-02
   1.9400000000000000e+02   2.0012164488434792e-02
   1.9500000000000000e+02   1.9608911126852036e-02
   1.9600000000000000e+02   1.9236691296100616e-02
   1.9700000000000000e+02   1.8840420991182327e-02
   1.9800000000000000e+02   1.8414638936519623e-02
   1.9900000000000000e+02   1.8063629046082497e-02
   2.0000000000000000e+02   1.7796413972973824e-02
   2.0100000000000000e+02   1.7443308606743813e-02
   2.0200000000000000e+02   1.7165355384349823e-02
   2.0300000000000000e+02   1.6840957105159760e-02
   2.0400000000000000e+02   1.6495155170559883e-02
   2.0500000000000000e+02   1.6110358759760857e-02
   2.0600000000000000e+02   1.5887862071394920e-02
   2.0700000000000000e+02   1.5525523573160172e-02
   2.0800000000000000e+02   1.5211734920740128e-02
   2.0900000000000000e+02   1.4867063611745834e-02
   2.1000000000000000e+02   1.4588210731744766e-02
   2.1100000000000000e+02   1.4308508485555649e-02
   2.1200000000000000e+02   1.4129357412457466e-02
   2.1300000000000000e+02   1.3910625129938126e-02
   2.1400000000000000e+02   1.3555756770074368e-02
   2.1500000000000000e+02   1.3293920084834099e-02
   2.1600000000000000e+02   1.3059088960289955e-02
   2.1700000000000000e+02   1.2759940698742867e-02
   2.1800000000000000e+02   1.2693958356976509e-02
   2.1900000000000000e+02   1.2502998113632202e-02
   2.2000000000000000e+02   1.2313341721892357e-02
   2.2100000000000000e+02   1.2132817879319191e-02
   2.2200000000000000e+02   1.1964043602347374e-02
   2.2300000000000000e+02   1.1909435503184795e-02
   2.2400000000000000e+02   1.1897755786776543e-02
   2.2500000000000000e+02   1.1903896927833557e-02
   2.2600000000000000e+02   1.1800085194408894e-02
   2.2700000000000000e+02   1.1710444465279579e-02
   2.2800000000000000e+02   1.1549458838999271e-02
   2.2900000000000000e+02   1.1560540646314621e-02
   2.3000000000000000e+02   1.1509767733514309e-02
   2.3100000000000000e+02   1.1404756456613541e-02
   2.3200000000000000e+02   1.1334862560033798e-02
   2.3300000000000000e+02   1.1145846918225288e-02
   2.3400000000000000e+02   1.1133980937302113e-02
   2.3500000000000000e+02   1.1057641357183456e-02
   2.3600000000000000e+02   1.0917183943092823e-02
   2.3700000000000000e+02   1.0877098888158798e-02
   2.3800000000000000e+02   1.0707544162869453e-02
   2.3900000000000000e+02   1.0568205267190933e-02
   2.4000000000000000e+02   1.0453240014612675e-02
   2.4100000000000000e+02   1.0422392748296261e-02
   2.4200000000000000e+02   1.0302220471203327e-02
   2.4300000000000000e+02   1.0355557315051556e-02
   2.4400000000000000e+02   1.0236570611596107e-02
   2.4500000000000000e+02   1.0158497840166092e-02
   2.4600000000000000e+02   1.0167156346142292e-02
   2.4700000000000000e+02   1.0213544592261314e-02
   2.4800000000000000e+02   1.0255785658955574e-02
   2.4900000000000000e+02   1.0168531909584999e-02
   2.5000000000000000e+02   1.0173428803682327e-02
   2.5100000000000000e+02   1.0217907838523388e-02
   2.5200000000000000e+02   1.0281194001436234e-02
   2.5300000000000000e+02   1.0270538739860058e-02
   2.5400000000000000e+02   1.0303016752004623e-02
   2.5500000000000000e+02   1.0310665704309940e-02
   2.5600000000000000e+02   1.0323203168809414e-02
   2.5700000000000000e+02   1.0280092246830463e-02
   2.5800000000000000e+02   1.0302913375198841e-02
   2.5900000000000000e+02   1.0324790142476559e-02
   2.6000000000000000e+02   1.0263463482260704e-02
   2.6100000000000000e+02   1.0226722806692123e-02
   2.6200000000000000e+02   1.0138333775103092e-02
   2.6300000000000000e+02   1.0061759501695633e-02
   2.6400000000000000e+02   1.0024264454841614e-02
   2.6500000000000000e+02   1.0053255595266819e-02
   2.6600000000000000e+02   9.9565898999571800e-03
   2.6700000000000000e+02   9.8369652405381203e-03
   2.6800000000000000e+02   9.8018189892172813e-03
   2.6900000000000000e+02   9.7099579870700836e-03
   2.7000000000000000e+02   9.5921633765101433e-03
   2.7100000000000000e+02   9.5385070890188217e-03
   2.7200000000000000e+02   9.4952108338475227e-03
   2.7300000000000000e+02   9.2925271019339561e-03
   2.7400000000000000e+02   9.3604978173971176e-03
   2.7500000000000000e+02   9.2833908274769783e-03
   2.7600000000000000e+02   9.1394633054733276e-03
   2.7700000000000000e+02   9.1010946780443192e-03
   2.7800000000000000e+02   8.9952033013105392e-03
   2.7900000000000000e+02   9.0617127716541290e-03
   2.8000000000000000e+02   8.9382315054535866e-03
   2.8100000000000000e+02   8.9034931734204292e-03
   2.8200000000000000e+02   8.8918935507535934e-03
   2.8300000000000000e+02   8.8805556297302246e-03
   2.8400000000000000e+02   8.8574327528476715e-03
   2.8500000000000000e+02   8.8205905631184578e-03
   2.8600000000000000e+02   8.6424844339489937e-03
   2.8700000000000000e+02   8.6952475830912590e-03
   2.8800000000000000e+02   8.7339244782924652e-03
   2.8900000000000000e+02   8.5954573005437851e-03
   2.9000000000000000e+02   8.5913343355059624e-03
   2.9100000000000000e+02   8.6561590433120728e-03
   2.9200000000000000e+02   8.5537731647491455e-03
   2.9300000000000000e+02   8.5980733856558800e-03
   2.9400000000000000e+02   8.4894485771656036e-03
   2.9500000000000000e+02   8.5102524608373642e-03
   2.9600000000000000e+02   8.4763476625084877e-03
   2.9700000000000000e+02   8.4379902109503746e-03
   2.9800000000000000e+02   8.3951372653245926e-03
   2.9900000000000000e+02   8.3861453458666801e-03
   3.0000000000000000e+02   8.3804996684193611e-03
