   1.0000000000000000e+00   5.0548831932246685e-03
   2.0000000000000000e+00   5.4135359823703766e-03
   3.0000000000000000e+00   5.8147469535470009e-03
   4.0000000000000000e+00   6.2394989654421806e-03
   5.0000000000000000e+00   6.6549461334943771e-03
   6.0000000000000000e+00   7.0364181883633137e-03
   7.0000000000000000e+00   7.3904599994421005e-03
   8.0000000000000000e+00   7.6908795163035393e-03
   9.0000000000000000e+00   7.9850172623991966e-03
   1.0000000000000000e+01   8.2968464121222496e-03
   1.1000000000000000e+01   8.6391149088740349e-03
   1.2000000000000000e+01   8.9731896296143532e-03
   1.3000000000000000e+01   9.2422449961304665e-03
   1.4000000000000000e+01   9.3783298507332802e-03
   1.5000000000000000e+01   9.3228761106729507e-03
   1.6000000000000000e+01   9.0489024296402931e-03
   1.7000000000000000e+01   8.5615990683436394e-03
   1.8000000000000000e+01   7.9175364226102829e-03
   1.9000000000000000e+01   7.1882642805576324e-03
   2.0000000000000000e+01   6.4361947588622570e-03
   2.1000000000000000e+01   5.7019703090190887e-03
   2.2000000000000000e+01   5.0110244192183018e-03
   2.3000000000000000e+01   4.3726880103349686e-03
   2.4000000000000000e+01   3.7630987353622913e-03
   2.5000000000000000e+01   3.1592769082635641e-03
   2.6000000000000000e+01   2.5467688683420420e-03
   2.7000000000000000e+01   1.9425004720687866e-03
   2.8000000000000000e+01   1.3870017137378454e-03
   2.9000000000000000e+01   9.1542227892205119e-04
   3.0000000000000000e+01   5.5511289974674582e-04
   3.1000000000000000e+01   3.1112428405322134e-04
   3.2000000000000000e+01   1.6944241360761225e-04
   3.3000000000000000e+01   9.8428674391470850e-05
   3.4000000000000000e+01   6.6975029767490923e-05
   3.5000000000000000e+01   5.4964846640359610e-05
   3.6000000000000000e+01   5.1590261136880144e-05
   3.7000000000000000e+01   5.2070616220589727e-05
   3.8000000000000000e+01   6.0056383517803624e-05
   3.9000000000000000e+01   8.0064630310516804e-05
   4.0000000000000000e+01   1.1661351891234517e-04
   4.1000000000000000e+01   1.7034656775649637e-04
   4.2000000000000000e+01   2.3472310567740351e-04
   4.3000000000000000e+01   2.9791897395625710e-04
   4.4000000000000000e+01   3.4852145472541451e-04
   4.5000000000000000e+01   3.8112030597403646e-04
   4.6000000000000000e+01   3.9743585512042046e-04
   4.7000000000000000e+01   4.0294730570167303e-04
   4.8000000000000000e+01   4.0250370511785150e-04
   4.9000000000000000e+01   4.0042927139438689e-04
   5.0000000000000000e+01   3.9887567982077599e-04
   5.1000000000000000e+01   3.9761391235515475e-04
   5.2000000000000000e+01   3.9352444582618773e-04
   5.3000000000000000e+01   3.8261004374362528e-04
   5.4000000000000000e+01   3.6016374360769987e-04
   5.5000000000000000e+01   3.2157733221538365e-04
   5.6000000000000000e+01   2.7056736871600151e-04
   5.7000000000000000e+01   2.2263231221586466e-04
   5.8000000000000000e+01   2.0673967082984746e-04
   5.9000000000000000e+01   2.5849731173366308e-04
   6.0000000000000000e+01   4.1335573769174516e-04
   6.1000000000000000e+01   6.9645536132156849e-04
   6.2000000000000000e+01   1.1186776682734489e-03
   6.3000000000000000e+01   1.6836045542731881e-03
   6.4000000000000000e+01   2.3818393237888813e-03
   6.5000000000000000e+01   3.1979188788682222e-03
   6.6000000000000000e+01   4.1044410318136215e-03
   6.7000000000000000e+01   5.0542978569865227e-03
   6.8000000000000000e+01   5.9889531694352627e-03
   6.9000000000000000e+01   6.8541979417204857e-03
   7.0000000000000000e+01   7.6183336786925793e-03
   7.1000000000000000e+01   8.2736294716596603e-03
   7.2000000000000000e+01   8.8320076465606689e-03
   7.3000000000000000e+01   9.3145314604043961e-03
   7.4000000000000000e+01   9.7385738044977188e-03
   7.5000000000000000e+01   1.0124011896550655e-02
   7.6000000000000000e+01   1.0484205558896065e-02
   7.7000000000000000e+01   1.0830483399331570e-02
   7.8000000000000000e+01   1.1155619286000729e-02
   7.9000000000000000e+01   1.1433311738073826e-02
   8.0000000000000000e+01   1.1621008627116680e-02
   8.1000000000000000e+01   1.1697786860167980e-02
   8.2000000000000000e+01   1.1677288450300694e-02
   8.3000000000000000e+01   1.1601794511079788e-02
   8.4000000000000000e+01   1.1533640325069427e-02
   8.5000000000000000e+01   1.1521463282406330e-02
   8.6000000000000000e+01   1.1572643183171749e-02
   8.7000000000000000e+01   1.1665920726954937e-02
   8.8000000000000000e+01   1.1777897365391254e-02
   8.9000000000000000e+01   1.1927123181521893e-02
   9.0000000000000000e+01   1.2186792679131031e-02
   9.1000000000000000e+01   1.2707860209047794e-02
   9.2000000000000000e+01   1.3689627870917320e-02
   9.3000000000000000e+01   1.5422420576214790e-02
   9.4000000000000000e+01   1.8289547413587570e-02
   9.5000000000000000e+01   2.2754328325390816e-02
   9.6000000000000000e+01   2.9353713616728783e-02
   9.7000000000000000e+01   3.8657840341329575e-02
   9.8000000000000000e+01   5.1243662834167480e-02
   9.9000000000000000e+01   6.7676767706871033e-02
   1.0000000000000000e+02   8.8485412299633026e-02
   1.0100000000000000e+02   1.1416400223970413e-01
   1.0200000000000000e+02   1.4503619074821472e-01
   1.0300000000000000e+02   1.8114049732685089e-01
   1.0400000000000000e+02   2.2211359441280365e-01
   1.0500000000000000e+02   2.6718232035636902e-01
   1.0600000000000000e+02   3.1523248553276062e-01
   1.0700000000000000e+02   3.6494019627571106e-01
   1.0800000000000000e+02   4.1485899686813354e-01
   1.0900000000000000e+02   4.6349290013313293e-01
   1.1000000000000000e+02   5.0935208797454834e-01
   1.1100000000000000e+02   5.5092704296112061e-01
   1.1200000000000000e+02   5.8672577142715454e-01
   1.1300000000000000e+02   6.1537861824035645e-01
   1.1400000000000000e+02   6.3573867082595825e-01
   1.1500000000000000e+02   6.4701437950134277e-01
   1.1600000000000000e+02   6.4878582954406738e-01
   1.1700000000000000e+02   6.4103758335113525e-01
   1.1800000000000000e+02   6.2414854764938354e-01
   1.1900000000000000e+02   5.9890758991241455e-01
   1.2000000000000000e+02   5.6642264127731323e-01
   1.2100000000000000e+02   5.2802622318267822e-01
   1.2200000000000000e+02   4.8519042134284973e-01
   1.2300000000000000e+02   4.3939995765686035e-01
   1.2400000000000000e+02   3.9212206006050110e-01
   1.2500000000000000e+02   3.4473687410354614e-01
   1.2600000000000000e+02   2.9851925373077393e-01
   1.2700000000000000e+02   2.5464269518852234e-01
   1.2800000000000000e+02   2.1410185098648071e-01
   1.2900000000000000e+02   1.7762650549411774e-01
   1.3000000000000000e+02   1.4559012651443481e-01
   1.3100000000000000e+02   1.1802823841571808e-01
   1.3200000000000000e+02   9.4713643193244934e-02
   1.3300000000000000e+02   7.5270213186740875e-02
   1.3400000000000000e+02   5.9254698455333710e-02
   1.3500000000000000e+02   4.6233288943767548e-02
   1.3600000000000000e+02   3.5805802792310715e-02
   1.3700000000000000e+02   2.7598474174737930e-02
   1.3800000000000000e+02   2.1275438368320465e-02
   1.3900000000000000e+02   1.6508005559444427e-02
   1.4000000000000000e+02   1.3000242412090302e-02
   1.4100000000000000e+02   1.0508202016353607e-02
   1.4200000000000000e+02   8.8267978280782700e-03
   1.4300000000000000e+02   7.7827982604503632e-03
   1.4400000000000000e+02   7.2245793417096138e-03
   1.4500000000000000e+02   7.0198252797126770e-03
   1.4600000000000000e+02   7.0395427756011486e-03
   1.4700000000000000e+02   7.1833175607025623e-03
   1.4800000000000000e+02   7.3785949498414993e-03
   1.4900000000000000e+02   7.5751501135528088e-03
   1.5000000000000000e+02   7.7496790327131748e-03
   1.5100000000000000e+02   7.8996578231453896e-03
   1.5200000000000000e+02   8.0335801467299461e-03
   1.5300000000000000e+02   8.1644328311085701e-03
   1.5400000000000000e+02   8.3035295829176903e-03
   1.5500000000000000e+02   8.4503293037414551e-03
   1.5600000000000000e+02   8.5951117798686028e-03
   1.5700000000000000e+02   8.7251942604780197e-03
   1.5800000000000000e+02   8.8278418406844139e-03
   1.5900000000000000e+02   8.8944276794791222e-03
   1.6000000000000000e+02   8.9253876358270645e-03
   1.6100000000000000e+02   8.9343013241887093e-03
   1.6200000000000000e+02   8.9427744969725609e-03
   1.6300000000000000e+02   8.9685656130313873e-03
   1.6400000000000000e+02   9.0182581916451454e-03
   1.6500000000000000e+02   9.0856011956930161e-03
   1.6600000000000000e+02   9.1595938429236412e-03
   1.6700000000000000e+02   9.2264320701360703e-03
   1.6800000000000000e+02   9.2784324660897255e-03
   1.6900000000000000e+02   9.3115698546171188e-03
   1.7000000000000000e+02   9.3239815905690193e-03
   1.7100000000000000e+02   9.3154096975922585e-03
   1.7200000000000000e+02   9.2830918729305267e-03
   1.7300000000000000e+02   9.2292679473757744e-03
   1.7400000000000000e+02   9.1678323224186897e-03
   1.7500000000000000e+02   9.1138798743486404e-03
   1.7600000000000000e+02   9.0744737535715103e-03
   1.7700000000000000e+02   9.0465247631072998e-03
   1.7800000000000000e+02   9.0191233903169632e-03
   1.7900000000000000e+02   8.9812176302075386e-03
   1.8000000000000000e+02   8.9225992560386658e-03
   1.8100000000000000e+02   8.8398531079292297e-03
   1.8200000000000000e+02   8.7332408875226974e-03
   1.8300000000000000e+02   8.6088217794895172e-03
   1.8400000000000000e+02   8.4724212065339088e-03
   1.8500000000000000e+02   8.3284778520464897e-03
   1.8600000000000000e+02   8.1844544038176537e-03
   1.8700000000000000e+02   8.0445110797882080e-03
   1.8800000000000000e+02   7.9074651002883911e-03
   1.8900000000000000e+02   7.7622006647288799e-03
   1.9000000000000000e+02   7.5949844904243946e-03
   1.9100000000000000e+02   7.3955957777798176e-03
   1.9200000000000000e+02   7.1584633551537991e-03
   1.9300000000000000e+02   6.8917684257030487e-03
   1.9400000000000000e+02   6.6083362326025963e-03
   1.9500000000000000e+02   6.3296435400843620e-03
   1.9600000000000000e+02   6.0707498341798782e-03
   1.9700000000000000e+02   5.8416598476469517e-03
   1.9800000000000000e+02   5.6429551914334297e-03
   1.9900000000000000e+02   5.4681790061295033e-03
   2.0000000000000000e+02   5.3100115619599819e-03
   2.0100000000000000e+02   5.1561105065047741e-03
   2.0200000000000000e+02   5.0018769688904285e-03
   2.0300000000000000e+02   4.8449006862938404e-03
   2.0400000000000000e+02   4.6859714202582836e-03
   2.0500000000000000e+02   4.5310892164707184e-03
   2.0600000000000000e+02   4.3845400214195251e-03
   2.0700000000000000e+02   4.2535294778645039e-03
   2.0800000000000000e+02   4.1361446492373943e-03
   2.0900000000000000e+02   4.0296758525073528e-03
   2.1000000000000000e+02   3.9235604926943779e-03
   2.1100000000000000e+02   3.8066778797656298e-03
   2.1200000000000000e+02   3.6694409791380167e-03
   2.1300000000000000e+02   3.5057771019637585e-03
   2.1400000000000000e+02   3.3177360892295837e-03
   2.1500000000000000e+02   3.1126113608479500e-03
   2.1600000000000000e+02   2.8976765461266041e-03
   2.1700000000000000e+02   2.6781449560075998e-03
   2.1800000000000000e+02   2.4571777321398258e-03
   2.1900000000000000e+02   2.2370754741132259e-03
   2.2000000000000000e+02   2.0166784524917603e-03
   2.2100000000000000e+02   1.7976316157728434e-03
   2.2200000000000000e+02   1.5810760669410229e-03
   2.2300000000000000e+02   1.3711454812437296e-03
   2.2400000000000000e+02   1.1708270758390427e-03
   2.2500000000000000e+02   9.8522251937538385e-04
   2.2600000000000000e+02   8.1883207894861698e-04
   2.2700000000000000e+02   6.7536853021010756e-04
   2.2800000000000000e+02   5.5574567522853613e-04
   2.2900000000000000e+02   4.5704471995122731e-04
   2.3000000000000000e+02   3.7557422183454037e-04
   2.3100000000000000e+02   3.0921143479645252e-04
   2.3200000000000000e+02   2.5558244669809937e-04
   2.3300000000000000e+02   2.1359982201829553e-04
   2.3400000000000000e+02   1.8110712699126452e-04
   2.3500000000000000e+02   1.5621659986209124e-04
   2.3600000000000000e+02   1.3724579184781760e-04
   2.3700000000000000e+02   1.2218140182085335e-04
   2.3800000000000000e+02   1.0975854092976078e-04
   2.3900000000000000e+02   9.9329488875810057e-05
   2.4000000000000000e+02   9.0523899416439235e-05
   2.4100000000000000e+02   8.3287013694643974e-05
   2.4200000000000000e+02   7.7568503911606967e-05
   2.4300000000000000e+02   7.3328257713001221e-05
   2.4400000000000000e+02   7.0441841671708971e-05
   2.4500000000000000e+02   6.8465044023469090e-05
   2.4600000000000000e+02   6.7104600020684302e-05
   2.4700000000000000e+02   6.5930085838772357e-05
   2.4800000000000000e+02   6.4708394347690046e-05
   2.4900000000000000e+02   6.3280473113991320e-05
   2.5000000000000000e+02   6.1782753618899733e-05
   2.5100000000000000e+02   6.0461199609562755e-05
   2.5200000000000000e+02   5.9593883634079248e-05
   2.5300000000000000e+02   5.9319656429579481e-05
   2.5400000000000000e+02   5.9710331697715446e-05
   2.5500000000000000e+02   6.0821868828497827e-05
   2.5600000000000000e+02   6.2782091845292598e-05
   2.5700000000000000e+02   6.5673782955855131e-05
   2.5800000000000000e+02   6.9687164796050638e-05
   2.5900000000000000e+02   7.4955474701710045e-05
   2.6000000000000000e+02   8.1784281064756215e-05
   2.6100000000000000e+02   9.0421432105358690e-05
   2.6200000000000000e+02   1.0152141476282850e-04
   2.6300000000000000e+02   1.1576867109397426e-04
   2.6400000000000000e+02   1.3384390331339091e-04
   2.6500000000000000e+02   1.5633886505383998e-04
   2.6600000000000000e+02   1.8331114551983774e-04
   2.6700000000000000e+02   2.1441126591525972e-04
   2.6800000000000000e+02   2.4944404140114784e-04
   2.6900000000000000e+02   2.8788749477826059e-04
   2.7000000000000000e+02   3.3076811814680696e-04
   2.7100000000000000e+02   3.7924392381682992e-04
   2.7200000000000000e+02   4.3555398588068783e-04
   2.7300000000000000e+02   5.0320103764533997e-04
   2.7400000000000000e+02   5.8487744536250830e-04
   2.7500000000000000e+02   6.8371911766007543e-04
   2.7600000000000000e+02   7.9853832721710205e-04
   2.7700000000000000e+02   9.2608830891549587e-04
   2.7800000000000000e+02   1.0616899235174060e-03
   2.7900000000000000e+02   1.2005736352875829e-03
   2.8000000000000000e+02   1.3436836889013648e-03
   2.8100000000000000e+02   1.4943442074581981e-03
   2.8200000000000000e+02   1.6555573092773557e-03
   2.8300000000000000e+02   1.8285134574398398e-03
   2.8400000000000000e+02   2.0136449020355940e-03
   2.8500000000000000e+02   2.2085080854594707e-03
   2.8600000000000000e+02   2.4083240423351526e-03
   2.8700000000000000e+02   2.6057572104036808e-03
   2.8800000000000000e+02   2.7900186832994223e-03
   2.8900000000000000e+02   2.9513866174966097e-03
   2.9000000000000000e+02   3.0835575889796019e-03
   2.9100000000000000e+02   3.1876049470156431e-03
   2.9200000000000000e+02   3.2710270024836063e-03
   2.9300000000000000e+02   3.3441283740103245e-03
   2.9400000000000000e+02   3.4151964355260134e-03
   2.9500000000000000e+02   3.4833950921893120e-03
   2.9600000000000000e+02   3.5438651684671640e-03
   2.9700000000000000e+02   3.5937293432652950e-03
   2.9800000000000000e+02   3.6328861024230719e-03
   2.9900000000000000e+02   3.6627082154154778e-03
   3.0000000000000000e+02   3.6850215401500463e-03
