   1.0000000000000000e+00   2.1320715313777328e-04
   2.0000000000000000e+00   2.0398221386130899e-04
   3.0000000000000000e+00   1.9308651098981500e-04
   4.0000000000000000e+00   1.8068928329739720e-04
   5.0000000000000000e+00   1.6735734243411571e-04
   6.0000000000000000e+00   1.5355199866462499e-04
   7.0000000000000000e+00   1.3890642730984837e-04
   8.0000000000000000e+00   1.2413242075126618e-04
   9.0000000000000000e+00   1.0882602509809658e-04
   1.0000000000000000e+01   9.3050046416465193e-05
   1.1000000000000000e+01   7.7072407293599099e-05
   1.2000000000000000e+01   6.1384082073345780e-05
   1.3000000000000000e+01   4.6472083340631798e-05
   1.4000000000000000e+01   3.2927229767665267e-05
   1.5000000000000000e+01   2.1492907762876712e-05
   1.6000000000000000e+01   1.2651708857447375e-05
   1.7000000000000000e+01   6.5978624661511276e-06
   1.8000000000000000e+01   3.0279038583103102e-06
   1.9000000000000000e+01   1.2609094710569480e-06
   2.0000000000000000e+01   5.6465847819708870e-07
   2.1000000000000000e+01   3.6987464113735768e-07
   2.2000000000000000e+01   3.8244920119723247e-07
   2.3000000000000000e+01   9.4920352466942859e-07
   2.4000000000000000e+01   4.4372541196935344e-06
   2.5000000000000000e+01   1.5252031516865827e-05
   2.6000000000000000e+01   4.0353112126467749e-05
   2.7000000000000000e+01   8.9132110588252544e-05
   2.8000000000000000e+01   1.6960666107479483e-04
   2.9000000000000000e+01   2.8486741939559579e-04
   3.0000000000000000e+01   4.3157383333891630e-04
   3.1000000000000000e+01   6.0020055389031768e-04
   3.2000000000000000e+01   7.7825022162869573e-04
   3.3000000000000000e+01   9.5525814685970545e-04
   3.4000000000000000e+01   1.1255868012085557e-03
   3.5000000000000000e+01   1.2880886206403375e-03
   3.6000000000000000e+01   1.4482454862445593e-03
   3.7000000000000000e+01   1.6180485254153609e-03
   3.8000000000000000e+01   1.8099143635481596e-03
   3.9000000000000000e+01   2.0369242411106825e-03
   4.0000000000000000e+01   2.3052832111716270e-03
   4.1000000000000000e+01   2.6049520820379257e-03
   4.2000000000000000e+01   2.9051376041024923e-03
   4.3000000000000000e+01   3.1634704209864140e-03
   4.4000000000000000e+01   3.3431029878556728e-03
   4.5000000000000000e+01   3.4284759312868118e-03
   4.6000000000000000e+01   3.4298803657293320e-03
   4.7000000000000000e+01   3.3724682871252298e-03
   4.8000000000000000e+01   3.2833700533956289e-03
   4.9000000000000000e+01   3.1845502089709044e-03
   5.0000000000000000e+01   3.0869857873767614e-03
   5.1000000000000000e+01   2.9907682910561562e-03
   5.2000000000000000e+01   2.8865220956504345e-03
   5.3000000000000000e+01   2.7622133493423462e-03
   5.4000000000000000e+01   2.6016801130026579e-03
   5.5000000000000000e+01   2.3924235720187426e-03
   5.6000000000000000e+01   2.1346621215343475e-03
   5.7000000000000000e+01   1.8468045163899660e-03
   5.8000000000000000e+01   1.5611419221386313e-03
   5.9000000000000000e+01   1.3110218569636345e-03
   6.0000000000000000e+01   1.1167365591973066e-03
   6.1000000000000000e+01   9.7943050786852837e-04
   6.2000000000000000e+01   8.8830880122259259e-04
   6.3000000000000000e+01   8.2782655954360962e-04
   6.4000000000000000e+01   7.8244676114991307e-04
   6.5000000000000000e+01   7.4277661042287946e-04
   6.6000000000000000e+01   7.0332922041416168e-04
   6.7000000000000000e+01   6.6090107429772615e-04
   6.8000000000000000e+01   6.1328732408583164e-04
   6.9000000000000000e+01   5.6007999228313565e-04
   7.0000000000000000e+01   5.0248880870640278e-04
   7.1000000000000000e+01   4.4359383173286915e-04
   7.2000000000000000e+01   3.8735472480766475e-04
   7.3000000000000000e+01   3.3732590964064002e-04
   7.4000000000000000e+01   2.9564174474216998e-04
   7.5000000000000000e+01   2.6253869873471558e-04
   7.6000000000000000e+01   2.3774309374857694e-04
   7.7000000000000000e+01   2.2056950547266752e-04
   7.8000000000000000e+01   2.1014704543631524e-04
   7.9000000000000000e+01   2.0492044859565794e-04
   8.0000000000000000e+01   2.0283073536120355e-04
   8.1000000000000000e+01   2.0195204706396908e-04
   8.2000000000000000e+01   2.0176700490992516e-04
   8.3000000000000000e+01   2.0340352784842253e-04
   8.4000000000000000e+01   2.0878981740679592e-04
   8.5000000000000000e+01   2.1949586516711861e-04
   8.6000000000000000e+01   2.3551897902507335e-04
   8.7000000000000000e+01   2.5570672005414963e-04
   8.8000000000000000e+01   2.7822077390737832e-04
   8.9000000000000000e+01   3.0129242804832757e-04
   9.0000000000000000e+01   3.2349932007491589e-04
   9.1000000000000000e+01   3.4307505120523274e-04
   9.2000000000000000e+01   3.5813584690913558e-04
   9.3000000000000000e+01   3.6758554051630199e-04
   9.4000000000000000e+01   3.7189383874647319e-04
   9.5000000000000000e+01   3.7294562207534909e-04
   9.6000000000000000e+01   3.7342164432629943e-04
   9.7000000000000000e+01   3.7512066774070263e-04
   9.8000000000000000e+01   3.7845998303964734e-04
   9.9000000000000000e+01   3.8253061939030886e-04
   1.0000000000000000e+02   3.8580823456868529e-04
   1.0100000000000000e+02   3.8720949669368565e-04
   1.0200000000000000e+02   3.8615547236986458e-04
   1.0300000000000000e+02   3.8225992466323078e-04
   1.0400000000000000e+02   3.7487919325940311e-04
   1.0500000000000000e+02   3.6347811692394316e-04
   1.0600000000000000e+02   3.4836179111152887e-04
   1.0700000000000000e+02   3.3100065775215626e-04
   1.0800000000000000e+02   3.1353445956483483e-04
   1.0900000000000000e+02   2.9745892970822752e-04
   1.1000000000000000e+02   2.8376010595820844e-04
   1.1100000000000000e+02   2.7254869928583503e-04
   1.1200000000000000e+02   2.6348576648160815e-04
   1.1300000000000000e+02   2.5625288253650069e-04
   1.1400000000000000e+02   2.5063400971703231e-04
   1.1500000000000000e+02   2.4681500508449972e-04
   1.1600000000000000e+02   2.4541059974581003e-04
   1.1700000000000000e+02   2.4688779376447201e-04
   1.1800000000000000e+02   2.5143456878140569e-04
   1.1900000000000000e+02   2.5916218874044716e-04
   1.2000000000000000e+02   2.7001096168532968e-04
   1.2100000000000000e+02   2.8369398205541074e-04
   1.2200000000000000e+02   3.0014675576239824e-04
   1.2300000000000000e+02   3.1889069941826165e-04
   1.2400000000000000e+02   3.3919903216883540e-04
   1.2500000000000000e+02   3.5981685505248606e-04
   1.2600000000000000e+02   3.7958638858981431e-04
   1.2700000000000000e+02   3.9771883166395128e-04
   1.2800000000000000e+02   4.1380213224329054e-04
   1.2900000000000000e+02   4.2787153506651521e-04
   1.3000000000000000e+02   4.4089480070397258e-04
   1.3100000000000000e+02   4.5411262544803321e-04
   1.3200000000000000e+02   4.7058434574864805e-04
   1.3300000000000000e+02   4.9711030442267656e-04
   1.3400000000000000e+02   5.4571335203945637e-04
   1.3500000000000000e+02   6.3784886151552200e-04
   1.3600000000000000e+02   8.0677890218794346e-04
   1.3700000000000000e+02   1.0999210644513369e-03
   1.3800000000000000e+02   1.5769759193062782e-03
   1.3900000000000000e+02   2.3085991851985455e-03
   1.4000000000000000e+02   3.3763782121241093e-03
   1.4100000000000000e+02   4.8732985742390156e-03
   1.4200000000000000e+02   6.9118691608309746e-03
   1.4300000000000000e+02   9.6301380544900894e-03
   1.4400000000000000e+02   1.3202461414039135e-02
   1.4500000000000000e+02   1.7837919294834137e-02
   1.4600000000000000e+02   2.3767139762639999e-02
   1.4700000000000000e+02   3.1237043440341949e-02
   1.4800000000000000e+02   4.0506172925233841e-02
   1.4900000000000000e+02   5.1850460469722748e-02
   1.5000000000000000e+02   6.5564468502998352e-02
   1.5100000000000000e+02   8.1939272582530975e-02
   1.5200000000000000e+02   1.0122343897819519e-01
   1.5300000000000000e+02   1.2358029931783676e-01
   1.5400000000000000e+02   1.4904113113880157e-01
   1.5500000000000000e+02   1.7747972905635834e-01
   1.5600000000000000e+02   2.0859593152999878e-01
   1.5700000000000000e+02   2.4191306531429291e-01
   1.5800000000000000e+02   2.7679425477981567e-01
   1.5900000000000000e+02   3.1249532103538513e-01
   1.6000000000000000e+02   3.4823721647262573e-01
   1.6100000000000000e+02   3.8327011466026306e-01
   1.6200000000000000e+02   4.1689002513885498e-01
   1.6300000000000000e+02   4.4841748476028442e-01
   1.6400000000000000e+02   4.7714573144912720e-01
   1.6500000000000000e+02   5.0231218338012695e-01
   1.6600000000000000e+02   5.2310729026794434e-01
   1.6700000000000000e+02   5.3873997926712036e-01
   1.6800000000000000e+02   5.4853445291519165e-01
   1.6900000000000000e+02   5.5203336477279663e-01
   1.7000000000000000e+02   5.4905414581298828e-01
   1.7100000000000000e+02   5.3972667455673218e-01
   1.7200000000000000e+02   5.2448815107345581e-01
   1.7300000000000000e+02   5.0405019521713257e-01
   1.7400000000000000e+02   4.7929865121841431e-01
   1.7500000000000000e+02   4.5116370916366577e-01
   1.7600000000000000e+02   4.2051628232002258e-01
   1.7700000000000000e+02   3.8811081647872925e-01
   1.7800000000000000e+02   3.5459691286087036e-01
   1.7900000000000000e+02   3.2057327032089233e-01
   1.8000000000000000e+02   2.8663590550422668e-01
   1.8100000000000000e+02   2.5341594219207764e-01
   1.8200000000000000e+02   2.2154940664768219e-01
   1.8300000000000000e+02   1.9162124395370483e-01
   1.8400000000000000e+02   1.6409482061862946e-01
   1.8500000000000000e+02   1.3928003609180450e-01
   1.8600000000000000e+02   1.1732138693332672e-01
   1.8700000000000000e+02   9.8202005028724670e-02
   1.8800000000000000e+02   8.1764250993728638e-02
   1.8900000000000000e+02   6.7746885120868683e-02
   1.9000000000000000e+02   5.5839933454990387e-02
   1.9100000000000000e+02   4.5737415552139282e-02
   1.9200000000000000e+02   3.7176679819822311e-02
   1.9300000000000000e+02   2.9951455071568489e-02
   1.9400000000000000e+02   2.3902533575892448e-02
   1.9500000000000000e+02   1.8894126638770103e-02
   1.9600000000000000e+02   1.4788530766963959e-02
   1.9700000000000000e+02   1.1449086479842663e-02
   1.9800000000000000e+02   8.7458528578281403e-03
   1.9900000000000000e+02   6.5726460888981819e-03
   2.0000000000000000e+02   4.8483847640454769e-03
   2.0100000000000000e+02   3.5067009739577770e-03
   2.0200000000000000e+02   2.4929854553192854e-03
   2.0300000000000000e+02   1.7524937866255641e-03
   2.0400000000000000e+02   1.2309630401432514e-03
   2.0500000000000000e+02   8.7729626102373004e-04
   2.0600000000000000e+02   6.4469402423128486e-04
   2.0700000000000000e+02   4.9611425492912531e-04
   2.0800000000000000e+02   4.0280204848386347e-04
   2.0900000000000000e+02   3.4504904760979116e-04
   2.1000000000000000e+02   3.0946108745411038e-04
   2.1100000000000000e+02   2.8750518686138093e-04
   2.1200000000000000e+02   2.7358627994544804e-04
   2.1300000000000000e+02   2.6387395337224007e-04
   2.1400000000000000e+02   2.5540043134242296e-04
   2.1500000000000000e+02   2.4636901798658073e-04
   2.1600000000000000e+02   2.3590172349940985e-04
   2.1700000000000000e+02   2.2372593230102211e-04
   2.1800000000000000e+02   2.0994272199459374e-04
   2.1900000000000000e+02   1.9511740538291633e-04
   2.2000000000000000e+02   1.7972011119127274e-04
   2.2100000000000000e+02   1.6409462841693312e-04
   2.2200000000000000e+02   1.4816144539508969e-04
   2.2300000000000000e+02   1.3185500574763864e-04
   2.2400000000000000e+02   1.1506890587043017e-04
   2.2500000000000000e+02   9.7927324532065541e-05
   2.2600000000000000e+02   8.0842299212235957e-05
   2.2700000000000000e+02   6.4448111515957862e-05
   2.2800000000000000e+02   4.9592981667956337e-05
   2.2900000000000000e+02   3.6945817555533722e-05
   2.3000000000000000e+02   2.6880827135755681e-05
   2.3100000000000000e+02   1.9301480278954841e-05
   2.3200000000000000e+02   1.3815830243402161e-05
   2.3300000000000000e+02   1.0011081030825153e-05
   2.3400000000000000e+02   7.3697319749044254e-06
   2.3500000000000000e+02   5.5469299695687369e-06
   2.3600000000000000e+02   4.2566716729197651e-06
   2.3700000000000000e+02   3.3355474897689419e-06
   2.3800000000000000e+02   2.6535690267337486e-06
   2.3900000000000000e+02   2.1352020667109173e-06
   2.4000000000000000e+02   1.7331435628875624e-06
   2.4100000000000000e+02   1.4260908756114077e-06
   2.4200000000000000e+02   1.2011894341412699e-06
   2.4300000000000000e+02   1.0465854529684293e-06
   2.4400000000000000e+02   9.4738322786724893e-07
   2.4500000000000000e+02   8.8901350636660936e-07
   2.4600000000000000e+02   8.6031309365353081e-07
   2.4700000000000000e+02   8.4878774941898882e-07
   2.4800000000000000e+02   8.4898869090466178e-07
   2.4900000000000000e+02   8.5626032841901178e-07
   2.5000000000000000e+02   8.6999659743014490e-07
   2.5100000000000000e+02   8.9163489747079439e-07
   2.5200000000000000e+02   9.2451136879390106e-07
   2.5300000000000000e+02   9.6992118869820843e-07
   2.5400000000000000e+02   1.0284596783094457e-06
   2.5500000000000000e+02   1.1010371281372500e-06
   2.5600000000000000e+02   1.1948571909670136e-06
   2.5700000000000000e+02   1.3273249805934029e-06
   2.5800000000000000e+02   1.5246170050886576e-06
   2.5900000000000000e+02   1.8230639398097992e-06
   2.6000000000000000e+02   2.2599299427383812e-06
   2.6100000000000000e+02   2.8621525416383520e-06
   2.6200000000000000e+02   3.6825538245466305e-06
   2.6300000000000000e+02   4.7742337301315274e-06
   2.6400000000000000e+02   6.2533908931072801e-06
   2.6500000000000000e+02   8.2554961409186944e-06
   2.6600000000000000e+02   1.0922104593191762e-05
   2.6700000000000000e+02   1.4369299606187269e-05
   2.6800000000000000e+02   1.8662281945580617e-05
   2.6900000000000000e+02   2.3799377231625840e-05
   2.7000000000000000e+02   2.9813551009283401e-05
   2.7100000000000000e+02   3.6779369111172855e-05
   2.7200000000000000e+02   4.4755794078810140e-05
   2.7300000000000000e+02   5.3727089834865183e-05
   2.7400000000000000e+02   6.3559178670402616e-05
   2.7500000000000000e+02   7.4069845140911639e-05
   2.7600000000000000e+02   8.5114923422224820e-05
   2.7700000000000000e+02   9.6519732323940843e-05
   2.7800000000000000e+02   1.0817270231200382e-04
   2.7900000000000000e+02   1.2002593575743958e-04
   2.8000000000000000e+02   1.3213531929068267e-04
   2.8100000000000000e+02   1.4450079470407218e-04
   2.8200000000000000e+02   1.5710871957708150e-04
   2.8300000000000000e+02   1.6972271259874105e-04
   2.8400000000000000e+02   1.8185417866334319e-04
   2.8500000000000000e+02   1.9294614321552217e-04
   2.8600000000000000e+02   2.0260371093172580e-04
   2.8700000000000000e+02   2.1082999592181295e-04
   2.8800000000000000e+02   2.1793754422105849e-04
   2.8900000000000000e+02   2.2429595992434770e-04
   2.9000000000000000e+02   2.3011220037005842e-04
   2.9100000000000000e+02   2.3540711845271289e-04
   2.9200000000000000e+02   2.4018704425543547e-04
   2.9300000000000000e+02   2.4438070249743760e-04
   2.9400000000000000e+02   2.4789312737993896e-04
   2.9500000000000000e+02   2.5051934062503278e-04
   2.9600000000000000e+02   2.5215678033418953e-04
   2.9700000000000000e+02   2.5259656831622124e-04
   2.9800000000000000e+02   2.5192712200805545e-04
   2.9900000000000000e+02   2.5050307158380747e-04
   3.0000000000000000e+02   2.4870052584446967e-04
