   1.0000000000000000e+00   1.7536433413624763e-02
   2.0000000000000000e+00   1.7064871266484261e-02
   3.0000000000000000e+00   1.6629092395305634e-02
   4.0000000000000000e+00   1.6167247667908669e-02
   5.0000000000000000e+00   1.5642087906599045e-02
   6.0000000000000000e+00   1.5169746242463589e-02
   7.0000000000000000e+00   1.4647374860942364e-02
   8.0000000000000000e+00   1.4164116233587265e-02
   9.0000000000000000e+00   1.3698900118470192e-02
   1.0000000000000000e+01   1.3322762213647366e-02
   1.1000000000000000e+01   1.2922773137688637e-02
   1.2000000000000000e+01   1.2467999011278152e-02
   1.3000000000000000e+01   1.2170390225946903e-02
   1.4000000000000000e+01   1.1739739216864109e-02
   1.5000000000000000e+01   1.1200227774679661e-02
   1.6000000000000000e+01   1.0748901404440403e-02
   1.7000000000000000e+01   1.0344221256673336e-02
   1.8000000000000000e+01   1.0018385015428066e-02
   1.9000000000000000e+01   9.5919193699955940e-03
   2.0000000000000000e+01   9.2600537464022636e-03
   2.1000000000000000e+01   8.8555803522467613e-03
   2.2000000000000000e+01   8.5592027753591537e-03
   2.3000000000000000e+01   8.2503417506814003e-03
   2.4000000000000000e+01   7.9122139140963554e-03
   2.5000000000000000e+01   7.5689675286412239e-03
   2.6000000000000000e+01   7.2466996498405933e-03
   2.7000000000000000e+01   6.9482880644500256e-03
   2.8000000000000000e+01   6.6405744291841984e-03
   2.9000000000000000e+01   6.3906032592058182e-03
   3.0000000000000000e+01   6.2077310867607594e-03
   3.1000000000000000e+01   5.9926351532340050e-03
   3.2000000000000000e+01   5.7608210481703281e-03
   3.3000000000000000e+01   5.5276858620345592e-03
   3.4000000000000000e+01   5.3767515346407890e-03
   3.5000000000000000e+01   5.1760096102952957e-03
   3.6000000000000000e+01   5.0532217137515545e-03
   3.7000000000000000e+01   4.9006403423845768e-03
   3.8000000000000000e+01   4.7697159461677074e-03
   3.9000000000000000e+01   4.6526370570063591e-03
   4.0000000000000000e+01   4.5401756651699543e-03
   4.1000000000000000e+01   4.4744210317730904e-03
   4.2000000000000000e+01   4.3599503114819527e-03
   4.3000000000000000e+01   4.2160977609455585e-03
   4.4000000000000000e+01   4.1347532533109188e-03
   4.5000000000000000e+01   4.0188832208514214e-03
   4.6000000000000000e+01   3.9502871222794056e-03
   4.7000000000000000e+01   3.8793652784079313e-03
   4.8000000000000000e+01   3.8354881107807159e-03
   4.9000000000000000e+01   3.7589850835502148e-03
   5.0000000000000000e+01   3.7055015563964844e-03
   5.1000000000000000e+01   3.6585077177733183e-03
   5.2000000000000000e+01   3.6276793107390404e-03
   5.3000000000000000e+01   3.6066947504878044e-03
   5.4000000000000000e+01   3.5474514588713646e-03
   5.5000000000000000e+01   3.4729263279587030e-03
   5.6000000000000000e+01   3.3766466658562422e-03
   5.7000000000000000e+01   3.4181731753051281e-03
   5.8000000000000000e+01   3.4090986009687185e-03
   5.9000000000000000e+01   3.3761300146579742e-03
   6.0000000000000000e+01   3.3630956895649433e-03
   6.1000000000000000e+01   3.3142173197120428e-03
   6.2000000000000000e+01   3.2564452849328518e-03
   6.3000000000000000e+01   3.2226040493696928e-03
   6.4000000000000000e+01   3.2409268897026777e-03
   6.5000000000000000e+01   3.1942722853273153e-03
   6.6000000000000000e+01   3.1755256932228804e-03
   6.7000000000000000e+01   3.1308981124311686e-03
   6.8000000000000000e+01   3.0931227374821901e-03
   6.9000000000000000e+01   3.1157247722148895e-03
   7.0000000000000000e+01   3.1482065096497536e-03
   7.1000000000000000e+01   3.1750614289194345e-03
   7.2000000000000000e+01   3.1327358447015285e-03
   7.3000000000000000e+01   3.1354951206594706e-03
   7.4000000000000000e+01   3.1039535533636808e-03
   7.5000000000000000e+01   3.1200607772916555e-03
   7.6000000000000000e+01   3.1129724811762571e-03
   7.7000000000000000e+01   3.1536668539047241e-03
   7.8000000000000000e+01   3.1858703587204218e-03
   7.9000000000000000e+01   3.1627037096768618e-03
   8.0000000000000000e+01   3.1667139846831560e-03
   8.1000000000000000e+01   3.1840901356190443e-03
   8.2000000000000000e+01   3.1968557741492987e-03
   8.3000000000000000e+01   3.1956681050360203e-03
   8.4000000000000000e+01   3.2009058631956577e-03
   8.5000000000000000e+01   3.1824877951294184e-03
   8.6000000000000000e+01   3.1799285206943750e-03
   8.7000000000000000e+01   3.1962001230567694e-03
   8.8000000000000000e+01   3.2293151598423719e-03
   8.9000000000000000e+01   3.2364025246351957e-03
   9.0000000000000000e+01   3.2243304885923862e-03
   9.1000000000000000e+01   3.2249221112579107e-03
   9.2000000000000000e+01   3.1995300669223070e-03
   9.3000000000000000e+01   3.1666562426835299e-03
   9.4000000000000000e+01   3.1916843727231026e-03
   9.5000000000000000e+01   3.1812866218388081e-03
   9.6000000000000000e+01   3.1330999918282032e-03
   9.7000000000000000e+01   3.1637926585972309e-03
   9.8000000000000000e+01   3.1563430093228817e-03
   9.9000000000000000e+01   3.1066124793142080e-03
   1.0000000000000000e+02   3.1107205431908369e-03
   1.0100000000000000e+02   3.0772387981414795e-03
   1.0200000000000000e+02   3.0753379687666893e-03
   1.0300000000000000e+02   3.0681819189339876e-03
   1.0400000000000000e+02   3.0815163627266884e-03
   1.0500000000000000e+02   3.1349298078566790e-03
   1.0600000000000000e+02   3.1602790113538504e-03
   1.0700000000000000e+02   3.1932003330439329e-03
   1.0800000000000000e+02   3.1827841885387897e-03
   1.0900000000000000e+02   3.1415624544024467e-03
   1.1000000000000000e+02   3.1895812135189772e-03
   1.1100000000000000e+02   3.2438195776194334e-03
   1.1200000000000000e+02   3.2097410876303911e-03
   1.1300000000000000e+02   3.2287980429828167e-03
   1.1400000000000000e+02   3.2857437618076801e-03
   1.1500000000000000e+02   3.2661089207977057e-03
   1.1600000000000000e+02   3.3159805461764336e-03
   1.1700000000000000e+02   3.3130359370261431e-03
   1.1800000000000000e+02   3.3068547490984201e-03
   1.1900000000000000e+02   3.3091020304709673e-03
   1.2000000000000000e+02   3.2608993351459503e-03
   1.2100000000000000e+02   3.2487413845956326e-03
   1.2200000000000000e+02   3.2424298115074635e-03
   1.2300000000000000e+02   3.2743127085268497e-03
   1.2400000000000000e+02   6.6252432763576508e-02
   1.2500000000000000e+02   7.0041649043560028e-02
   1.2600000000000000e+02   7.4082486331462860e-02
   1.2700000000000000e+02   7.7714890241622925e-02
   1.2800000000000000e+02   8.1099741160869598e-02
   1.2900000000000000e+02   8.4333963692188263e-02
   1.3000000000000000e+02   8.7657578289508820e-02
   1.3100000000000000e+02   9.0790748596191406e-02
   1.3200000000000000e+02   9.7486980259418488e-02
   1.3300000000000000e+02   1.0444466024637222e-01
   1.3400000000000000e+02   1.1100638657808304e-01
   1.3500000000000000e+02   1.1706098169088364e-01
   1.3600000000000000e+02   1.2266815453767776e-01
   1.3700000000000000e+02   1.2785382568836212e-01
   1.3800000000000000e+02   1.3299934566020966e-01
   1.3900000000000000e+02   1.3736575841903687e-01
   1.4000000000000000e+02   1.4132876694202423e-01
   1.4100000000000000e+02   1.4474317431449890e-01
   1.4200000000000000e+02   1.4796498417854309e-01
   1.4300000000000000e+02   1.5061159431934357e-01
   1.4400000000000000e+02   1.5295672416687012e-01
   1.4500000000000000e+02   1.5487657487392426e-01
   1.4600000000000000e+02   1.5655641257762909e-01
   1.4700000000000000e+02   1.5766659379005432e-01
   1.4800000000000000e+02   1.5844729542732239e-01
   1.4900000000000000e+02   1.5852531790733337e-01
   1.5000000000000000e+02   1.5822122991085052e-01
   1.5100000000000000e+02   1.5791675448417664e-01
   1.5200000000000000e+02   1.5755738317966461e-01
   1.5300000000000000e+02   1.5667231380939484e-01
   1.5400000000000000e+02   1.5595345199108124e-01
   1.5500000000000000e+02   1.5489660203456879e-01
   1.5600000000000000e+02   1.5346662700176239e-01
   1.5700000000000000e+02   1.5219256281852722e-01
   1.5800000000000000e+02   1.5101224184036255e-01
   1.5900000000000000e+02   1.4953103661537170e-01
   1.6000000000000000e+02   1.4784221351146698e-01
   1.6100000000000000e+02   1.4593328535556793e-01
   1.6200000000000000e+02   1.4387556910514832e-01
   1.6300000000000000e+02   1.4196048676967621e-01
   1.6400000000000000e+02   1.4017182588577271e-01
   1.6500000000000000e+02   1.3893218338489532e-01
   1.6600000000000000e+02   1.3728874921798706e-01
   1.6700000000000000e+02   1.3580591976642609e-01
   1.6800000000000000e+02   1.3400319218635559e-01
   1.6900000000000000e+02   1.3204136490821838e-01
   1.7000000000000000e+02   1.3049867749214172e-01
   1.7100000000000000e+02   1.2929509580135345e-01
   1.7200000000000000e+02   1.2764994800090790e-01
   1.7300000000000000e+02   1.2599246203899384e-01
   1.7400000000000000e+02   1.2463803589344025e-01
   1.7500000000000000e+02   1.2321018427610397e-01
   1.7600000000000000e+02   1.2187711894512177e-01
   1.7700000000000000e+02   1.2068738043308258e-01
   1.7800000000000000e+02   1.1932341009378433e-01
   1.7900000000000000e+02   1.1820416897535324e-01
   1.8000000000000000e+02   1.1655294150114059e-01
   1.8100000000000000e+02   1.1514878273010254e-01
   1.8200000000000000e+02   1.1340879648923874e-01
   1.8300000000000000e+02   1.1212833225727081e-01
   1.8400000000000000e+02   1.1074571311473846e-01
   1.8500000000000000e+02   1.0916434973478317e-01
   1.8600000000000000e+02   1.0767837613821030e-01
   1.8700000000000000e+02   1.0614025592803955e-01
   1.8800000000000000e+02   1.0474446415901184e-01
   1.8900000000000000e+02   1.0333256423473358e-01
   1.9000000000000000e+02   1.0197834670543671e-01
   1.9100000000000000e+02   1.0078635811805725e-01
   1.9200000000000000e+02   9.9388837814331055e-02
   1.9300000000000000e+02   9.7956322133541107e-02
   1.9400000000000000e+02   9.6571497619152069e-02
   1.9500000000000000e+02   9.5243558287620544e-02
   1.9600000000000000e+02   9.3956425786018372e-02
   1.9700000000000000e+02   9.2693701386451721e-02
   1.9800000000000000e+02   9.1516509652137756e-02
   1.9900000000000000e+02   9.0429432690143585e-02
   2.0000000000000000e+02   8.9341051876544952e-02
   2.0100000000000000e+02   8.7931632995605469e-02
   2.0200000000000000e+02   8.6757190525531769e-02
   2.0300000000000000e+02   8.5492059588432312e-02
   2.0400000000000000e+02   8.4258057177066803e-02
   2.0500000000000000e+02   8.3050437271595001e-02
   2.0600000000000000e+02   8.1717848777770996e-02
   2.0700000000000000e+02   8.0484293401241302e-02
   2.0800000000000000e+02   7.9339265823364258e-02
   2.0900000000000000e+02   7.8074261546134949e-02
   2.1000000000000000e+02   7.6902516186237335e-02
   2.1100000000000000e+02   7.5642824172973633e-02
   2.1200000000000000e+02   7.4553541839122772e-02
   2.1300000000000000e+02   7.3674835264682770e-02
   2.1400000000000000e+02   7.2480693459510803e-02
   2.1500000000000000e+02   7.1380332112312317e-02
   2.1600000000000000e+02   7.0438742637634277e-02
   2.1700000000000000e+02   6.9460846483707428e-02
   2.1800000000000000e+02   6.8553410470485687e-02
   2.1900000000000000e+02   6.7540250718593597e-02
   2.2000000000000000e+02   6.6530391573905945e-02
   2.2100000000000000e+02   6.5598212182521820e-02
   2.2200000000000000e+02   6.4764373004436493e-02
   2.2300000000000000e+02   6.3871622085571289e-02
   2.2400000000000000e+02   6.3046172261238098e-02
   2.2500000000000000e+02   6.2224220484495163e-02
   2.2600000000000000e+02   6.1314105987548828e-02
   2.2700000000000000e+02   6.0443650931119919e-02
   2.2800000000000000e+02   5.9285659343004227e-02
   2.2900000000000000e+02   5.8495208621025085e-02
   2.3000000000000000e+02   5.7595189660787582e-02
   2.3100000000000000e+02   5.6715011596679688e-02
   2.3200000000000000e+02   5.5834330618381500e-02
   2.3300000000000000e+02   5.5128578096628189e-02
   2.3400000000000000e+02   5.4308731108903885e-02
   2.3500000000000000e+02   5.3539264947175980e-02
   2.3600000000000000e+02   5.2730415016412735e-02
   2.3700000000000000e+02   5.1982417702674866e-02
   2.3800000000000000e+02   5.1320593804121017e-02
   2.3900000000000000e+02   5.0460238009691238e-02
   2.4000000000000000e+02   4.9812488257884979e-02
   2.4100000000000000e+02   4.9375955015420914e-02
   2.4200000000000000e+02   4.8725280910730362e-02
   2.4300000000000000e+02   4.7997031360864639e-02
   2.4400000000000000e+02   4.7229278832674026e-02
   2.4500000000000000e+02   4.6640243381261826e-02
   2.4600000000000000e+02   4.6164181083440781e-02
   2.4700000000000000e+02   4.5608200132846832e-02
   2.4800000000000000e+02   4.4941913336515427e-02
   2.4900000000000000e+02   4.4306147843599319e-02
   2.5000000000000000e+02   4.3750472366809845e-02
   2.5100000000000000e+02   4.3220892548561096e-02
   2.5200000000000000e+02   4.2745895683765411e-02
   2.5300000000000000e+02   4.2069334536790848e-02
   2.5400000000000000e+02   4.1717898100614548e-02
   2.5500000000000000e+02   4.1152939200401306e-02
   2.5600000000000000e+02   4.0407706052064896e-02
   2.5700000000000000e+02   3.9910625666379929e-02
   2.5800000000000000e+02   3.9613209664821625e-02
   2.5900000000000000e+02   3.9332903921604156e-02
   2.6000000000000000e+02   3.8883730769157410e-02
   2.6100000000000000e+02   3.8284480571746826e-02
   2.6200000000000000e+02   3.7832312285900116e-02
   2.6300000000000000e+02   3.7360429763793945e-02
   2.6400000000000000e+02   3.6985412240028381e-02
   2.6500000000000000e+02   3.6625660955905914e-02
   2.6600000000000000e+02   3.6169994622468948e-02
   2.6700000000000000e+02   3.5712350159883499e-02
   2.6800000000000000e+02   3.5334348678588867e-02
   2.6900000000000000e+02   3.4666333347558975e-02
   2.7000000000000000e+02   3.4060958772897720e-02
   2.7100000000000000e+02   3.3773612231016159e-02
   2.7200000000000000e+02   3.3247642219066620e-02
   2.7300000000000000e+02   3.2672666013240814e-02
   2.7400000000000000e+02   3.2102096825838089e-02
   2.7500000000000000e+02   3.1625080853700638e-02
   2.7600000000000000e+02   3.1086308881640434e-02
   2.7700000000000000e+02   3.0724858865141869e-02
   2.7800000000000000e+02   3.0199516564607620e-02
   2.7900000000000000e+02   2.9627641662955284e-02
   2.8000000000000000e+02   2.9018271714448929e-02
   2.8100000000000000e+02   2.8475783765316010e-02
   2.8200000000000000e+02   2.7832536026835442e-02
   2.8300000000000000e+02   2.7164490893483162e-02
   2.8400000000000000e+02   2.6796808466315269e-02
   2.8500000000000000e+02   2.6465021073818207e-02
   2.8600000000000000e+02   2.5756958872079849e-02
   2.8700000000000000e+02   2.5257261469960213e-02
   2.8800000000000000e+02   2.4582546204328537e-02
   2.8900000000000000e+02   2.4016587063670158e-02
   2.9000000000000000e+02   2.3502141237258911e-02
   2.9100000000000000e+02   2.2967571392655373e-02
   2.9200000000000000e+02   2.2245205938816071e-02
   2.9300000000000000e+02   2.1675737574696541e-02
   2.9400000000000000e+02   2.1188654005527496e-02
   2.9500000000000000e+02   2.0632175728678703e-02
   2.9600000000000000e+02   2.0089106634259224e-02
   2.9700000000000000e+02   1.9580924883484840e-02
   2.9800000000000000e+02   1.9047306850552559e-02
   2.9900000000000000e+02   1.8493354320526123e-02
   3.0000000000000000e+02   1.7952742055058479e-02
