   1.0000000000000000e+00   2.1123907063156366e-03
   2.0000000000000000e+00   2.0316573791205883e-03
   3.0000000000000000e+00   1.9385463092476130e-03
   4.0000000000000000e+00   1.8390887416899204e-03
   5.0000000000000000e+00   1.7390712164342403e-03
   6.0000000000000000e+00   1.6487330431118608e-03
   7.0000000000000000e+00   1.6193478368222713e-03
   8.0000000000000000e+00   1.7196804983541369e-03
   9.0000000000000000e+00   2.0675945561379194e-03
   1.0000000000000000e+01   2.8085205703973770e-03
   1.1000000000000000e+01   4.0458519943058491e-03
   1.2000000000000000e+01   5.7945344597101212e-03
   1.3000000000000000e+01   8.2966014742851257e-03
   1.4000000000000000e+01   1.2214030139148235e-02
   1.5000000000000000e+01   1.8949225544929504e-02
   1.6000000000000000e+01   3.0735887587070465e-02
   1.7000000000000000e+01   5.0193324685096741e-02
   1.8000000000000000e+01   7.9457402229309082e-02
   1.9000000000000000e+01   1.1931318044662476e-01
   2.0000000000000000e+01   1.6870379447937012e-01
   2.1000000000000000e+01   2.2531495988368988e-01
   2.2000000000000000e+01   2.8627601265907288e-01
   2.3000000000000000e+01   3.4901455044746399e-01
   2.4000000000000000e+01   4.1162315011024475e-01
   2.5000000000000000e+01   4.7311434149742126e-01
   2.6000000000000000e+01   5.3301310539245605e-01
   2.7000000000000000e+01   5.9085530042648315e-01
   2.8000000000000000e+01   6.4547437429428101e-01
   2.9000000000000000e+01   6.9458192586898804e-01
   3.0000000000000000e+01   7.3464971780776978e-01
   3.1000000000000000e+01   7.6147174835205078e-01
   3.2000000000000000e+01   7.7131313085556030e-01
   3.3000000000000000e+01   7.6244878768920898e-01
   3.4000000000000000e+01   7.3577809333801270e-01
   3.5000000000000000e+01   6.9457465410232544e-01
   3.6000000000000000e+01   6.4319950342178345e-01
   3.7000000000000000e+01   5.8602488040924072e-01
   3.8000000000000000e+01   5.2649134397506714e-01
   3.9000000000000000e+01   4.6680328249931335e-01
   4.0000000000000000e+01   4.0793502330780029e-01
   4.1000000000000000e+01   3.5019692778587341e-01
   4.2000000000000000e+01   2.9381951689720154e-01
   4.3000000000000000e+01   2.3943212628364563e-01
   4.4000000000000000e+01   1.8843694031238556e-01
   4.5000000000000000e+01   1.4292362332344055e-01
   4.6000000000000000e+01   1.0500814765691757e-01
   4.7000000000000000e+01   7.6011441648006439e-02
   4.8000000000000000e+01   5.5696282535791397e-02
   4.9000000000000000e+01   4.2508661746978760e-02
   5.0000000000000000e+01   3.4298434853553772e-02
   5.1000000000000000e+01   2.9026044532656670e-02
   5.2000000000000000e+01   2.5136012583971024e-02
   5.3000000000000000e+01   2.1699048578739166e-02
   5.4000000000000000e+01   1.8301058560609818e-02
   5.5000000000000000e+01   1.4815683476626873e-02
   5.6000000000000000e+01   1.1319457553327084e-02
   5.7000000000000000e+01   8.0459499731659889e-03
   5.8000000000000000e+01   5.3026541136205196e-03
   5.9000000000000000e+01   3.3255959860980511e-03
   6.0000000000000000e+01   2.1553151309490204e-03
   6.1000000000000000e+01   1.6342058079317212e-03
   6.2000000000000000e+01   1.5186984091997147e-03
   6.3000000000000000e+01   1.5957145951688290e-03
   6.4000000000000000e+01   1.7066805157810450e-03
   6.5000000000000000e+01   1.7788758268579841e-03
   6.6000000000000000e+01   1.8122711917385459e-03
   6.7000000000000000e+01   1.8178776372224092e-03
   6.8000000000000000e+01   1.8054984975606203e-03
   6.9000000000000000e+01   1.7799367196857929e-03
   7.0000000000000000e+01   1.7391719156876206e-03
   7.1000000000000000e+01   1.6749638598412275e-03
   7.2000000000000000e+01   1.5777655644342303e-03
   7.3000000000000000e+01   1.4396713813766837e-03
   7.4000000000000000e+01   1.2539679883047938e-03
   7.5000000000000000e+01   1.0235153604298830e-03
   7.6000000000000000e+01   7.6860660919919610e-04
   7.7000000000000000e+01   5.2413268713280559e-04
   7.8000000000000000e+01   3.2437490881420672e-04
   7.9000000000000000e+01   1.8805415311362594e-04
   8.0000000000000000e+01   1.1467406875453889e-04
   8.1000000000000000e+01   9.3007489340379834e-05
   8.2000000000000000e+01   1.3085713726468384e-04
   8.3000000000000000e+01   2.3572622740175575e-04
   8.4000000000000000e+01   4.2401207610964775e-04
   8.5000000000000000e+01   7.0973549736663699e-04
   8.6000000000000000e+01   1.0872330749407411e-03
   8.7000000000000000e+01   1.5141561161726713e-03
   8.8000000000000000e+01   1.9371164962649345e-03
   8.9000000000000000e+01   2.3147051688283682e-03
   9.0000000000000000e+01   2.6281608734279871e-03
   9.1000000000000000e+01   2.8763408772647381e-03
   9.2000000000000000e+01   3.0634880531579256e-03
   9.3000000000000000e+01   3.1909132376313210e-03
   9.4000000000000000e+01   3.2751404214650393e-03
   9.5000000000000000e+01   3.3249158877879381e-03
   9.6000000000000000e+01   3.3460527192801237e-03
   9.7000000000000000e+01   3.3210043329745531e-03
   9.8000000000000000e+01   3.2393687870353460e-03
   9.9000000000000000e+01   3.0788078438490629e-03
   1.0000000000000000e+02   2.8240263927727938e-03
   1.0100000000000000e+02   2.4784805718809366e-03
   1.0200000000000000e+02   2.0798488985747099e-03
   1.0300000000000000e+02   1.6786279156804085e-03
   1.0400000000000000e+02   1.3152790488675237e-03
   1.0500000000000000e+02   1.0096038458868861e-03
   1.0600000000000000e+02   7.6459650881588459e-04
   1.0700000000000000e+02   5.7670834939926863e-04
   1.0800000000000000e+02   4.4661734136752784e-04
   1.0900000000000000e+02   3.5714817931875587e-04
   1.1000000000000000e+02   2.9683960019610822e-04
   1.1100000000000000e+02   2.5499446201138198e-04
   1.1200000000000000e+02   2.2564629034604877e-04
   1.1300000000000000e+02   1.9850517855957150e-04
   1.1400000000000000e+02   1.7105955339502543e-04
   1.1500000000000000e+02   1.4361905050463974e-04
   1.1600000000000000e+02   1.1888900917256251e-04
   1.1700000000000000e+02   1.0414417192805558e-04
   1.1800000000000000e+02   1.0370118252467364e-04
   1.1900000000000000e+02   1.2090938980691135e-04
   1.2000000000000000e+02   1.6072542348410934e-04
   1.2100000000000000e+02   2.2342652664519846e-04
   1.2200000000000000e+02   3.1329254852607846e-04
   1.2300000000000000e+02   4.2994596878997982e-04
   1.2400000000000000e+02   5.7416211348026991e-04
   1.2500000000000000e+02   7.3901936411857605e-04
   1.2600000000000000e+02   9.1806182172149420e-04
   1.2700000000000000e+02   1.1022794060409069e-03
   1.2800000000000000e+02   1.2881400762125850e-03
   1.2900000000000000e+02   1.4754423173144460e-03
   1.3000000000000000e+02   1.6607068246230483e-03
   1.3100000000000000e+02   1.8391787307336926e-03
   1.3200000000000000e+02   2.0083454437553883e-03
   1.3300000000000000e+02   2.1641356870532036e-03
   1.3400000000000000e+02   2.3083870764821768e-03
   1.3500000000000000e+02   2.4374984204769135e-03
   1.3600000000000000e+02   2.5501507334411144e-03
   1.3700000000000000e+02   2.6312666013836861e-03
   1.3800000000000000e+02   2.6719535235315561e-03
   1.3900000000000000e+02   2.6637208648025990e-03
   1.4000000000000000e+02   2.6125665754079819e-03
   1.4100000000000000e+02   2.5258942041546106e-03
   1.4200000000000000e+02   2.4133911356329918e-03
   1.4300000000000000e+02   2.2808157373219728e-03
   1.4400000000000000e+02   2.1332611795514822e-03
   1.4500000000000000e+02   1.9769414793699980e-03
   1.4600000000000000e+02   1.8184916116297245e-03
   1.4700000000000000e+02   1.6590454615652561e-03
   1.4800000000000000e+02   1.5024280874058604e-03
   1.4900000000000000e+02   1.3441040646284819e-03
   1.5000000000000000e+02   1.1817907216027379e-03
   1.5100000000000000e+02   1.0151325259357691e-03
   1.5200000000000000e+02   8.5463054710999131e-04
   1.5300000000000000e+02   7.0774223422631621e-04
   1.5400000000000000e+02   5.8225321117788553e-04
   1.5500000000000000e+02   4.7888234257698059e-04
   1.5600000000000000e+02   3.9666393422521651e-04
   1.5700000000000000e+02   3.3501000143587589e-04
   1.5800000000000000e+02   2.9154922231100500e-04
   1.5900000000000000e+02   2.6105751749128103e-04
   1.6000000000000000e+02   2.3977422097232193e-04
   1.6100000000000000e+02   2.2491505660582334e-04
   1.6200000000000000e+02   2.1491281222552061e-04
   1.6300000000000000e+02   2.0828553533647209e-04
   1.6400000000000000e+02   2.0484744163695723e-04
   1.6500000000000000e+02   2.0393138402141631e-04
   1.6600000000000000e+02   2.0464352564886212e-04
   1.6700000000000000e+02   2.0601670257747173e-04
   1.6800000000000000e+02   2.0795279124286026e-04
   1.6900000000000000e+02   2.1022879809606820e-04
   1.7000000000000000e+02   2.1312464377842844e-04
   1.7100000000000000e+02   2.1676940377801657e-04
   1.7200000000000000e+02   2.2166078269947320e-04
   1.7300000000000000e+02   2.2822496248409152e-04
   1.7400000000000000e+02   2.3701335885562003e-04
   1.7500000000000000e+02   2.4787016445770860e-04
   1.7600000000000000e+02   2.6044141850434244e-04
   1.7700000000000000e+02   2.7470302302390337e-04
   1.7800000000000000e+02   2.9099892708472908e-04
   1.7900000000000000e+02   3.1051973928697407e-04
   1.8000000000000000e+02   3.3509268541820347e-04
   1.8100000000000000e+02   3.6531523801386356e-04
   1.8200000000000000e+02   4.0101745980791748e-04
   1.8300000000000000e+02   4.4157684897072613e-04
   1.8400000000000000e+02   4.8749771667644382e-04
   1.8500000000000000e+02   5.4125371389091015e-04
   1.8600000000000000e+02   6.0722971102222800e-04
   1.8700000000000000e+02   6.8844313500449061e-04
   1.8800000000000000e+02   7.8765180660411716e-04
   1.8900000000000000e+02   9.0317340800538659e-04
   1.9000000000000000e+02   1.0297544067725539e-03
   1.9100000000000000e+02   1.1622891761362553e-03
   1.9200000000000000e+02   1.2961443280801177e-03
   1.9300000000000000e+02   1.4290902763605118e-03
   1.9400000000000000e+02   1.5612398274242878e-03
   1.9500000000000000e+02   1.6923338407650590e-03
   1.9600000000000000e+02   1.8209505360573530e-03
   1.9700000000000000e+02   1.9429315580055118e-03
   1.9800000000000000e+02   2.0554463844746351e-03
   1.9900000000000000e+02   2.1581288892775774e-03
   2.0000000000000000e+02   2.2556267213076353e-03
   2.0100000000000000e+02   2.3490153253078461e-03
   2.0200000000000000e+02   2.4446151219308376e-03
   2.0300000000000000e+02   2.5567649863660336e-03
   2.0400000000000000e+02   2.7077833656221628e-03
   2.0500000000000000e+02   2.9202722944319248e-03
   2.0600000000000000e+02   3.2143045682460070e-03
   2.0700000000000000e+02   3.5941349342465401e-03
   2.0800000000000000e+02   4.0446491912007332e-03
   2.0900000000000000e+02   4.5387707650661469e-03
   2.1000000000000000e+02   5.0567309372127056e-03
   2.1100000000000000e+02   5.5877179838716984e-03
   2.1200000000000000e+02   6.1340904794633389e-03
   2.1300000000000000e+02   6.6930390894412994e-03
   2.1400000000000000e+02   7.2564985603094101e-03
   2.1500000000000000e+02   7.8095709905028343e-03
   2.1600000000000000e+02   8.3382939919829369e-03
   2.1700000000000000e+02   8.8184401392936707e-03
   2.1800000000000000e+02   9.2220529913902283e-03
   2.1900000000000000e+02   9.5195630565285683e-03
   2.2000000000000000e+02   9.6912495791912079e-03
   2.2100000000000000e+02   9.7258547320961952e-03
   2.2200000000000000e+02   9.6356961876153946e-03
   2.2300000000000000e+02   9.4461804255843163e-03
   2.2400000000000000e+02   9.1892043128609657e-03
   2.2500000000000000e+02   8.8853873312473297e-03
   2.2600000000000000e+02   8.5474904626607895e-03
   2.2700000000000000e+02   8.1801880151033401e-03
   2.2800000000000000e+02   7.7927275560796261e-03
   2.2900000000000000e+02   7.3961592279374599e-03
   2.3000000000000000e+02   7.0021622814238071e-03
   2.3100000000000000e+02   6.6206147894263268e-03
   2.3200000000000000e+02   6.2682544812560081e-03
   2.3300000000000000e+02   5.9580123052000999e-03
   2.3400000000000000e+02   5.7000340893864632e-03
   2.3500000000000000e+02   5.4967640899121761e-03
   2.3600000000000000e+02   5.3455103188753128e-03
   2.3700000000000000e+02   5.2350130863487720e-03
   2.3800000000000000e+02   5.1561919972300529e-03
   2.3900000000000000e+02   5.1020910032093525e-03
   2.4000000000000000e+02   5.0672795623540878e-03
   2.4100000000000000e+02   5.0473581068217754e-03
   2.4200000000000000e+02   5.0378274172544479e-03
   2.4300000000000000e+02   5.0348858349025249e-03
   2.4400000000000000e+02   5.0364774651825428e-03
   2.4500000000000000e+02   5.0395797006785870e-03
   2.4600000000000000e+02   5.0443643704056740e-03
   2.4700000000000000e+02   5.0487830303609371e-03
   2.4800000000000000e+02   5.0510778091847897e-03
   2.4900000000000000e+02   5.0504258833825588e-03
   2.5000000000000000e+02   5.0467979162931442e-03
   2.5100000000000000e+02   5.0391815602779388e-03
   2.5200000000000000e+02   5.0253192894160748e-03
   2.5300000000000000e+02   5.0030210986733437e-03
   2.5400000000000000e+02   4.9723619595170021e-03
   2.5500000000000000e+02   4.9380040727555752e-03
   2.5600000000000000e+02   4.9091153778135777e-03
   2.5700000000000000e+02   4.8929550684988499e-03
   2.5800000000000000e+02   4.8951688222587109e-03
   2.5900000000000000e+02   4.9168532714247704e-03
   2.6000000000000000e+02   4.9581555649638176e-03
   2.6100000000000000e+02   5.0191893242299557e-03
   2.6200000000000000e+02   5.0991820171475410e-03
   2.6300000000000000e+02   5.2004875615239143e-03
   2.6400000000000000e+02   5.3267423063516617e-03
   2.6500000000000000e+02   5.4807169362902641e-03
   2.6600000000000000e+02   5.6605385616421700e-03
   2.6700000000000000e+02   5.8620325289666653e-03
   2.6800000000000000e+02   6.0863732360303402e-03
   2.6900000000000000e+02   6.3358768820762634e-03
   2.7000000000000000e+02   6.6102780401706696e-03
   2.7100000000000000e+02   6.9010914303362370e-03
   2.7200000000000000e+02   7.1980492211878300e-03
   2.7300000000000000e+02   7.4956375174224377e-03
   2.7400000000000000e+02   7.7947452664375305e-03
   2.7500000000000000e+02   8.1054158508777618e-03
   2.7600000000000000e+02   8.4385471418499947e-03
   2.7700000000000000e+02   8.7939547374844551e-03
   2.7800000000000000e+02   9.1488193720579147e-03
   2.7900000000000000e+02   9.4579383730888367e-03
   2.8000000000000000e+02   9.6665816381573677e-03
   2.8100000000000000e+02   9.7329523414373398e-03
   2.8200000000000000e+02   9.6462694928050041e-03
   2.8300000000000000e+02   9.4214696437120438e-03
   2.8400000000000000e+02   9.0881101787090302e-03
   2.8500000000000000e+02   8.6766611784696579e-03
   2.8600000000000000e+02   8.2119964063167572e-03
   2.8700000000000000e+02   7.7114040032029152e-03
   2.8800000000000000e+02   7.1896724402904510e-03
   2.8900000000000000e+02   6.6529773175716400e-03
   2.9000000000000000e+02   6.1007719486951828e-03
   2.9100000000000000e+02   5.5298390798270702e-03
   2.9200000000000000e+02   4.9430942162871361e-03
   2.9300000000000000e+02   4.3508233502507210e-03
   2.9400000000000000e+02   3.7778408732265234e-03
   2.9500000000000000e+02   3.2635992392897606e-03
   2.9600000000000000e+02   2.8576883487403393e-03
   2.9700000000000000e+02   2.5704186409711838e-03
   2.9800000000000000e+02   2.3907162249088287e-03
   2.9900000000000000e+02   2.2864865604788065e-03
   3.0000000000000000e+02   2.2280998528003693e-03
