   1.0000000000000000e+00   5.0130131421610713e-04
   2.0000000000000000e+00   4.8131271614693105e-04
   3.0000000000000000e+00   4.5827476424165070e-04
   4.0000000000000000e+00   4.3356665992178023e-04
   5.0000000000000000e+00   4.0841739973984659e-04
   6.0000000000000000e+00   3.8594112265855074e-04
   7.0000000000000000e+00   3.8669275818392634e-04
   8.0000000000000000e+00   4.3362312135286629e-04
   9.0000000000000000e+00   5.6699040578678250e-04
   1.0000000000000000e+01   8.3226931747049093e-04
   1.1000000000000000e+01   1.2661009095609188e-03
   1.2000000000000000e+01   1.8933366518467665e-03
   1.3000000000000000e+01   3.1521383207291365e-03
   1.4000000000000000e+01   6.0191308148205280e-03
   1.5000000000000000e+01   1.2239700183272362e-02
   1.6000000000000000e+01   2.4366632103919983e-02
   1.7000000000000000e+01   4.5150771737098694e-02
   1.8000000000000000e+01   7.6537117362022400e-02
   1.9000000000000000e+01   1.1881962418556213e-01
   2.0000000000000000e+01   1.7045374214649200e-01
   2.1000000000000000e+01   2.2883678972721100e-01
   2.2000000000000000e+01   2.9117295145988464e-01
   2.3000000000000000e+01   3.5517093539237976e-01
   2.4000000000000000e+01   4.1920545697212219e-01
   2.5000000000000000e+01   4.8248800635337830e-01
   2.6000000000000000e+01   5.4456496238708496e-01
   2.7000000000000000e+01   6.0474550724029541e-01
   2.8000000000000000e+01   6.6140490770339966e-01
   2.9000000000000000e+01   7.1171474456787109e-01
   3.0000000000000000e+01   7.5161057710647583e-01
   3.1000000000000000e+01   7.7647900581359863e-01
   3.2000000000000000e+01   7.8259420394897461e-01
   3.3000000000000000e+01   7.6871156692504883e-01
   3.4000000000000000e+01   7.3658305406570435e-01
   3.5000000000000000e+01   6.9024699926376343e-01
   3.6000000000000000e+01   6.3447850942611694e-01
   3.7000000000000000e+01   5.7361382246017456e-01
   3.8000000000000000e+01   5.1083558797836304e-01
   3.9000000000000000e+01   4.4813376665115356e-01
   4.0000000000000000e+01   3.8638147711753845e-01
   4.1000000000000000e+01   3.2597491145133972e-01
   4.2000000000000000e+01   2.6739877462387085e-01
   4.3000000000000000e+01   2.1155349910259247e-01
   4.4000000000000000e+01   1.6003434360027313e-01
   4.5000000000000000e+01   1.1504989862442017e-01
   4.6000000000000000e+01   7.8714683651924133e-02
   4.7000000000000000e+01   5.2141830325126648e-02
   4.8000000000000000e+01   3.4764233976602554e-02
   4.9000000000000000e+01   2.4649666622281075e-02
   5.0000000000000000e+01   1.9369110465049744e-02
   5.1000000000000000e+01   1.6765708103775978e-02
   5.2000000000000000e+01   1.5282675623893738e-02
   5.3000000000000000e+01   1.4011036604642868e-02
   5.4000000000000000e+01   1.2549061328172684e-02
   5.5000000000000000e+01   1.0771178640425205e-02
   5.6000000000000000e+01   8.7026143446564674e-03
   5.7000000000000000e+01   6.5273735672235489e-03
   5.8000000000000000e+01   4.5303548686206341e-03
   5.9000000000000000e+01   2.9658353887498379e-03
   6.0000000000000000e+01   1.9398296717554331e-03
   6.1000000000000000e+01   1.3910566922277212e-03
   6.2000000000000000e+01   1.1679042363539338e-03
   6.3000000000000000e+01   1.1253447737544775e-03
   6.4000000000000000e+01   1.1421380331739783e-03
   6.5000000000000000e+01   1.1546846944838762e-03
   6.6000000000000000e+01   1.1521509150043130e-03
   6.7000000000000000e+01   1.1359932832419872e-03
   6.8000000000000000e+01   1.1070871260017157e-03
   6.9000000000000000e+01   1.0653560748323798e-03
   7.0000000000000000e+01   1.0082643711939454e-03
   7.1000000000000000e+01   9.3336764257401228e-04
   7.2000000000000000e+01   8.3941529737785459e-04
   7.3000000000000000e+01   7.2884192923083901e-04
   7.4000000000000000e+01   6.0533650685101748e-04
   7.5000000000000000e+01   4.7445227392017841e-04
   7.6000000000000000e+01   3.4532306017354131e-04
   7.7000000000000000e+01   2.3019754735287279e-04
   7.8000000000000000e+01   1.3987915008328855e-04
   7.9000000000000000e+01   7.9574310802854598e-05
   8.0000000000000000e+01   4.7205649025272578e-05
   8.1000000000000000e+01   3.7248006265144795e-05
   8.2000000000000000e+01   5.3625139116775244e-05
   8.3000000000000000e+01   9.9760494777001441e-05
   8.4000000000000000e+01   1.8337016808800399e-04
   8.5000000000000000e+01   3.1028801458887756e-04
   8.6000000000000000e+01   4.7582591651007533e-04
   8.7000000000000000e+01   6.5836828434839845e-04
   8.8000000000000000e+01   8.3156139589846134e-04
   8.9000000000000000e+01   9.7648584051057696e-04
   9.0000000000000000e+01   1.0872039711102843e-03
   9.1000000000000000e+01   1.1669502127915621e-03
   9.2000000000000000e+01   1.2211808934807777e-03
   9.3000000000000000e+01   1.2524533085525036e-03
   9.4000000000000000e+01   1.2696860358119011e-03
   9.5000000000000000e+01   1.2759098317474127e-03
   9.6000000000000000e+01   1.2725518317893147e-03
   9.7000000000000000e+01   1.2501960154622793e-03
   9.8000000000000000e+01   1.2032564263790846e-03
   9.9000000000000000e+01   1.1202453169971704e-03
   1.0000000000000000e+02   9.9454494193196297e-04
   1.0100000000000000e+02   8.3063828060403466e-04
   1.0200000000000000e+02   6.4969487721100450e-04
   1.0300000000000000e+02   4.7775064012967050e-04
   1.0400000000000000e+02   3.3350690500810742e-04
   1.0500000000000000e+02   2.2286508465185761e-04
   1.0600000000000000e+02   1.4258801820687950e-04
   1.0700000000000000e+02   8.7095409980975091e-05
   1.0800000000000000e+02   5.3910196584183723e-05
   1.0900000000000000e+02   3.3721109502948821e-05
   1.1000000000000000e+02   2.2473097487818450e-05
   1.1100000000000000e+02   1.6585143384872936e-05
   1.1200000000000000e+02   1.4131500392977614e-05
   1.1300000000000000e+02   1.2056568266416434e-05
   1.1400000000000000e+02   1.0055992788693402e-05
   1.1500000000000000e+02   8.0591698861098848e-06
   1.1600000000000000e+02   6.2065450947557110e-06
   1.1700000000000000e+02   5.0476432988943998e-06
   1.1800000000000000e+02   4.9099771786131896e-06
   1.1900000000000000e+02   6.1220189309096895e-06
   1.2000000000000000e+02   9.5944023996707983e-06
   1.2100000000000000e+02   1.5745650671306066e-05
   1.2200000000000000e+02   2.5967789042624645e-05
   1.2300000000000000e+02   4.0988768887473270e-05
   1.2400000000000000e+02   6.1751241446472704e-05
   1.2500000000000000e+02   8.7561122199986130e-05
   1.2600000000000000e+02   1.1804209498222917e-04
   1.2700000000000000e+02   1.5179293404798955e-04
   1.2800000000000000e+02   1.8852256471291184e-04
   1.2900000000000000e+02   2.2802915191277862e-04
   1.3000000000000000e+02   2.6938421069644392e-04
   1.3100000000000000e+02   3.1118301558308303e-04
   1.3200000000000000e+02   3.5279095754958689e-04
   1.3300000000000000e+02   3.9330165600404143e-04
   1.3400000000000000e+02   4.3378901318646967e-04
   1.3500000000000000e+02   4.7415276640094817e-04
   1.3600000000000000e+02   5.1393953617662191e-04
   1.3700000000000000e+02   5.4857449140399694e-04
   1.3800000000000000e+02   5.7463097618892789e-04
   1.3900000000000000e+02   5.8879615971818566e-04
   1.4000000000000000e+02   5.9152737958356738e-04
   1.4100000000000000e+02   5.8369833277538419e-04
   1.4200000000000000e+02   5.6713761296123266e-04
   1.4300000000000000e+02   5.4283358622342348e-04
   1.4400000000000000e+02   5.1244511269032955e-04
   1.4500000000000000e+02   4.7773565165698528e-04
   1.4600000000000000e+02   4.4080670340918005e-04
   1.4700000000000000e+02   4.0251907194033265e-04
   1.4800000000000000e+02   3.6411429755389690e-04
   1.4900000000000000e+02   3.2429062412120402e-04
   1.5000000000000000e+02   2.8223209665156901e-04
   1.5100000000000000e+02   2.3798212350811809e-04
   1.5200000000000000e+02   1.9480305491015315e-04
   1.5300000000000000e+02   1.5531691315118223e-04
   1.5400000000000000e+02   1.2194689043099061e-04
   1.5500000000000000e+02   9.4916584203019738e-05
   1.5600000000000000e+02   7.3746363341342658e-05
   1.5700000000000000e+02   5.8024292229674757e-05
   1.5800000000000000e+02   4.7055142204044387e-05
   1.5900000000000000e+02   3.9377617213176563e-05
   1.6000000000000000e+02   3.4098702599294484e-05
   1.6100000000000000e+02   3.0475162930088118e-05
   1.6200000000000000e+02   2.8065471269655973e-05
   1.6300000000000000e+02   2.6413608793518506e-05
   1.6400000000000000e+02   2.5457658921368420e-05
   1.6500000000000000e+02   2.5063744033104740e-05
   1.6600000000000000e+02   2.5053714125533588e-05
   1.6700000000000000e+02   2.5253857529605739e-05
   1.6800000000000000e+02   2.5627334252931178e-05
   1.6900000000000000e+02   2.6125881049665622e-05
   1.7000000000000000e+02   2.6787269234773703e-05
   1.7100000000000000e+02   2.7634376237983815e-05
   1.7200000000000000e+02   2.8743785151164047e-05
   1.7300000000000000e+02   3.0191355108399875e-05
   1.7400000000000000e+02   3.2076251955004409e-05
   1.7500000000000000e+02   3.4381540899630636e-05
   1.7600000000000000e+02   3.7070625694468617e-05
   1.7700000000000000e+02   4.0241775423055515e-05
   1.7800000000000000e+02   4.4041462388122454e-05
   1.7900000000000000e+02   4.8836318455869332e-05
   1.8000000000000000e+02   5.5064589105313644e-05
   1.8100000000000000e+02   6.2874336435925215e-05
   1.8200000000000000e+02   7.2070331953000277e-05
   1.8300000000000000e+02   8.2416227087378502e-05
   1.8400000000000000e+02   9.4089220510795712e-05
   1.8500000000000000e+02   1.0783208563225344e-04
   1.8600000000000000e+02   1.2506026541814208e-04
   1.8700000000000000e+02   1.4667990035377443e-04
   1.8800000000000000e+02   1.7341338389087468e-04
   1.8900000000000000e+02   2.0479832892306149e-04
   1.9000000000000000e+02   2.3906107526272535e-04
   1.9100000000000000e+02   2.7470444911159575e-04
   1.9200000000000000e+02   3.1012896215543151e-04
   1.9300000000000000e+02   3.4525155206210911e-04
   1.9400000000000000e+02   3.8061835221014917e-04
   1.9500000000000000e+02   4.1663725278340280e-04
   1.9600000000000000e+02   4.5274151489138603e-04
   1.9700000000000000e+02   4.8736980534158647e-04
   1.9800000000000000e+02   5.1947269821539521e-04
   1.9900000000000000e+02   5.4880895186215639e-04
   2.0000000000000000e+02   5.7721469784155488e-04
   2.0100000000000000e+02   6.0520146507769823e-04
   2.0200000000000000e+02   6.3645397312939167e-04
   2.0300000000000000e+02   6.8067043321207166e-04
   2.0400000000000000e+02   7.5004308018833399e-04
   2.0500000000000000e+02   8.5951591609045863e-04
   2.0600000000000000e+02   1.0235431836917996e-03
   2.0700000000000000e+02   1.2491443194448948e-03
   2.0800000000000000e+02   1.5313721960410476e-03
   2.0900000000000000e+02   1.8567537190392613e-03
   2.1000000000000000e+02   2.2179954685270786e-03
   2.1100000000000000e+02   2.6119395624846220e-03
   2.1200000000000000e+02   3.0417169909924269e-03
   2.1300000000000000e+02   3.5066423006355762e-03
   2.1400000000000000e+02   4.0024514310061932e-03
   2.1500000000000000e+02   4.5216456055641174e-03
   2.1600000000000000e+02   5.0552533939480782e-03
   2.1700000000000000e+02   5.5888858623802662e-03
   2.1800000000000000e+02   6.1024730093777180e-03
   2.1900000000000000e+02   6.5723299048841000e-03
   2.2000000000000000e+02   6.9762235507369041e-03
   2.2100000000000000e+02   7.2955400682985783e-03
   2.2200000000000000e+02   7.5295702554285526e-03
   2.2300000000000000e+02   7.6874578371644020e-03
   2.2400000000000000e+02   7.7866055071353912e-03
   2.2500000000000000e+02   7.8364163637161255e-03
   2.2600000000000000e+02   7.8451670706272125e-03
   2.2700000000000000e+02   7.8165223821997643e-03
   2.2800000000000000e+02   7.7568273991346359e-03
   2.2900000000000000e+02   7.6723550446331501e-03
   2.3000000000000000e+02   7.5682871975004673e-03
   2.3100000000000000e+02   7.4496623128652573e-03
   2.3200000000000000e+02   7.3254052549600601e-03
   2.3300000000000000e+02   7.2074807249009609e-03
   2.3400000000000000e+02   7.1102012880146503e-03
   2.3500000000000000e+02   7.0426049642264843e-03
   2.3600000000000000e+02   7.0113278925418854e-03
   2.3700000000000000e+02   7.0106135681271553e-03
   2.3800000000000000e+02   7.0337736979126930e-03
   2.3900000000000000e+02   7.0729809813201427e-03
   2.4000000000000000e+02   7.1215280331671238e-03
   2.4100000000000000e+02   7.1717649698257446e-03
   2.4200000000000000e+02   7.2167846374213696e-03
   2.4300000000000000e+02   7.2507597506046295e-03
   2.4400000000000000e+02   7.2716241702437401e-03
   2.4500000000000000e+02   7.2801294736564159e-03
   2.4600000000000000e+02   7.2807795368134975e-03
   2.4700000000000000e+02   7.2759464383125305e-03
   2.4800000000000000e+02   7.2660977020859718e-03
   2.4900000000000000e+02   7.2509534657001495e-03
   2.5000000000000000e+02   7.2300871834158897e-03
   2.5100000000000000e+02   7.2005675174295902e-03
   2.5200000000000000e+02   7.1588340215384960e-03
   2.5300000000000000e+02   7.1023702621459961e-03
   2.5400000000000000e+02   7.0314016193151474e-03
   2.5500000000000000e+02   6.9500342942774296e-03
   2.5600000000000000e+02   6.8674418143928051e-03
   2.5700000000000000e+02   6.7921672016382217e-03
   2.5800000000000000e+02   6.7317965440452099e-03
   2.5900000000000000e+02   6.6891103051602840e-03
   2.6000000000000000e+02   6.6634421236813068e-03
   2.6100000000000000e+02   6.6525177098810673e-03
   2.6200000000000000e+02   6.6522099077701569e-03
   2.6300000000000000e+02   6.6598867997527122e-03
   2.6400000000000000e+02   6.6743958741426468e-03
   2.6500000000000000e+02   6.6968491300940514e-03
   2.6600000000000000e+02   6.7266961559653282e-03
   2.6700000000000000e+02   6.7637092433869839e-03
   2.6800000000000000e+02   6.8124458193778992e-03
   2.6900000000000000e+02   6.8785748444497585e-03
   2.7000000000000000e+02   6.9633158855140209e-03
   2.7100000000000000e+02   7.0580346509814262e-03
   2.7200000000000000e+02   7.1517559699714184e-03
   2.7300000000000000e+02   7.2352476418018341e-03
   2.7400000000000000e+02   7.3054372332990170e-03
   2.7500000000000000e+02   7.3666884563863277e-03
   2.7600000000000000e+02   7.4233477935194969e-03
   2.7700000000000000e+02   7.4743656441569328e-03
   2.7800000000000000e+02   7.5056948699057102e-03
   2.7900000000000000e+02   7.4914647266268730e-03
   2.8000000000000000e+02   7.4032321572303772e-03
   2.8100000000000000e+02   7.2234948165714741e-03
   2.8200000000000000e+02   6.9532128982245922e-03
   2.8300000000000000e+02   6.6050738096237183e-03
   2.8400000000000000e+02   6.1989063397049904e-03
   2.8500000000000000e+02   5.7536554522812366e-03
   2.8600000000000000e+02   5.2862125448882580e-03
   2.8700000000000000e+02   4.8091970384120941e-03
   2.8800000000000000e+02   4.3329847976565361e-03
   2.8900000000000000e+02   3.8618915714323521e-03
   2.9000000000000000e+02   3.3953483216464520e-03
   2.9100000000000000e+02   2.9323825147002935e-03
   2.9200000000000000e+02   2.4775667116045952e-03
   2.9300000000000000e+02   2.0407654810696840e-03
   2.9400000000000000e+02   1.6400549793615937e-03
   2.9500000000000000e+02   1.2976562138646841e-03
   2.9600000000000000e+02   1.0376217542216182e-03
   2.9700000000000000e+02   8.5951370419934392e-04
   2.9800000000000000e+02   7.5175339588895440e-04
   2.9900000000000000e+02   6.9135910598561168e-04
   3.0000000000000000e+02   6.5916054882109165e-04
