   1.0000000000000000e+00   3.3909772173501551e-04
   2.0000000000000000e+00   3.2437386107631028e-04
   3.0000000000000000e+00   3.0700193019583821e-04
   4.0000000000000000e+00   2.8713946812786162e-04
   5.0000000000000000e+00   2.6543933199718595e-04
   6.0000000000000000e+00   2.4248384579550475e-04
   7.0000000000000000e+00   2.1750861196778715e-04
   8.0000000000000000e+00   1.9178540969733149e-04
   9.0000000000000000e+00   1.6520329518243670e-04
   1.0000000000000000e+01   1.3854092685505748e-04
   1.1000000000000000e+01   1.1292950512142852e-04
   1.2000000000000000e+01   8.8980414147954434e-05
   1.3000000000000000e+01   6.7575281718745828e-05
   1.4000000000000000e+01   4.9840953579405323e-05
   1.5000000000000000e+01   3.8826659874757752e-05
   1.6000000000000000e+01   3.7387220800155774e-05
   1.7000000000000000e+01   4.7366618673549965e-05
   1.8000000000000000e+01   6.8331311922520399e-05
   1.9000000000000000e+01   9.7208685474470258e-05
   2.0000000000000000e+01   1.3120486983098090e-04
   2.1000000000000000e+01   1.6916445747483522e-04
   2.2000000000000000e+01   2.3062367108650506e-04
   2.3000000000000000e+01   5.6313216919079423e-04
   2.4000000000000000e+01   1.8744848202914000e-03
   2.5000000000000000e+01   5.5144270882010460e-03
   2.6000000000000000e+01   1.3551071286201477e-02
   2.7000000000000000e+01   2.8523642569780350e-02
   2.8000000000000000e+01   5.2716214209794998e-02
   2.9000000000000000e+01   8.7250977754592896e-02
   3.0000000000000000e+01   1.3166026771068573e-01
   3.1000000000000000e+01   1.8417859077453613e-01
   3.2000000000000000e+01   2.4249912798404694e-01
   3.3000000000000000e+01   3.0449360609054565e-01
   3.4000000000000000e+01   3.6851269006729126e-01
   3.5000000000000000e+01   4.3342939019203186e-01
   3.6000000000000000e+01   4.9834555387496948e-01
   3.7000000000000000e+01   5.6212973594665527e-01
   3.8000000000000000e+01   6.2288737297058105e-01
   3.9000000000000000e+01   6.7762559652328491e-01
   4.0000000000000000e+01   7.2241646051406860e-01
   4.1000000000000000e+01   7.5306928157806396e-01
   4.2000000000000000e+01   7.6621854305267334e-01
   4.3000000000000000e+01   7.6039725542068481e-01
   4.4000000000000000e+01   7.3654705286026001e-01
   4.5000000000000000e+01   6.9761598110198975e-01
   4.6000000000000000e+01   6.4753609895706177e-01
   4.7000000000000000e+01   5.9016674757003784e-01
   4.8000000000000000e+01   5.2853745222091675e-01
   4.9000000000000000e+01   4.6468362212181091e-01
   5.0000000000000000e+01   3.9986872673034668e-01
   5.1000000000000000e+01   3.3504053950309753e-01
   5.2000000000000000e+01   2.7133134007453918e-01
   5.3000000000000000e+01   2.1040162444114685e-01
   5.4000000000000000e+01   1.5454752743244171e-01
   5.5000000000000000e+01   1.0635063052177429e-01
   5.6000000000000000e+01   6.7925065755844116e-02
   5.7000000000000000e+01   4.0079984813928604e-02
   5.8000000000000000e+01   2.1974232047796249e-02
   5.9000000000000000e+01   1.1521786451339722e-02
   6.0000000000000000e+01   6.2258159741759300e-03
   6.1000000000000000e+01   3.9128172211349010e-03
   6.2000000000000000e+01   3.0326547566801310e-03
   6.3000000000000000e+01   2.6942843105643988e-03
   6.4000000000000000e+01   2.5256292428821325e-03
   6.5000000000000000e+01   2.4019079282879829e-03
   6.6000000000000000e+01   2.2808585781604052e-03
   6.7000000000000000e+01   2.1467178594321012e-03
   6.8000000000000000e+01   1.9870728719979525e-03
   6.9000000000000000e+01   1.7919407691806555e-03
   7.0000000000000000e+01   1.5582236228510737e-03
   7.1000000000000000e+01   1.2944573536515236e-03
   7.2000000000000000e+01   1.0177553631365299e-03
   7.3000000000000000e+01   7.5148965697735548e-04
   7.4000000000000000e+01   5.1711843116208911e-04
   7.5000000000000000e+01   3.2907511922530830e-04
   7.6000000000000000e+01   1.9234270439483225e-04
   7.7000000000000000e+01   1.0303162707714364e-04
   7.8000000000000000e+01   5.0820253818528727e-05
   7.9000000000000000e+01   2.3677452190895565e-05
   8.0000000000000000e+01   1.2158150639152154e-05
   8.1000000000000000e+01   9.9508115454227664e-06
   8.2000000000000000e+01   1.3608121662400663e-05
   8.3000000000000000e+01   2.3793292712070979e-05
   8.4000000000000000e+01   4.1231709474232048e-05
   8.5000000000000000e+01   6.6736305598169565e-05
   8.6000000000000000e+01   1.0011024278355762e-04
   8.7000000000000000e+01   1.3862874766346067e-04
   8.8000000000000000e+01   1.7900536477100104e-04
   8.9000000000000000e+01   2.1829766046721488e-04
   9.0000000000000000e+01   2.5428924709558487e-04
   9.1000000000000000e+01   2.8513628058135509e-04
   9.2000000000000000e+01   3.0943434103392065e-04
   9.3000000000000000e+01   3.2635941170156002e-04
   9.4000000000000000e+01   3.3680166234262288e-04
   9.5000000000000000e+01   3.4213706385344267e-04
   9.6000000000000000e+01   3.4338241675868630e-04
   9.7000000000000000e+01   3.3985200570896268e-04
   9.8000000000000000e+01   3.3074981183744967e-04
   9.9000000000000000e+01   3.1450189999304712e-04
   1.0000000000000000e+02   2.9016015469096601e-04
   1.0100000000000000e+02   2.5786479818634689e-04
   1.0200000000000000e+02   2.2023095516487956e-04
   1.0300000000000000e+02   1.8052368250209838e-04
   1.0400000000000000e+02   1.4166376786306500e-04
   1.0500000000000000e+02   1.0587827273411676e-04
   1.0600000000000000e+02   7.5037394708488137e-05
   1.0700000000000000e+02   5.0531773013062775e-05
   1.0800000000000000e+02   3.3196720323758200e-05
   1.0900000000000000e+02   2.2046851881896146e-05
   1.1000000000000000e+02   1.5271221855073236e-05
   1.1100000000000000e+02   1.1251166142756119e-05
   1.1200000000000000e+02   8.9878094513551332e-06
   1.1300000000000000e+02   7.3030751082114875e-06
   1.1400000000000000e+02   5.9924432207481004e-06
   1.1500000000000000e+02   4.9879722610057797e-06
   1.1600000000000000e+02   4.3359277697163634e-06
   1.1700000000000000e+02   4.1739890548342373e-06
   1.1800000000000000e+02   4.5241472435009200e-06
   1.1900000000000000e+02   5.5102668738982175e-06
   1.2000000000000000e+02   7.6108162829768844e-06
   1.2100000000000000e+02   1.1099127732450143e-05
   1.2200000000000000e+02   1.6673930076649413e-05
   1.2300000000000000e+02   2.4866172680049203e-05
   1.2400000000000000e+02   3.6161072785034776e-05
   1.2500000000000000e+02   5.0294151151319966e-05
   1.2600000000000000e+02   6.7463217419572175e-05
   1.2700000000000000e+02   8.7633765360806137e-05
   1.2800000000000000e+02   1.1108367471024394e-04
   1.2900000000000000e+02   1.3802581815980375e-04
   1.3000000000000000e+02   1.6796033014543355e-04
   1.3100000000000000e+02   2.0028356811963022e-04
   1.3200000000000000e+02   2.3604289162904024e-04
   1.3300000000000000e+02   2.7674849843606353e-04
   1.3400000000000000e+02   3.2479953370057046e-04
   1.3500000000000000e+02   3.8436436443589628e-04
   1.3600000000000000e+02   4.6098139137029648e-04
   1.3700000000000000e+02   5.5776984663680196e-04
   1.3800000000000000e+02   6.7785574356094003e-04
   1.3900000000000000e+02   8.2255253801122308e-04
   1.4000000000000000e+02   9.9076365586370230e-04
   1.4100000000000000e+02   1.1789490235969424e-03
   1.4200000000000000e+02   1.3817164581269026e-03
   1.4300000000000000e+02   1.5928030479699373e-03
   1.4400000000000000e+02   1.8092772224918008e-03
   1.4500000000000000e+02   2.0313581917434931e-03
   1.4600000000000000e+02   2.2621117532253265e-03
   1.4700000000000000e+02   2.5036500301212072e-03
   1.4800000000000000e+02   2.7584028430283070e-03
   1.4900000000000000e+02   3.0295525211840868e-03
   1.5000000000000000e+02   3.3186725340783596e-03
   1.5100000000000000e+02   3.6280984058976173e-03
   1.5200000000000000e+02   3.9627007208764553e-03
   1.5300000000000000e+02   4.3263030238449574e-03
   1.5400000000000000e+02   4.7216652892529964e-03
   1.5500000000000000e+02   5.1458994857966900e-03
   1.5600000000000000e+02   5.5948919616639614e-03
   1.5700000000000000e+02   6.0631888918578625e-03
   1.5800000000000000e+02   6.5461141057312489e-03
   1.5900000000000000e+02   7.0355078205466270e-03
   1.6000000000000000e+02   7.5220498256385326e-03
   1.6100000000000000e+02   7.9981777817010880e-03
   1.6200000000000000e+02   8.4562590345740318e-03
   1.6300000000000000e+02   8.8851340115070343e-03
   1.6400000000000000e+02   9.2698186635971069e-03
   1.6500000000000000e+02   9.5939766615629196e-03
   1.6600000000000000e+02   9.8417019471526146e-03
   1.6700000000000000e+02   9.9983951076865196e-03
   1.6800000000000000e+02   1.0058377869427204e-02
   1.6900000000000000e+02   1.0022889822721481e-02
   1.7000000000000000e+02   9.9023217335343361e-03
   1.7100000000000000e+02   9.7074089571833611e-03
   1.7200000000000000e+02   9.4498191028833389e-03
   1.7300000000000000e+02   9.1397054493427277e-03
   1.7400000000000000e+02   8.7872827425599098e-03
   1.7500000000000000e+02   8.3996998146176338e-03
   1.7600000000000000e+02   7.9796621575951576e-03
   1.7700000000000000e+02   7.5337542220950127e-03
   1.7800000000000000e+02   7.0735611952841282e-03
   1.7900000000000000e+02   6.6160778515040874e-03
   1.8000000000000000e+02   6.1797462403774261e-03
   1.8100000000000000e+02   5.7771294377744198e-03
   1.8200000000000000e+02   5.4143210873007774e-03
   1.8300000000000000e+02   5.0873532891273499e-03
   1.8400000000000000e+02   4.7874245792627335e-03
   1.8500000000000000e+02   4.5055411756038666e-03
   1.8600000000000000e+02   4.2374422773718834e-03
   1.8700000000000000e+02   3.9810179732739925e-03
   1.8800000000000000e+02   3.7349979393184185e-03
   1.8900000000000000e+02   3.4989495761692524e-03
   1.9000000000000000e+02   3.2724079210311174e-03
   1.9100000000000000e+02   3.0562309548258781e-03
   1.9200000000000000e+02   2.8486512601375580e-03
   1.9300000000000000e+02   2.6485680136829615e-03
   1.9400000000000000e+02   2.4531041271984577e-03
   1.9500000000000000e+02   2.2583880927413702e-03
   1.9600000000000000e+02   2.0626066252589226e-03
   1.9700000000000000e+02   1.8660241039469838e-03
   1.9800000000000000e+02   1.6715914243832231e-03
   1.9900000000000000e+02   1.4834493631497025e-03
   2.0000000000000000e+02   1.3064482482150197e-03
   2.0100000000000000e+02   1.1432995088398457e-03
   2.0200000000000000e+02   9.9698372650891542e-04
   2.0300000000000000e+02   8.7022868683561683e-04
   2.0400000000000000e+02   7.6484843157231808e-04
   2.0500000000000000e+02   6.8346376065164804e-04
   2.0600000000000000e+02   6.2773335957899690e-04
   2.0700000000000000e+02   5.9751566732302308e-04
   2.0800000000000000e+02   5.8933935360983014e-04
   2.0900000000000000e+02   5.9893028810620308e-04
   2.1000000000000000e+02   6.2238785903900862e-04
   2.1100000000000000e+02   6.5729283960536122e-04
   2.1200000000000000e+02   7.0291239535436034e-04
   2.1300000000000000e+02   7.5588381150737405e-04
   2.1400000000000000e+02   8.1102357944473624e-04
   2.1500000000000000e+02   8.6194748291745782e-04
   2.1600000000000000e+02   9.0422760695219040e-04
   2.1700000000000000e+02   9.3434407608583570e-04
   2.1800000000000000e+02   9.5082179177552462e-04
   2.1900000000000000e+02   9.5381500432267785e-04
   2.2000000000000000e+02   9.4451772747561336e-04
   2.2100000000000000e+02   9.2460279120132327e-04
   2.2200000000000000e+02   8.9531834237277508e-04
   2.2300000000000000e+02   8.5811526514589787e-04
   2.2400000000000000e+02   8.1325363134965301e-04
   2.2500000000000000e+02   7.6067791087552905e-04
   2.2600000000000000e+02   6.9980305852368474e-04
   2.2700000000000000e+02   6.3091662013903260e-04
   2.2800000000000000e+02   5.5685400729998946e-04
   2.2900000000000000e+02   4.8193271504715085e-04
   2.3000000000000000e+02   4.1095740743912756e-04
   2.3100000000000000e+02   3.4685988794080913e-04
   2.3200000000000000e+02   2.9167500906623900e-04
   2.3300000000000000e+02   2.4589340318925679e-04
   2.3400000000000000e+02   2.0861224038526416e-04
   2.3500000000000000e+02   1.7893058247864246e-04
   2.3600000000000000e+02   1.5514047117903829e-04
   2.3700000000000000e+02   1.3586178829427809e-04
   2.3800000000000000e+02   1.1989910126430914e-04
   2.3900000000000000e+02   1.0651667980710045e-04
   2.4000000000000000e+02   9.5213174063246697e-05
   2.4100000000000000e+02   8.5949388449080288e-05
   2.4200000000000000e+02   7.8727731306571513e-05
   2.4300000000000000e+02   7.3258990596514195e-05
   2.4400000000000000e+02   6.9293622800614685e-05
   2.4500000000000000e+02   6.6403888922650367e-05
   2.4600000000000000e+02   6.4372638007625937e-05
   2.4700000000000000e+02   6.3027167925611138e-05
   2.4800000000000000e+02   6.2364008044824004e-05
   2.4900000000000000e+02   6.2355698901228607e-05
   2.5000000000000000e+02   6.2955550674814731e-05
   2.5100000000000000e+02   6.4083549659699202e-05
   2.5200000000000000e+02   6.5708001784514636e-05
   2.5300000000000000e+02   6.7798529926221818e-05
   2.5400000000000000e+02   7.0429363404400647e-05
   2.5500000000000000e+02   7.3659641202539206e-05
   2.5600000000000000e+02   7.7661112300120294e-05
   2.5700000000000000e+02   8.2467478932812810e-05
   2.5800000000000000e+02   8.8199354649987072e-05
   2.5900000000000000e+02   9.4876260845921934e-05
   2.6000000000000000e+02   1.0269256745232269e-04
   2.6100000000000000e+02   1.1203200847376138e-04
   2.6200000000000000e+02   1.2377958046272397e-04
   2.6300000000000000e+02   1.3894485891796649e-04
   2.6400000000000000e+02   1.5894594253040850e-04
   2.6500000000000000e+02   1.8501283193472773e-04
   2.6600000000000000e+02   2.1773074695374817e-04
   2.6700000000000000e+02   2.5664770510047674e-04
   2.6800000000000000e+02   3.0123838223516941e-04
   2.6900000000000000e+02   3.5077039501629770e-04
   2.7000000000000000e+02   4.0540142799727619e-04
   2.7100000000000000e+02   4.6478974400088191e-04
   2.7200000000000000e+02   5.2866386249661446e-04
   2.7300000000000000e+02   5.9463205980136991e-04
   2.7400000000000000e+02   6.6031300229951739e-04
   2.7500000000000000e+02   7.2351662674918771e-04
   2.7600000000000000e+02   7.8398355981335044e-04
   2.7700000000000000e+02   8.4135693032294512e-04
   2.7800000000000000e+02   8.9488609228283167e-04
   2.7900000000000000e+02   9.4224995700642467e-04
   2.8000000000000000e+02   9.7965786699205637e-04
   2.8100000000000000e+02   1.0033731814473867e-03
   2.8200000000000000e+02   1.0118369245901704e-03
   2.8300000000000000e+02   1.0045140516012907e-03
   2.8400000000000000e+02   9.8290108144283295e-04
   2.8500000000000000e+02   9.4778672792017460e-04
   2.8600000000000000e+02   9.0110913151875138e-04
   2.8700000000000000e+02   8.4487989079207182e-04
   2.8800000000000000e+02   7.8398757614195347e-04
   2.8900000000000000e+02   7.2266854112967849e-04
   2.9000000000000000e+02   6.6407345002517104e-04
   2.9100000000000000e+02   6.0892361216247082e-04
   2.9200000000000000e+02   5.5646442342549562e-04
   2.9300000000000000e+02   5.0546409329399467e-04
   2.9400000000000000e+02   4.5527276233769953e-04
   2.9500000000000000e+02   4.0729987085796893e-04
   2.9600000000000000e+02   3.6552632809616625e-04
   2.9700000000000000e+02   3.3077321131713688e-04
   2.9800000000000000e+02   3.0404972494579852e-04
   2.9900000000000000e+02   2.8402818134054542e-04
   3.0000000000000000e+02   2.6935312780551612e-04
