   1.0000000000000000e+00   2.5775723042897880e-04
   2.0000000000000000e+00   2.4685976677574217e-04
   3.0000000000000000e+00   2.3389863781630993e-04
   4.0000000000000000e+00   2.1911841758992523e-04
   5.0000000000000000e+00   2.0310736726969481e-04
   6.0000000000000000e+00   1.8642266513779759e-04
   7.0000000000000000e+00   1.6855174908414483e-04
   8.0000000000000000e+00   1.5013758093118668e-04
   9.0000000000000000e+00   1.3066959218122065e-04
   1.0000000000000000e+01   1.1026706488337368e-04
   1.1000000000000000e+01   8.9615467004477978e-05
   1.2000000000000000e+01   6.9689813244622201e-05
   1.3000000000000000e+01   5.1409417210379615e-05
   1.4000000000000000e+01   3.5543700505513698e-05
   1.5000000000000000e+01   2.2737076506018639e-05
   1.6000000000000000e+01   1.3252075405034702e-05
   1.7000000000000000e+01   6.9195098149066325e-06
   1.8000000000000000e+01   3.2304351407219656e-06
   1.9000000000000000e+01   1.4197136124494136e-06
   2.0000000000000000e+01   6.7797094516208745e-07
   2.1000000000000000e+01   4.6679409138050687e-07
   2.2000000000000000e+01   4.5376708612820948e-07
   2.3000000000000000e+01   6.5234667090408038e-07
   2.4000000000000000e+01   1.4874898397465586e-06
   2.5000000000000000e+01   3.6038838970853249e-06
   2.6000000000000000e+01   7.7654349297517911e-06
   2.7000000000000000e+01   1.4574669876310509e-05
   2.8000000000000000e+01   2.3899801817606203e-05
   2.9000000000000000e+01   3.4687651350395754e-05
   3.0000000000000000e+01   4.5349377614911646e-05
   3.1000000000000000e+01   5.4493291827384382e-05
   3.2000000000000000e+01   6.1464546888601035e-05
   3.3000000000000000e+01   6.6374537709634751e-05
   3.4000000000000000e+01   6.9710149546153843e-05
   3.5000000000000000e+01   7.2092523623723537e-05
   3.6000000000000000e+01   7.4438801675569266e-05
   3.7000000000000000e+01   8.0749450717121363e-05
   3.8000000000000000e+01   9.8750781035050750e-05
   3.9000000000000000e+01   1.3900747580919415e-04
   4.0000000000000000e+01   2.1458267292473465e-04
   4.1000000000000000e+01   3.3399299718439579e-04
   4.2000000000000000e+01   4.9447308992967010e-04
   4.3000000000000000e+01   6.7951274104416370e-04
   4.4000000000000000e+01   8.6447742069140077e-04
   4.5000000000000000e+01   1.0281155118718743e-03
   4.6000000000000000e+01   1.1612816015258431e-03
   4.7000000000000000e+01   1.2664056848734617e-03
   4.8000000000000000e+01   1.3515679165720940e-03
   4.9000000000000000e+01   1.4251724351197481e-03
   5.0000000000000000e+01   1.4940513065084815e-03
   5.1000000000000000e+01   1.5609890688210726e-03
   5.2000000000000000e+01   1.6239943215623498e-03
   5.3000000000000000e+01   1.6759986756369472e-03
   5.4000000000000000e+01   1.7058851663023233e-03
   5.5000000000000000e+01   1.6986696282401681e-03
   5.6000000000000000e+01   1.6427589580416679e-03
   5.7000000000000000e+01   1.5378856332972646e-03
   5.8000000000000000e+01   1.4005090342834592e-03
   5.9000000000000000e+01   1.2592381099238992e-03
   6.0000000000000000e+01   1.1430423473939300e-03
   6.1000000000000000e+01   1.0716203832998872e-03
   6.2000000000000000e+01   1.0529822902753949e-03
   6.3000000000000000e+01   1.0875754524022341e-03
   6.4000000000000000e+01   1.1767548276111484e-03
   6.5000000000000000e+01   1.3192509068176150e-03
   6.6000000000000000e+01   1.5134571585804224e-03
   6.7000000000000000e+01   1.7520714318379760e-03
   6.8000000000000000e+01   2.0167073234915733e-03
   6.9000000000000000e+01   2.2813337855041027e-03
   7.0000000000000000e+01   2.5180152151733637e-03
   7.1000000000000000e+01   2.7115650009363890e-03
   7.2000000000000000e+01   2.8632257599383593e-03
   7.3000000000000000e+01   2.9872904997318983e-03
   7.4000000000000000e+01   3.1036927830427885e-03
   7.5000000000000000e+01   3.2291205134242773e-03
   7.6000000000000000e+01   3.3775353804230690e-03
   7.7000000000000000e+01   3.5510687157511711e-03
   7.8000000000000000e+01   3.7359399721026421e-03
   7.9000000000000000e+01   3.9019316900521517e-03
   8.0000000000000000e+01   4.0126554667949677e-03
   8.1000000000000000e+01   4.0402947925031185e-03
   8.2000000000000000e+01   3.9728325791656971e-03
   8.3000000000000000e+01   3.8236286491155624e-03
   8.4000000000000000e+01   3.6267426330596209e-03
   8.5000000000000000e+01   3.4241008106619120e-03
   8.6000000000000000e+01   3.2457839697599411e-03
   8.7000000000000000e+01   3.1014583073556423e-03
   8.8000000000000000e+01   2.9819842893630266e-03
   8.9000000000000000e+01   2.8682379052042961e-03
   9.0000000000000000e+01   2.7409424073994160e-03
   9.1000000000000000e+01   2.5810238439589739e-03
   9.2000000000000000e+01   2.3795682936906815e-03
   9.3000000000000000e+01   2.1465064492076635e-03
   9.4000000000000000e+01   1.9056048477068543e-03
   9.5000000000000000e+01   1.6907068202272058e-03
   9.6000000000000000e+01   1.5303663676604629e-03
   9.7000000000000000e+01   1.4430261217057705e-03
   9.8000000000000000e+01   1.4331958955153823e-03
   9.9000000000000000e+01   1.4927210286259651e-03
   1.0000000000000000e+02   1.6079995548352599e-03
   1.0100000000000000e+02   1.7656661802902818e-03
   1.0200000000000000e+02   1.9540598150342703e-03
   1.0300000000000000e+02   2.1624828223139048e-03
   1.0400000000000000e+02   2.3792982101440430e-03
   1.0500000000000000e+02   2.5929368566721678e-03
   1.0600000000000000e+02   2.7924622409045696e-03
   1.0700000000000000e+02   2.9734622221440077e-03
   1.0800000000000000e+02   3.1355877872556448e-03
   1.0900000000000000e+02   3.2821623608469963e-03
   1.1000000000000000e+02   3.4175389446318150e-03
   1.1100000000000000e+02   3.5438062623143196e-03
   1.1200000000000000e+02   3.6588334478437901e-03
   1.1300000000000000e+02   3.7572898436337709e-03
   1.1400000000000000e+02   3.8312266115099192e-03
   1.1500000000000000e+02   3.8733717519789934e-03
   1.1600000000000000e+02   3.8796155713498592e-03
   1.1700000000000000e+02   3.8511599414050579e-03
   1.1800000000000000e+02   3.7931553088128567e-03
   1.1900000000000000e+02   3.7130308337509632e-03
   1.2000000000000000e+02   3.6191802937537432e-03
   1.2100000000000000e+02   3.5185648594051600e-03
   1.2200000000000000e+02   3.4138078335672617e-03
   1.2300000000000000e+02   3.3020435366779566e-03
   1.2400000000000000e+02   3.1783871818333864e-03
   1.2500000000000000e+02   3.0369714368134737e-03
   1.2600000000000000e+02   2.8742654249072075e-03
   1.2700000000000000e+02   2.6915180496871471e-03
   1.2800000000000000e+02   2.4929419159889221e-03
   1.2900000000000000e+02   2.2868723608553410e-03
   1.3000000000000000e+02   2.0838263444602489e-03
   1.3100000000000000e+02   1.8920520087704062e-03
   1.3200000000000000e+02   1.7187607008963823e-03
   1.3300000000000000e+02   1.5713804168626666e-03
   1.3400000000000000e+02   1.4617341803386807e-03
   1.3500000000000000e+02   1.4065901050344110e-03
   1.3600000000000000e+02   1.4300394104793668e-03
   1.3700000000000000e+02   1.5601195627823472e-03
   1.3800000000000000e+02   1.8313007894903421e-03
   1.3900000000000000e+02   2.2877519950270653e-03
   1.4000000000000000e+02   2.9838101472705603e-03
   1.4100000000000000e+02   4.0091518312692642e-03
   1.4200000000000000e+02   5.4947808384895325e-03
   1.4300000000000000e+02   7.6113492250442505e-03
   1.4400000000000000e+02   1.0553495958447456e-02
   1.4500000000000000e+02   1.4488196000456810e-02
   1.4600000000000000e+02   1.9507259130477905e-02
   1.4700000000000000e+02   2.5630680844187737e-02
   1.4800000000000000e+02   3.2880548387765884e-02
   1.4900000000000000e+02   4.1275080293416977e-02
   1.5000000000000000e+02   5.0918474793434143e-02
   1.5100000000000000e+02   6.2022067606449127e-02
   1.5200000000000000e+02   7.4850007891654968e-02
   1.5300000000000000e+02   8.9565925300121307e-02
   1.5400000000000000e+02   1.0625194758176804e-01
   1.5500000000000000e+02   1.2486717104911804e-01
   1.5600000000000000e+02   1.4525051414966583e-01
   1.5700000000000000e+02   1.6708587110042572e-01
   1.5800000000000000e+02   1.8993014097213745e-01
   1.5900000000000000e+02   2.1324335038661957e-01
   1.6000000000000000e+02   2.3654243350028992e-01
   1.6100000000000000e+02   2.5934275984764099e-01
   1.6200000000000000e+02   2.8120583295822144e-01
   1.6300000000000000e+02   3.0169379711151123e-01
   1.6400000000000000e+02   3.2038357853889465e-01
   1.6500000000000000e+02   3.3671176433563232e-01
   1.6600000000000000e+02   3.5009416937828064e-01
   1.6700000000000000e+02   3.5993868112564087e-01
   1.6800000000000000e+02   3.6588859558105469e-01
   1.6900000000000000e+02   3.6775529384613037e-01
   1.7000000000000000e+02   3.6561033129692078e-01
   1.7100000000000000e+02   3.5969147086143494e-01
   1.7200000000000000e+02   3.5038349032402039e-01
   1.7300000000000000e+02   3.3805504441261292e-01
   1.7400000000000000e+02   3.2308271527290344e-01
   1.7500000000000000e+02   3.0580753087997437e-01
   1.7600000000000000e+02   2.8665569424629211e-01
   1.7700000000000000e+02   2.6608073711395264e-01
   1.7800000000000000e+02   2.4459132552146912e-01
   1.7900000000000000e+02   2.2268468141555786e-01
   1.8000000000000000e+02   2.0095369219779968e-01
   1.8100000000000000e+02   1.7988353967666626e-01
   1.8200000000000000e+02   1.5989136695861816e-01
   1.8300000000000000e+02   1.4122574031352997e-01
   1.8400000000000000e+02   1.2403281778097153e-01
   1.8500000000000000e+02   1.0829892754554749e-01
   1.8600000000000000e+02   9.3929268419742584e-02
   1.8700000000000000e+02   8.0781243741512299e-02
   1.8800000000000000e+02   6.8802788853645325e-02
   1.8900000000000000e+02   5.7998467236757278e-02
   1.9000000000000000e+02   4.8374786972999573e-02
   1.9100000000000000e+02   3.9925951510667801e-02
   1.9200000000000000e+02   3.2644476741552353e-02
   1.9300000000000000e+02   2.6457905769348145e-02
   1.9400000000000000e+02   2.1284434944391251e-02
   1.9500000000000000e+02   1.6987888142466545e-02
   1.9600000000000000e+02   1.3439538888633251e-02
   1.9700000000000000e+02   1.0527014732360840e-02
   1.9800000000000000e+02   8.1619890406727791e-03
   1.9900000000000000e+02   6.2605571001768112e-03
   2.0000000000000000e+02   4.7507141716778278e-03
   2.0100000000000000e+02   3.5604005679488182e-03
   2.0200000000000000e+02   2.6331404224038124e-03
   2.0300000000000000e+02   1.9261585548520088e-03
   2.0400000000000000e+02   1.4038789086043835e-03
   2.0500000000000000e+02   1.0335348779335618e-03
   2.0600000000000000e+02   7.8431848669424653e-04
   2.0700000000000000e+02   6.2406313372775912e-04
   2.0800000000000000e+02   5.2526156650856137e-04
   2.0900000000000000e+02   4.6587770339101553e-04
   2.1000000000000000e+02   4.3063424527645111e-04
   2.1100000000000000e+02   4.1082018287852407e-04
   2.1200000000000000e+02   3.9911858038976789e-04
   2.1300000000000000e+02   3.9094596286304295e-04
   2.1400000000000000e+02   3.8329511880874634e-04
   2.1500000000000000e+02   3.7445459747686982e-04
   2.1600000000000000e+02   3.6362561513669789e-04
   2.1700000000000000e+02   3.5063855466432869e-04
   2.1800000000000000e+02   3.3538544084876776e-04
   2.1900000000000000e+02   3.1814895919524133e-04
   2.2000000000000000e+02   2.9866484692320228e-04
   2.2100000000000000e+02   2.7693802257999778e-04
   2.2200000000000000e+02   2.5277747772634029e-04
   2.2300000000000000e+02   2.2663439449388534e-04
   2.2400000000000000e+02   1.9888576935045421e-04
   2.2500000000000000e+02   1.7022169777192175e-04
   2.2600000000000000e+02   1.4158540579956025e-04
   2.2700000000000000e+02   1.1429596634116024e-04
   2.2800000000000000e+02   8.9750843471847475e-05
   2.2900000000000000e+02   6.8765941250603646e-05
   2.3000000000000000e+02   5.1775357860606164e-05
   2.3100000000000000e+02   3.8586393202422187e-05
   2.3200000000000000e+02   2.8659245799644850e-05
   2.3300000000000000e+02   2.1483427190105431e-05
   2.3400000000000000e+02   1.6295236491714604e-05
   2.3500000000000000e+02   1.2606566997419577e-05
   2.3600000000000000e+02   9.9824937933590263e-06
   2.3700000000000000e+02   8.1100051829707809e-06
   2.3800000000000000e+02   6.7035543906968087e-06
   2.3900000000000000e+02   5.6110116020136047e-06
   2.4000000000000000e+02   4.7371268010465428e-06
   2.4100000000000000e+02   4.0462846300215460e-06
   2.4200000000000000e+02   3.5205237054469762e-06
   2.4300000000000000e+02   3.1535778362012934e-06
   2.4400000000000000e+02   2.9179229841247434e-06
   2.4500000000000000e+02   2.7855849111801945e-06
   2.4600000000000000e+02   2.7323862923367415e-06
   2.4700000000000000e+02   2.7236067126068519e-06
   2.4800000000000000e+02   2.7442138161859475e-06
   2.4900000000000000e+02   2.7794797006208682e-06
   2.5000000000000000e+02   2.8274951091589173e-06
   2.5100000000000000e+02   2.8921742796228500e-06
   2.5200000000000000e+02   2.9827860998921096e-06
   2.5300000000000000e+02   3.0998021429695655e-06
   2.5400000000000000e+02   3.2440918857901124e-06
   2.5500000000000000e+02   3.4192594284832012e-06
   2.5600000000000000e+02   3.6429928513825871e-06
   2.5700000000000000e+02   3.9589867810718715e-06
   2.5800000000000000e+02   4.4200392039783765e-06
   2.5900000000000000e+02   5.1052138587692752e-06
   2.6000000000000000e+02   6.0906932048965245e-06
   2.6100000000000000e+02   7.4335625868116040e-06
   2.6200000000000000e+02   9.1877982413279824e-06
   2.6300000000000000e+02   1.1406199519115034e-05
   2.6400000000000000e+02   1.4228690815798473e-05
   2.6500000000000000e+02   1.7789016055758111e-05
   2.6600000000000000e+02   2.2255420844885521e-05
   2.6700000000000000e+02   2.7823534765047953e-05
   2.6800000000000000e+02   3.4644304832909256e-05
   2.6900000000000000e+02   4.2786876292666420e-05
   2.7000000000000000e+02   5.2227525884518400e-05
   2.7100000000000000e+02   6.3059160311240703e-05
   2.7200000000000000e+02   7.5177114922553301e-05
   2.7300000000000000e+02   8.8632623373996466e-05
   2.7400000000000000e+02   1.0326877236366272e-04
   2.7500000000000000e+02   1.1889261077158153e-04
   2.7600000000000000e+02   1.3521120126824826e-04
   2.7700000000000000e+02   1.5174041618593037e-04
   2.7800000000000000e+02   1.6814628907013685e-04
   2.7900000000000000e+02   1.8418866966385394e-04
   2.8000000000000000e+02   2.0016633789055049e-04
   2.8100000000000000e+02   2.1634322183672339e-04
   2.8200000000000000e+02   2.3305966169573367e-04
   2.8300000000000000e+02   2.5113535230048001e-04
   2.8400000000000000e+02   2.7057647821493447e-04
   2.8500000000000000e+02   2.9135789372958243e-04
   2.8600000000000000e+02   3.1278308597393334e-04
   2.8700000000000000e+02   3.3422207343392074e-04
   2.8800000000000000e+02   3.5479964572004974e-04
   2.8900000000000000e+02   3.7355616223067045e-04
   2.9000000000000000e+02   3.8997060619294643e-04
   2.9100000000000000e+02   4.0409300709143281e-04
   2.9200000000000000e+02   4.1697864071466029e-04
   2.9300000000000000e+02   4.2948219925165176e-04
   2.9400000000000000e+02   4.4206809252500534e-04
   2.9500000000000000e+02   4.5468626194633543e-04
   2.9600000000000000e+02   4.6649947762489319e-04
   2.9700000000000000e+02   4.7691984218545258e-04
   2.9800000000000000e+02   4.8503308789804578e-04
   2.9900000000000000e+02   4.9060303717851639e-04
   3.0000000000000000e+02   4.9388548359274864e-04
