   1.0000000000000000e+00   1.3130725710652769e-04
   2.0000000000000000e+00   1.2875076208729297e-04
   3.0000000000000000e+00   1.2479568249545991e-04
   4.0000000000000000e+00   1.1943376011913642e-04
   5.0000000000000000e+00   1.1291214468656108e-04
   6.0000000000000000e+00   1.0584769188426435e-04
   7.0000000000000000e+00   9.8427059128880501e-05
   8.0000000000000000e+00   9.0854235168080777e-05
   9.0000000000000000e+00   8.3438819274306297e-05
   1.0000000000000000e+01   7.6208649261388928e-05
   1.1000000000000000e+01   6.9446905399672687e-05
   1.2000000000000000e+01   6.3089973991736770e-05
   1.3000000000000000e+01   5.7141060096910223e-05
   1.4000000000000000e+01   5.1466751756379381e-05
   1.5000000000000000e+01   4.6095847210381180e-05
   1.6000000000000000e+01   4.1249444620916620e-05
   1.7000000000000000e+01   3.7144163798075169e-05
   1.8000000000000000e+01   3.4156393667217344e-05
   1.9000000000000000e+01   3.2251438824459910e-05
   2.0000000000000000e+01   3.1033257982926443e-05
   2.1000000000000000e+01   2.9957938750158064e-05
   2.2000000000000000e+01   2.8586078769876622e-05
   2.3000000000000000e+01   2.6852458177017979e-05
   2.4000000000000000e+01   2.4623534045531414e-05
   2.5000000000000000e+01   2.2129195713205263e-05
   2.6000000000000000e+01   1.9613136828411371e-05
   2.7000000000000000e+01   1.7357542674290016e-05
   2.8000000000000000e+01   1.5466432159882970e-05
   2.9000000000000000e+01   1.3832634977006819e-05
   3.0000000000000000e+01   1.2219605196150951e-05
   3.1000000000000000e+01   1.0491730790818110e-05
   3.2000000000000000e+01   8.6990366980899125e-06
   3.3000000000000000e+01   6.9234597503964324e-06
   3.4000000000000000e+01   5.3420944823301397e-06
   3.5000000000000000e+01   4.0833997445588466e-06
   3.6000000000000000e+01   3.2016066597861936e-06
   3.7000000000000000e+01   8.1946545833488926e-06
   3.8000000000000000e+01   4.0377566620009020e-05
   3.9000000000000000e+01   1.3025892258156091e-04
   4.0000000000000000e+01   3.2543847919441760e-04
   4.1000000000000000e+01   6.7438551923260093e-04
   4.2000000000000000e+01   1.2128620874136686e-03
   4.3000000000000000e+01   1.9492186838760972e-03
   4.4000000000000000e+01   2.8861861210316420e-03
   4.5000000000000000e+01   4.0432186797261238e-03
   4.6000000000000000e+01   5.4779001511633396e-03
   4.7000000000000000e+01   7.2745759971439838e-03
   4.8000000000000000e+01   9.4777606427669525e-03
   4.9000000000000000e+01   1.2039850465953350e-02
   5.0000000000000000e+01   1.4820978045463562e-02
   5.1000000000000000e+01   1.7611227929592133e-02
   5.2000000000000000e+01   2.0195746794342995e-02
   5.3000000000000000e+01   2.2398237138986588e-02
   5.4000000000000000e+01   2.4127475917339325e-02
   5.5000000000000000e+01   2.5361455976963043e-02
   5.6000000000000000e+01   2.6133622974157333e-02
   5.7000000000000000e+01   2.6499828323721886e-02
   5.8000000000000000e+01   2.6583012193441391e-02
   5.9000000000000000e+01   2.6561489328742027e-02
   6.0000000000000000e+01   2.6763880625367165e-02
   6.1000000000000000e+01   2.7727570384740829e-02
   6.2000000000000000e+01   3.0244423076510429e-02
   6.3000000000000000e+01   3.5372678190469742e-02
   6.4000000000000000e+01   4.4412866234779358e-02
   6.5000000000000000e+01   5.8760635554790497e-02
   6.6000000000000000e+01   7.9761050641536713e-02
   6.7000000000000000e+01   1.0846010595560074e-01
   6.8000000000000000e+01   1.4534792304039001e-01
   6.9000000000000000e+01   1.9016829133033752e-01
   7.0000000000000000e+01   2.4197530746459961e-01
   7.1000000000000000e+01   2.9925835132598877e-01
   7.2000000000000000e+01   3.6025059223175049e-01
   7.3000000000000000e+01   4.2311412096023560e-01
   7.4000000000000000e+01   4.8602017760276794e-01
   7.5000000000000000e+01   5.4700773954391479e-01
   7.6000000000000000e+01   6.0390633344650269e-01
   7.7000000000000000e+01   6.5431809425354004e-01
   7.8000000000000000e+01   6.9582003355026245e-01
   7.9000000000000000e+01   7.2623640298843384e-01
   8.0000000000000000e+01   7.4385130405426025e-01
   8.1000000000000000e+01   7.4766135215759277e-01
   8.2000000000000000e+01   7.3735815286636353e-01
   8.3000000000000000e+01   7.1340703964233398e-01
   8.4000000000000000e+01   6.7710959911346436e-01
   8.5000000000000000e+01   6.3047856092453003e-01
   8.6000000000000000e+01   5.7602053880691528e-01
   8.7000000000000000e+01   5.1632946729660034e-01
   8.8000000000000000e+01   4.5379528403282166e-01
   8.9000000000000000e+01   3.9052411913871765e-01
   9.0000000000000000e+01   3.2841473817825317e-01
   9.1000000000000000e+01   2.6923388242721558e-01
   9.2000000000000000e+01   2.1454815566539764e-01
   9.3000000000000000e+01   1.6573131084442139e-01
   9.4000000000000000e+01   1.2372677773237228e-01
   9.5000000000000000e+01   8.8995710015296936e-02
   9.6000000000000000e+01   6.1407916247844696e-02
   9.7000000000000000e+01   4.0435448288917542e-02
   9.8000000000000000e+01   2.5278598070144653e-02
   9.9000000000000000e+01   1.4952228404581547e-02
   1.0000000000000000e+02   8.3637144416570663e-03
   1.0100000000000000e+02   4.4340421445667744e-03
   1.0200000000000000e+02   2.2432429250329733e-03
   1.0300000000000000e+02   1.1071222834289074e-03
   1.0400000000000000e+02   5.6692637735977769e-04
   1.0500000000000000e+02   3.3713606535457075e-04
   1.0600000000000000e+02   2.2703270951751620e-04
   1.0700000000000000e+02   1.9242083362769336e-04
   1.0800000000000000e+02   1.8049363279715180e-04
   1.0900000000000000e+02   1.7113568901550025e-04
   1.1000000000000000e+02   1.6376811254303902e-04
   1.1100000000000000e+02   1.5742421965114772e-04
   1.1200000000000000e+02   1.5191662532743067e-04
   1.1300000000000000e+02   1.4666742936242372e-04
   1.1400000000000000e+02   1.4161803119350225e-04
   1.1500000000000000e+02   1.3689315528608859e-04
   1.1600000000000000e+02   1.3283232692629099e-04
   1.1700000000000000e+02   1.3025343650951982e-04
   1.1800000000000000e+02   1.2984011846128851e-04
   1.1900000000000000e+02   1.3205327559262514e-04
   1.2000000000000000e+02   1.3671915803570300e-04
   1.2100000000000000e+02   1.4331808779388666e-04
   1.2200000000000000e+02   1.5212094876915216e-04
   1.2300000000000000e+02   1.6252338537015021e-04
   1.2400000000000000e+02   1.7477816436439753e-04
   1.2500000000000000e+02   1.8884681048803031e-04
   1.2600000000000000e+02   2.0384340314194560e-04
   1.2700000000000000e+02   2.1784032287541777e-04
   1.2800000000000000e+02   2.2849687957204878e-04
   1.2900000000000000e+02   2.3474903719034046e-04
   1.3000000000000000e+02   2.3711747780907899e-04
   1.3100000000000000e+02   2.3740727920085192e-04
   1.3200000000000000e+02   2.3711407266091555e-04
   1.3300000000000000e+02   2.3690563102718443e-04
   1.3400000000000000e+02   2.3800902999937534e-04
   1.3500000000000000e+02   2.4058589769992977e-04
   1.3600000000000000e+02   2.4463314912281930e-04
   1.3700000000000000e+02   2.4859458790160716e-04
   1.3800000000000000e+02   2.5171568267978728e-04
   1.3900000000000000e+02   2.5324930902570486e-04
   1.4000000000000000e+02   2.5316225946880877e-04
   1.4100000000000000e+02   2.5313303922303021e-04
   1.4200000000000000e+02   2.5589670985937119e-04
   1.4300000000000000e+02   2.6451924350112677e-04
   1.4400000000000000e+02   2.8008117806166410e-04
   1.4500000000000000e+02   3.0092630186118186e-04
   1.4600000000000000e+02   3.2337728771381080e-04
   1.4700000000000000e+02   3.4369024797342718e-04
   1.4800000000000000e+02   3.5971082979813218e-04
   1.4900000000000000e+02   3.6938762059435248e-04
   1.5000000000000000e+02   3.7296381196938455e-04
   1.5100000000000000e+02   3.7179375067353249e-04
   1.5200000000000000e+02   3.6758976057171822e-04
   1.5300000000000000e+02   3.6165135679766536e-04
   1.5400000000000000e+02   3.5419457708485425e-04
   1.5500000000000000e+02   3.4472160041332245e-04
   1.5600000000000000e+02   3.3220183104276657e-04
   1.5700000000000000e+02   3.1586174736730754e-04
   1.5800000000000000e+02   2.9507285216823220e-04
   1.5900000000000000e+02   2.7014489751309156e-04
   1.6000000000000000e+02   2.4284546088892967e-04
   1.6100000000000000e+02   2.1566418581642210e-04
   1.6200000000000000e+02   1.9125327526126057e-04
   1.6300000000000000e+02   1.7144427692983299e-04
   1.6400000000000000e+02   1.5701095981057733e-04
   1.6500000000000000e+02   1.4737088349647820e-04
   1.6600000000000000e+02   1.4134813682176173e-04
   1.6700000000000000e+02   1.3789052900392562e-04
   1.6800000000000000e+02   1.3647941523231566e-04
   1.6900000000000000e+02   1.3714682427234948e-04
   1.7000000000000000e+02   1.4053280756343156e-04
   1.7100000000000000e+02   1.4707200170960277e-04
   1.7200000000000000e+02   1.5717944188509136e-04
   1.7300000000000000e+02   1.7103823483921587e-04
   1.7400000000000000e+02   1.8860222189687192e-04
   1.7500000000000000e+02   2.0913132175337523e-04
   1.7600000000000000e+02   2.3181509459391236e-04
   1.7700000000000000e+02   2.5606382405385375e-04
   1.7800000000000000e+02   2.8157641645520926e-04
   1.7900000000000000e+02   3.0857970705255866e-04
   1.8000000000000000e+02   3.3734051976352930e-04
   1.8100000000000000e+02   3.6746659316122532e-04
   1.8200000000000000e+02   3.9823731640353799e-04
   1.8300000000000000e+02   4.2906755697913468e-04
   1.8400000000000000e+02   4.5949363266117871e-04
   1.8500000000000000e+02   4.8954907106235623e-04
   1.8600000000000000e+02   5.1931320922449231e-04
   1.8700000000000000e+02   5.4669560631737113e-04
   1.8800000000000000e+02   5.6868483079597354e-04
   1.8900000000000000e+02   5.8283878024667501e-04
   1.9000000000000000e+02   5.8798922691494226e-04
   1.9100000000000000e+02   5.8487872593104839e-04
   1.9200000000000000e+02   5.7462078984826803e-04
   1.9300000000000000e+02   5.5876176338642836e-04
   1.9400000000000000e+02   5.3810660028830171e-04
   1.9500000000000000e+02   5.1410141168162227e-04
   1.9600000000000000e+02   4.8741089995019138e-04
   1.9700000000000000e+02   4.5916088856756687e-04
   1.9800000000000000e+02   4.3029207154177129e-04
   1.9900000000000000e+02   4.0109452675096691e-04
   2.0000000000000000e+02   3.7067013909108937e-04
   2.0100000000000000e+02   3.3801488461904228e-04
   2.0200000000000000e+02   3.0499399872496724e-04
   2.0300000000000000e+02   2.7540521114133298e-04
   2.0400000000000000e+02   2.5496861780993640e-04
   2.0500000000000000e+02   2.5274863583035767e-04
   2.0600000000000000e+02   2.7522488380782306e-04
   2.0700000000000000e+02   3.3223768696188927e-04
   2.0800000000000000e+02   4.2931534699164331e-04
   2.0900000000000000e+02   5.6740175932645798e-04
   2.1000000000000000e+02   7.4694654904305935e-04
   2.1100000000000000e+02   9.6427003154531121e-04
   2.1200000000000000e+02   1.2192742433398962e-03
   2.1300000000000000e+02   1.5134267741814256e-03
   2.1400000000000000e+02   1.8519775476306677e-03
   2.1500000000000000e+02   2.2342808078974485e-03
   2.1600000000000000e+02   2.6558439712971449e-03
   2.1700000000000000e+02   3.1082669738680124e-03
   2.1800000000000000e+02   3.5771350376307964e-03
   2.1900000000000000e+02   4.0448345243930817e-03
   2.2000000000000000e+02   4.4941226951777935e-03
   2.2100000000000000e+02   4.9112248234450817e-03
   2.2200000000000000e+02   5.2926144562661648e-03
   2.2300000000000000e+02   5.6375022977590561e-03
   2.2400000000000000e+02   5.9488774277269840e-03
   2.2500000000000000e+02   6.2267249450087547e-03
   2.2600000000000000e+02   6.4746662974357605e-03
   2.2700000000000000e+02   6.6914847120642662e-03
   2.2800000000000000e+02   6.8734800443053246e-03
   2.2900000000000000e+02   7.0159938186407089e-03
   2.3000000000000000e+02   7.1240188553929329e-03
   2.3100000000000000e+02   7.2021326050162315e-03
   2.3200000000000000e+02   7.2608920745551586e-03
   2.3300000000000000e+02   7.3111313395202160e-03
   2.3400000000000000e+02   7.3697892948985100e-03
   2.3500000000000000e+02   7.4500995688140392e-03
   2.3600000000000000e+02   7.5572403147816658e-03
   2.3700000000000000e+02   7.6789492741227150e-03
   2.3800000000000000e+02   7.7984821982681751e-03
   2.3900000000000000e+02   7.9037463292479515e-03
   2.4000000000000000e+02   7.9885441809892654e-03
   2.4100000000000000e+02   8.0530419945716858e-03
   2.4200000000000000e+02   8.1049418076872826e-03
   2.4300000000000000e+02   8.1522790715098381e-03
   2.4400000000000000e+02   8.2026664167642593e-03
   2.4500000000000000e+02   8.2560870796442032e-03
   2.4600000000000000e+02   8.3116171881556511e-03
   2.4700000000000000e+02   8.3617633208632469e-03
   2.4800000000000000e+02   8.4005407989025116e-03
   2.4900000000000000e+02   8.4173493087291718e-03
   2.5000000000000000e+02   8.4050931036472321e-03
   2.5100000000000000e+02   8.3643356338143349e-03
   2.5200000000000000e+02   8.3029428496956825e-03
   2.5300000000000000e+02   8.2305343821644783e-03
   2.5400000000000000e+02   8.1588393077254295e-03
   2.5500000000000000e+02   8.0987494438886642e-03
   2.5600000000000000e+02   8.0540673807263374e-03
   2.5700000000000000e+02   8.0165676772594452e-03
   2.5800000000000000e+02   7.9720374196767807e-03
   2.5900000000000000e+02   7.9035274684429169e-03
   2.6000000000000000e+02   7.8023541718721390e-03
   2.6100000000000000e+02   7.6717515476047993e-03
   2.6200000000000000e+02   7.5216325931251049e-03
   2.6300000000000000e+02   7.3677743785083294e-03
   2.6400000000000000e+02   7.2268433868885040e-03
   2.6500000000000000e+02   7.1015614084899426e-03
   2.6600000000000000e+02   6.9861253723502159e-03
   2.6700000000000000e+02   6.8689435720443726e-03
   2.6800000000000000e+02   6.7465966567397118e-03
   2.6900000000000000e+02   6.6133541986346245e-03
   2.7000000000000000e+02   6.4606755040585995e-03
   2.7100000000000000e+02   6.2800562009215355e-03
   2.7200000000000000e+02   6.0686911456286907e-03
   2.7300000000000000e+02   5.8391527272760868e-03
   2.7400000000000000e+02   5.6068939156830311e-03
   2.7500000000000000e+02   5.3826724179089069e-03
   2.7600000000000000e+02   5.1628053188323975e-03
   2.7700000000000000e+02   4.9345507286489010e-03
   2.7800000000000000e+02   4.6826903708279133e-03
   2.7900000000000000e+02   4.3946034274995327e-03
   2.8000000000000000e+02   4.0726428851485252e-03
   2.8100000000000000e+02   3.7288304883986712e-03
   2.8200000000000000e+02   3.3786681015044451e-03
   2.8300000000000000e+02   3.0344175174832344e-03
   2.8400000000000000e+02   2.7029274497181177e-03
   2.8500000000000000e+02   2.3901702370494604e-03
   2.8600000000000000e+02   2.1019212435930967e-03
   2.8700000000000000e+02   1.8437727121636271e-03
   2.8800000000000000e+02   1.6104085370898247e-03
   2.8900000000000000e+02   1.3935782480984926e-03
   2.9000000000000000e+02   1.1862290557473898e-03
   2.9100000000000000e+02   9.9030963610857725e-04
   2.9200000000000000e+02   8.1514660269021988e-04
   2.9300000000000000e+02   6.6975498339161277e-04
   2.9400000000000000e+02   5.5825029266998172e-04
   2.9500000000000000e+02   4.7934541362337768e-04
   2.9600000000000000e+02   4.2900422704406083e-04
   2.9700000000000000e+02   3.9923988515511155e-04
   2.9800000000000000e+02   3.8236324326135218e-04
   2.9900000000000000e+02   3.7257984513416886e-04
   3.0000000000000000e+02   3.6586573696695268e-04
