   1.0000000000000000e+00   1.0955853387713432e-02
   2.0000000000000000e+00   1.0895458981394768e-02
   3.0000000000000000e+00   1.0793586261570454e-02
   4.0000000000000000e+00   1.0423388332128525e-02
   5.0000000000000000e+00   1.0154575109481812e-02
   6.0000000000000000e+00   9.9286083132028580e-03
   7.0000000000000000e+00   9.8160868510603905e-03
   8.0000000000000000e+00   9.7366292029619217e-03
   9.0000000000000000e+00   9.6386941149830818e-03
   1.0000000000000000e+01   9.5437075942754745e-03
   1.1000000000000000e+01   9.4619458541274071e-03
   1.2000000000000000e+01   9.3027828261256218e-03
   1.3000000000000000e+01   9.2456648126244545e-03
   1.4000000000000000e+01   9.1425944119691849e-03
   1.5000000000000000e+01   9.1017121449112892e-03
   1.6000000000000000e+01   8.8061336427927017e-03
   1.7000000000000000e+01   8.6743403226137161e-03
   1.8000000000000000e+01   8.6645986884832382e-03
   1.9000000000000000e+01   8.7744193151593208e-03
   2.0000000000000000e+01   8.7425392121076584e-03
   2.1000000000000000e+01   8.7463138625025749e-03
   2.2000000000000000e+01   8.7432293221354485e-03
   2.3000000000000000e+01   8.7284957990050316e-03
   2.4000000000000000e+01   8.6618699133396149e-03
   2.5000000000000000e+01   8.7174372747540474e-03
   2.6000000000000000e+01   8.6652683094143867e-03
   2.7000000000000000e+01   8.6233401671051979e-03
   2.8000000000000000e+01   8.7143275886774063e-03
   2.9000000000000000e+01   8.8519817218184471e-03
   3.0000000000000000e+01   8.7765008211135864e-03
   3.1000000000000000e+01   8.8983681052923203e-03
   3.2000000000000000e+01   8.9163063094019890e-03
   3.3000000000000000e+01   8.8833142071962357e-03
   3.4000000000000000e+01   8.6857276037335396e-03
   3.5000000000000000e+01   8.8279396295547485e-03
   3.6000000000000000e+01   8.7581966072320938e-03
   3.7000000000000000e+01   8.8267419487237930e-03
   3.8000000000000000e+01   8.6847906932234764e-03
   3.9000000000000000e+01   8.6627779528498650e-03
   4.0000000000000000e+01   8.6670666933059692e-03
   4.1000000000000000e+01   8.6724720895290375e-03
   4.2000000000000000e+01   8.5847023874521255e-03
   4.3000000000000000e+01   8.3751501515507698e-03
   4.4000000000000000e+01   8.2368440926074982e-03
   4.5000000000000000e+01   8.2322377711534500e-03
   4.6000000000000000e+01   8.0395536497235298e-03
   4.7000000000000000e+01   8.1527177244424820e-03
   4.8000000000000000e+01   8.1117982044816017e-03
   4.9000000000000000e+01   8.1635387614369392e-03
   5.0000000000000000e+01   8.0638788640499115e-03
   5.1000000000000000e+01   8.0321859568357468e-03
   5.2000000000000000e+01   8.0191092565655708e-03
   5.3000000000000000e+01   8.1002963706851006e-03
   5.4000000000000000e+01   8.2181720063090324e-03
   5.5000000000000000e+01   8.2468055188655853e-03
   5.6000000000000000e+01   8.2082580775022507e-03
   5.7000000000000000e+01   8.1845140084624290e-03
   5.8000000000000000e+01   8.2419523969292641e-03
   5.9000000000000000e+01   8.3690816536545753e-03
   6.0000000000000000e+01   8.3015542477369308e-03
   6.1000000000000000e+01   8.3566615357995033e-03
   6.2000000000000000e+01   8.3033880218863487e-03
   6.3000000000000000e+01   8.2782879471778870e-03
   6.4000000000000000e+01   8.2230903208255768e-03
   6.5000000000000000e+01   8.1366347149014473e-03
   6.6000000000000000e+01   8.1431614235043526e-03
   6.7000000000000000e+01   8.1425644457340240e-03
   6.8000000000000000e+01   8.0807991325855255e-03
   6.9000000000000000e+01   8.0374740064144135e-03
   7.0000000000000000e+01   7.9147536307573318e-03
   7.1000000000000000e+01   7.8223776072263718e-03
   7.2000000000000000e+01   7.8379064798355103e-03
   7.3000000000000000e+01   7.8409360721707344e-03
   7.4000000000000000e+01   7.7025834470987320e-03
   7.5000000000000000e+01   7.7046290971338749e-03
   7.6000000000000000e+01   7.7713686041533947e-03
   7.7000000000000000e+01   7.8177340328693390e-03
   7.8000000000000000e+01   7.7473339624702930e-03
   7.9000000000000000e+01   7.8731356188654900e-03
   8.0000000000000000e+01   8.0940527841448784e-03
   8.1000000000000000e+01   8.1216692924499512e-03
   8.2000000000000000e+01   8.0091236159205437e-03
   8.3000000000000000e+01   8.0113308504223824e-03
   8.4000000000000000e+01   8.0288611352443695e-03
   8.5000000000000000e+01   8.1377383321523666e-03
   8.6000000000000000e+01   8.0878352746367455e-03
   8.7000000000000000e+01   8.1907929852604866e-03
   8.8000000000000000e+01   8.1002730876207352e-03
   8.9000000000000000e+01   7.9790884628891945e-03
   9.0000000000000000e+01   8.0076893791556358e-03
   9.1000000000000000e+01   7.9389046877622604e-03
   9.2000000000000000e+01   7.8890798613429070e-03
   9.3000000000000000e+01   7.8481249511241913e-03
   9.4000000000000000e+01   7.7799335122108459e-03
   9.5000000000000000e+01   7.5131421908736229e-03
   9.6000000000000000e+01   7.4464022181928158e-03
   9.7000000000000000e+01   7.4784429743885994e-03
   9.8000000000000000e+01   7.4503659270703793e-03
   9.9000000000000000e+01   7.2608515620231628e-03
   1.0000000000000000e+02   7.0514618419110775e-03
   1.0100000000000000e+02   7.0279929786920547e-03
   1.0200000000000000e+02   6.8152430467307568e-03
   1.0300000000000000e+02   7.0509980432689190e-03
   1.0400000000000000e+02   7.0149623788893223e-03
   1.0500000000000000e+02   6.7886658944189548e-03
   1.0600000000000000e+02   6.7241531796753407e-03
   1.0700000000000000e+02   6.5273842774331570e-03
   1.0800000000000000e+02   6.6405702382326126e-03
   1.0900000000000000e+02   6.4547811634838581e-03
   1.1000000000000000e+02   6.4127291552722454e-03
   1.1100000000000000e+02   6.2974691390991211e-03
   1.1200000000000000e+02   6.1473664827644825e-03
   1.1300000000000000e+02   6.1751999892294407e-03
   1.1400000000000000e+02   6.2146862037479877e-03
   1.1500000000000000e+02   6.0695931315422058e-03
   1.1600000000000000e+02   6.1597973108291626e-03
   1.1700000000000000e+02   6.1357365921139717e-03
   1.1800000000000000e+02   5.9703784063458443e-03
   1.1900000000000000e+02   5.9037189930677414e-03
   1.2000000000000000e+02   6.0093472711741924e-03
   1.2100000000000000e+02   5.9191440232098103e-03
   1.2200000000000000e+02   5.8445851318538189e-03
   1.2300000000000000e+02   5.7085989974439144e-03
   1.2400000000000000e+02   5.7779219932854176e-03
   1.2500000000000000e+02   5.7661007158458233e-03
   1.2600000000000000e+02   5.7892133481800556e-03
   1.2700000000000000e+02   5.8347582817077637e-03
   1.2800000000000000e+02   5.6594540365040302e-03
   1.2900000000000000e+02   5.5914418771862984e-03
   1.3000000000000000e+02   7.6401054859161377e-02
   1.3100000000000000e+02   7.6203957200050354e-02
   1.3200000000000000e+02   7.7648803591728210e-02
   1.3300000000000000e+02   7.7357813715934753e-02
   1.3400000000000000e+02   7.7159203588962555e-02
   1.3500000000000000e+02   7.6516821980476379e-02
   1.3600000000000000e+02   7.7273488044738770e-02
   1.3700000000000000e+02   7.7718041837215424e-02
   1.3800000000000000e+02   7.8984193503856659e-02
   1.3900000000000000e+02   8.0346159636974335e-02
   1.4000000000000000e+02   8.1802830100059509e-02
   1.4100000000000000e+02   8.2245655357837677e-02
   1.4200000000000000e+02   8.1568121910095215e-02
   1.4300000000000000e+02   8.2999639213085175e-02
   1.4400000000000000e+02   8.5196934640407562e-02
   1.4500000000000000e+02   8.5764847695827484e-02
   1.4600000000000000e+02   8.6269475519657135e-02
   1.4700000000000000e+02   8.6617119610309601e-02
   1.4800000000000000e+02   8.7048821151256561e-02
   1.4900000000000000e+02   8.6894698441028595e-02
   1.5000000000000000e+02   8.7405070662498474e-02
   1.5100000000000000e+02   8.6739785969257355e-02
   1.5200000000000000e+02   8.6832188069820404e-02
   1.5300000000000000e+02   8.6685456335544586e-02
   1.5400000000000000e+02   8.7157942354679108e-02
   1.5500000000000000e+02   8.5623703896999359e-02
   1.5600000000000000e+02   8.4363423287868500e-02
   1.5700000000000000e+02   8.4771707653999329e-02
   1.5800000000000000e+02   8.3157010376453400e-02
   1.5900000000000000e+02   8.1979587674140930e-02
   1.6000000000000000e+02   8.0170065164566040e-02
   1.6100000000000000e+02   7.9097852110862732e-02
   1.6200000000000000e+02   7.6791375875473022e-02
   1.6300000000000000e+02   7.6247468590736389e-02
   1.6400000000000000e+02   7.6904572546482086e-02
   1.6500000000000000e+02   7.6442398130893707e-02
   1.6600000000000000e+02   7.5667522847652435e-02
   1.6700000000000000e+02   7.4507601559162140e-02
   1.6800000000000000e+02   7.2563387453556061e-02
   1.6900000000000000e+02   7.0800282061100006e-02
   1.7000000000000000e+02   7.0261970162391663e-02
   1.7100000000000000e+02   7.0737376809120178e-02
   1.7200000000000000e+02   7.0437565445899963e-02
   1.7300000000000000e+02   7.0727057754993439e-02
   1.7400000000000000e+02   6.8769030272960663e-02
   1.7500000000000000e+02   6.8524345755577087e-02
   1.7600000000000000e+02   6.8811178207397461e-02
   1.7700000000000000e+02   6.9490306079387665e-02
   1.7800000000000000e+02   6.9646283984184265e-02
   1.7900000000000000e+02   6.8681128323078156e-02
   1.8000000000000000e+02   6.8747796118259430e-02
   1.8100000000000000e+02   6.8261250853538513e-02
   1.8200000000000000e+02   6.7871853709220886e-02
   1.8300000000000000e+02   6.9051869213581085e-02
   1.8400000000000000e+02   6.9076754152774811e-02
   1.8500000000000000e+02   6.8847455084323883e-02
   1.8600000000000000e+02   6.8225026130676270e-02
   1.8700000000000000e+02   6.7153841257095337e-02
   1.8800000000000000e+02   6.5594598650932312e-02
   1.8900000000000000e+02   6.5770611166954041e-02
   1.9000000000000000e+02   6.5408922731876373e-02
   1.9100000000000000e+02   6.4488828182220459e-02
   1.9200000000000000e+02   6.3549548387527466e-02
   1.9300000000000000e+02   6.2261559069156647e-02
   1.9400000000000000e+02   6.1174321919679642e-02
   1.9500000000000000e+02   5.9725124388933182e-02
   1.9600000000000000e+02   5.9484593570232391e-02
   1.9700000000000000e+02   5.8501243591308594e-02
   1.9800000000000000e+02   5.7510990649461746e-02
   1.9900000000000000e+02   5.6085273623466492e-02
   2.0000000000000000e+02   5.4799951612949371e-02
   2.0100000000000000e+02   5.3375087678432465e-02
   2.0200000000000000e+02   5.2967853844165802e-02
   2.0300000000000000e+02   5.1971863955259323e-02
   2.0400000000000000e+02   5.0928361713886261e-02
   2.0500000000000000e+02   4.9364089965820312e-02
   2.0600000000000000e+02   4.8543967306613922e-02
   2.0700000000000000e+02   4.7476205974817276e-02
   2.0800000000000000e+02   4.6479586511850357e-02
   2.0900000000000000e+02   4.5555535703897476e-02
   2.1000000000000000e+02   4.4982787221670151e-02
   2.1100000000000000e+02   4.3532121926546097e-02
   2.1200000000000000e+02   4.2569942772388458e-02
   2.1300000000000000e+02   4.0868122130632401e-02
   2.1400000000000000e+02   3.9840184152126312e-02
   2.1500000000000000e+02   3.9430357515811920e-02
   2.1600000000000000e+02   3.8483314216136932e-02
   2.1700000000000000e+02   3.7565335631370544e-02
   2.1800000000000000e+02   3.7162605673074722e-02
   2.1900000000000000e+02   3.6619886755943298e-02
   2.2000000000000000e+02   3.6229826509952545e-02
   2.2100000000000000e+02   3.5245463252067566e-02
   2.2200000000000000e+02   3.4383192658424377e-02
   2.2300000000000000e+02   3.3866334706544876e-02
   2.2400000000000000e+02   3.3273100852966309e-02
   2.2500000000000000e+02   3.2731343060731888e-02
   2.2600000000000000e+02   3.2433789223432541e-02
   2.2700000000000000e+02   3.1976565718650818e-02
   2.2800000000000000e+02   3.1668242067098618e-02
   2.2900000000000000e+02   3.1348336488008499e-02
   2.3000000000000000e+02   3.0320940539240837e-02
   2.3100000000000000e+02   3.0045170336961746e-02
   2.3200000000000000e+02   2.9603276401758194e-02
   2.3300000000000000e+02   2.9052894562482834e-02
   2.3400000000000000e+02   2.8450140729546547e-02
   2.3500000000000000e+02   2.8344159945845604e-02
   2.3600000000000000e+02   2.8193967416882515e-02
   2.3700000000000000e+02   2.7877731248736382e-02
   2.3800000000000000e+02   2.7139771729707718e-02
   2.3900000000000000e+02   2.6768960058689117e-02
   2.4000000000000000e+02   2.6165558025240898e-02
   2.4100000000000000e+02   2.5510493665933609e-02
   2.4200000000000000e+02   2.5419184938073158e-02
   2.4300000000000000e+02   2.5081252679228783e-02
   2.4400000000000000e+02   2.4611525237560272e-02
   2.4500000000000000e+02   2.4364011362195015e-02
   2.4600000000000000e+02   2.3863619193434715e-02
   2.4700000000000000e+02   2.3212283849716187e-02
   2.4800000000000000e+02   2.2775214165449142e-02
   2.4900000000000000e+02   2.2497398778796196e-02
   2.5000000000000000e+02   2.1868560463190079e-02
   2.5100000000000000e+02   2.1110706031322479e-02
   2.5200000000000000e+02   2.0668078213930130e-02
   2.5300000000000000e+02   2.0293364301323891e-02
   2.5400000000000000e+02   1.9887961447238922e-02
   2.5500000000000000e+02   1.9686734303832054e-02
   2.5600000000000000e+02   1.9744366407394409e-02
   2.5700000000000000e+02   1.9237449392676353e-02
   2.5800000000000000e+02   1.8899219110608101e-02
   2.5900000000000000e+02   1.8816502764821053e-02
   2.6000000000000000e+02   1.8677856773138046e-02
   2.6100000000000000e+02   1.8614310771226883e-02
   2.6200000000000000e+02   1.8404910340905190e-02
   2.6300000000000000e+02   1.8398907035589218e-02
   2.6400000000000000e+02   1.8054272979497910e-02
   2.6500000000000000e+02   1.7802162095904350e-02
   2.6600000000000000e+02   1.7900325357913971e-02
   2.6700000000000000e+02   1.7915759235620499e-02
   2.6800000000000000e+02   1.7960580065846443e-02
   2.6900000000000000e+02   1.7780531197786331e-02
   2.7000000000000000e+02   1.7665078863501549e-02
   2.7100000000000000e+02   1.7544539645314217e-02
   2.7200000000000000e+02   1.7750075086951256e-02
   2.7300000000000000e+02   1.7590608447790146e-02
   2.7400000000000000e+02   1.7432112246751785e-02
   2.7500000000000000e+02   1.7431577667593956e-02
   2.7600000000000000e+02   1.7102532088756561e-02
   2.7700000000000000e+02   1.7007775604724884e-02
   2.7800000000000000e+02   1.6822850331664085e-02
   2.7900000000000000e+02   1.6784947365522385e-02
   2.8000000000000000e+02   1.6606474295258522e-02
   2.8100000000000000e+02   1.6430187970399857e-02
   2.8200000000000000e+02   1.6219971701502800e-02
   2.8300000000000000e+02   1.5976389870047569e-02
   2.8400000000000000e+02   1.5984538942575455e-02
   2.8500000000000000e+02   1.5648622065782547e-02
   2.8600000000000000e+02   1.5349834226071835e-02
   2.8700000000000000e+02   1.4735291711986065e-02
   2.8800000000000000e+02   1.4426426962018013e-02
   2.8900000000000000e+02   1.4235968701541424e-02
   2.9000000000000000e+02   1.3917382806539536e-02
   2.9100000000000000e+02   1.3772187754511833e-02
   2.9200000000000000e+02   1.3358564116060734e-02
   2.9300000000000000e+02   1.3024772517383099e-02
   2.9400000000000000e+02   1.2552810832858086e-02
   2.9500000000000000e+02   1.2298194691538811e-02
   2.9600000000000000e+02   1.2000671587884426e-02
   2.9700000000000000e+02   1.1838983744382858e-02
   2.9800000000000000e+02   1.1556709185242653e-02
   2.9900000000000000e+02   1.1244570836424828e-02
   3.0000000000000000e+02   1.1029175482690334e-02
