   1.0000000000000000e+00   3.8202881114557385e-05
   2.0000000000000000e+00   3.7929879908915609e-05
   3.0000000000000000e+00   3.7509769754251465e-05
   4.0000000000000000e+00   3.6949411878595129e-05
   5.0000000000000000e+00   3.6350666050566360e-05
   6.0000000000000000e+00   3.5871518775820732e-05
   7.0000000000000000e+00   3.5631732316687703e-05
   8.0000000000000000e+00   3.5651508369483054e-05
   9.0000000000000000e+00   3.5760582250077277e-05
   1.0000000000000000e+01   3.5818855394609272e-05
   1.1000000000000000e+01   3.5608936741482466e-05
   1.2000000000000000e+01   3.5119275707984343e-05
   1.3000000000000000e+01   3.4482764021959156e-05
   1.4000000000000000e+01   3.3950618671951815e-05
   1.5000000000000000e+01   3.3613352570682764e-05
   1.6000000000000000e+01   3.3393826015526429e-05
   1.7000000000000000e+01   3.3122512832051143e-05
   1.8000000000000000e+01   3.2711039239075035e-05
   1.9000000000000000e+01   3.2171759812626988e-05
   2.0000000000000000e+01   3.1508356187259778e-05
   2.1000000000000000e+01   3.0768518627155572e-05
   2.2000000000000000e+01   3.0077779229031876e-05
   2.3000000000000000e+01   2.9527027436415665e-05
   2.4000000000000000e+01   2.9118726160959341e-05
   2.5000000000000000e+01   2.8837224817834795e-05
   2.6000000000000000e+01   2.8609762011910789e-05
   2.7000000000000000e+01   2.8420576200005598e-05
   2.8000000000000000e+01   2.8237502192496322e-05
   2.9000000000000000e+01   2.7988757210550830e-05
   3.0000000000000000e+01   2.7774380214395933e-05
   3.1000000000000000e+01   2.7820282411994413e-05
   3.2000000000000000e+01   2.8474245482357219e-05
   3.3000000000000000e+01   3.0114020773908123e-05
   3.4000000000000000e+01   3.2777687010820955e-05
   3.5000000000000000e+01   3.6135446862317622e-05
   3.6000000000000000e+01   3.9471080526709557e-05
   3.7000000000000000e+01   4.2390856833662838e-05
   3.8000000000000000e+01   4.4785883801523596e-05
   3.9000000000000000e+01   4.7192537749651819e-05
   4.0000000000000000e+01   5.0167185690952465e-05
   4.1000000000000000e+01   5.4169729992281646e-05
   4.2000000000000000e+01   5.9500289353309199e-05
   4.3000000000000000e+01   6.6191576479468495e-05
   4.4000000000000000e+01   7.4320967542007565e-05
   4.5000000000000000e+01   8.4332968981470913e-05
   4.6000000000000000e+01   9.6791984105948359e-05
   4.7000000000000000e+01   1.1185465700691566e-04
   4.8000000000000000e+01   1.2939453881699592e-04
   4.9000000000000000e+01   1.4947050658520311e-04
   5.0000000000000000e+01   1.7233965627383441e-04
   5.1000000000000000e+01   1.9882593187503517e-04
   5.2000000000000000e+01   2.2947986144572496e-04
   5.3000000000000000e+01   2.6409671409055591e-04
   5.4000000000000000e+01   3.0159312882460654e-04
   5.5000000000000000e+01   3.4044191124849021e-04
   5.6000000000000000e+01   3.7914002314209938e-04
   5.7000000000000000e+01   4.1658309055492282e-04
   5.8000000000000000e+01   4.5238126767799258e-04
   5.9000000000000000e+01   4.8607453936710954e-04
   6.0000000000000000e+01   5.1662052283063531e-04
   6.1000000000000000e+01   5.4276402806863189e-04
   6.2000000000000000e+01   5.6364416377618909e-04
   6.3000000000000000e+01   5.7892804034054279e-04
   6.4000000000000000e+01   5.8886443730443716e-04
   6.5000000000000000e+01   5.9379398589953780e-04
   6.6000000000000000e+01   5.9392640832811594e-04
   6.7000000000000000e+01   5.8956124121323228e-04
   6.8000000000000000e+01   5.8131176047027111e-04
   6.9000000000000000e+01   5.6967488490045071e-04
   7.0000000000000000e+01   5.5537337902933359e-04
   7.1000000000000000e+01   5.3945207037031651e-04
   7.2000000000000000e+01   5.2270491141825914e-04
   7.3000000000000000e+01   5.0544255645945668e-04
   7.4000000000000000e+01   4.8792135203257203e-04
   7.5000000000000000e+01   4.7065754188224673e-04
   7.6000000000000000e+01   4.5445878640748560e-04
   7.7000000000000000e+01   4.3997910688631237e-04
   7.8000000000000000e+01   4.2746899998746812e-04
   7.9000000000000000e+01   4.1653634980320930e-04
   8.0000000000000000e+01   4.0668278234079480e-04
   8.1000000000000000e+01   3.9733678568154573e-04
   8.2000000000000000e+01   3.8775065331719816e-04
   8.3000000000000000e+01   3.7766795139759779e-04
   8.4000000000000000e+01   3.6742360680364072e-04
   8.5000000000000000e+01   3.5748200025409460e-04
   8.6000000000000000e+01   3.4781196154654026e-04
   8.7000000000000000e+01   3.3818543306551874e-04
   8.8000000000000000e+01   3.2842045766301453e-04
   8.9000000000000000e+01   3.1862093601375818e-04
   9.0000000000000000e+01   3.0906265601515770e-04
   9.1000000000000000e+01   2.9995050863362849e-04
   9.2000000000000000e+01   2.9138254467397928e-04
   9.3000000000000000e+01   2.8352160006761551e-04
   9.4000000000000000e+01   2.7637754101306200e-04
   9.5000000000000000e+01   2.7005272568203509e-04
   9.6000000000000000e+01   2.6445381809026003e-04
   9.7000000000000000e+01   2.5948934489861131e-04
   9.8000000000000000e+01   2.5482426281087101e-04
   9.9000000000000000e+01   2.5016706786118448e-04
   1.0000000000000000e+02   2.4534223484806716e-04
   1.0100000000000000e+02   2.4061078147497028e-04
   1.0200000000000000e+02   2.3636744299437851e-04
   1.0300000000000000e+02   2.3297705047298223e-04
   1.0400000000000000e+02   2.3057998623698950e-04
   1.0500000000000000e+02   2.2893463028594851e-04
   1.0600000000000000e+02   2.2761618311051279e-04
   1.0700000000000000e+02   2.2637669462710619e-04
   1.0800000000000000e+02   2.2502806677948684e-04
   1.0900000000000000e+02   2.2364850156009197e-04
   1.1000000000000000e+02   2.2240914404392242e-04
   1.1100000000000000e+02   2.2161685046739876e-04
   1.1200000000000000e+02   2.2152559540700167e-04
   1.1300000000000000e+02   2.2236276709008962e-04
   1.1400000000000000e+02   2.2411609825212508e-04
   1.1500000000000000e+02   2.2671598708257079e-04
   1.1600000000000000e+02   2.3003274691291153e-04
   1.1700000000000000e+02   2.3401483485940844e-04
   1.1800000000000000e+02   2.3867562413215637e-04
   1.1900000000000000e+02   2.4398979439865798e-04
   1.2000000000000000e+02   2.4996261345222592e-04
   1.2100000000000000e+02   2.5667043519206345e-04
   1.2200000000000000e+02   2.6429104036651552e-04
   1.2300000000000000e+02   2.7330126613378525e-04
   1.2400000000000000e+02   2.8443572227843106e-04
   1.2500000000000000e+02   2.9856094624847174e-04
   1.2600000000000000e+02   3.1650249729864299e-04
   1.2700000000000000e+02   3.3926562173292041e-04
   1.2800000000000000e+02   3.6769968573935330e-04
   1.2900000000000000e+02   4.0288767195306718e-04
   1.3000000000000000e+02   4.4574664207175374e-04
   1.3100000000000000e+02   4.9718777881935239e-04
   1.3200000000000000e+02   5.5794988293200731e-04
   1.3300000000000000e+02   6.2863668426871300e-04
   1.3400000000000000e+02   7.0986762875691056e-04
   1.3500000000000000e+02   8.0247840378433466e-04
   1.3600000000000000e+02   9.0808578534051776e-04
   1.3700000000000000e+02   1.0285780299454927e-03
   1.3800000000000000e+02   1.1661957250908017e-03
   1.3900000000000000e+02   1.3230548938736320e-03
   1.4000000000000000e+02   1.5011312207207084e-03
   1.4100000000000000e+02   1.7028885195031762e-03
   1.4200000000000000e+02   1.9293567165732384e-03
   1.4300000000000000e+02   2.1813171915709972e-03
   1.4400000000000000e+02   2.4594927672296762e-03
   1.4500000000000000e+02   2.7646436356008053e-03
   1.4600000000000000e+02   3.0957795679569244e-03
   1.4700000000000000e+02   3.4519117325544357e-03
   1.4800000000000000e+02   3.8318217266350985e-03
   1.4900000000000000e+02   4.2348392307758331e-03
   1.5000000000000000e+02   4.6614613384008408e-03
   1.5100000000000000e+02   5.1119145937263966e-03
   1.5200000000000000e+02   5.5856509134173393e-03
   1.5300000000000000e+02   6.0826251283288002e-03
   1.5400000000000000e+02   6.6029173322021961e-03
   1.5500000000000000e+02   7.1461363695561886e-03
   1.5600000000000000e+02   7.7096195891499519e-03
   1.5700000000000000e+02   8.2918452098965645e-03
   1.5800000000000000e+02   8.8903531432151794e-03
   1.5900000000000000e+02   9.5026381313800812e-03
   1.6000000000000000e+02   1.0125930421054363e-02
   1.6100000000000000e+02   1.0758977383375168e-02
   1.6200000000000000e+02   1.1402059346437454e-02
   1.6300000000000000e+02   1.2058786116540432e-02
   1.6400000000000000e+02   1.2731006368994713e-02
   1.6500000000000000e+02   1.3419034890830517e-02
   1.6600000000000000e+02   1.4120534062385559e-02
   1.6700000000000000e+02   1.4834511093795300e-02
   1.6800000000000000e+02   1.5559821389615536e-02
   1.6900000000000000e+02   1.6297003254294395e-02
   1.7000000000000000e+02   1.7048319801688194e-02
   1.7100000000000000e+02   1.7814487218856812e-02
   1.7200000000000000e+02   1.8594047054648399e-02
   1.7300000000000000e+02   1.9385579973459244e-02
   1.7400000000000000e+02   2.0187055692076683e-02
   1.7500000000000000e+02   2.1000986918807030e-02
   1.7600000000000000e+02   2.1829431876540184e-02
   1.7700000000000000e+02   2.2676547989249229e-02
   1.7800000000000000e+02   2.3543121293187141e-02
   1.7900000000000000e+02   2.4433419108390808e-02
   1.8000000000000000e+02   2.5350820273160934e-02
   1.8100000000000000e+02   2.6296926662325859e-02
   1.8200000000000000e+02   2.7272637933492661e-02
   1.8300000000000000e+02   2.8276573866605759e-02
   1.8400000000000000e+02   2.9304254800081253e-02
   1.8500000000000000e+02   3.0350748449563980e-02
   1.8600000000000000e+02   3.1411495059728622e-02
   1.8700000000000000e+02   3.2488334923982620e-02
   1.8800000000000000e+02   3.3580996096134186e-02
   1.8900000000000000e+02   3.4690640866756439e-02
   1.9000000000000000e+02   3.5812102258205414e-02
   1.9100000000000000e+02   3.6944795399904251e-02
   1.9200000000000000e+02   3.8083843886852264e-02
   1.9300000000000000e+02   3.9222858846187592e-02
   1.9400000000000000e+02   4.0354333817958832e-02
   1.9500000000000000e+02   4.1473455727100372e-02
   1.9600000000000000e+02   4.2578838765621185e-02
   1.9700000000000000e+02   4.3670870363712311e-02
   1.9800000000000000e+02   4.4747300446033478e-02
   1.9900000000000000e+02   4.5806810259819031e-02
   2.0000000000000000e+02   4.6844698488712311e-02
   2.0100000000000000e+02   4.7862246632575989e-02
   2.0200000000000000e+02   4.8854663968086243e-02
   2.0300000000000000e+02   4.9819532781839371e-02
   2.0400000000000000e+02   5.0753679126501083e-02
   2.0500000000000000e+02   5.1655363291501999e-02
   2.0600000000000000e+02   5.2525531500577927e-02
   2.0700000000000000e+02   5.3367227315902710e-02
   2.0800000000000000e+02   5.4186508059501648e-02
   2.0900000000000000e+02   5.4990135133266449e-02
   2.1000000000000000e+02   5.5782988667488098e-02
   2.1100000000000000e+02   5.6568846106529236e-02
   2.1200000000000000e+02   5.7338472455739975e-02
   2.1300000000000000e+02   5.8084193617105484e-02
   2.1400000000000000e+02   5.8799017220735550e-02
   2.1500000000000000e+02   5.9481889009475708e-02
   2.1600000000000000e+02   6.0139413923025131e-02
   2.1700000000000000e+02   6.0779716819524765e-02
   2.1800000000000000e+02   6.1410780996084213e-02
   2.1900000000000000e+02   6.2038030475378036e-02
   2.2000000000000000e+02   6.2667921185493469e-02
   2.2100000000000000e+02   6.3301309943199158e-02
   2.2200000000000000e+02   6.3936032354831696e-02
   2.2300000000000000e+02   6.4568519592285156e-02
   2.2400000000000000e+02   6.5185941755771637e-02
   2.2500000000000000e+02   6.5775766968727112e-02
   2.2600000000000000e+02   6.6325046122074127e-02
   2.2700000000000000e+02   6.6834472119808197e-02
   2.2800000000000000e+02   6.7310385406017303e-02
   2.2900000000000000e+02   6.7759320139884949e-02
   2.3000000000000000e+02   6.8185210227966309e-02
   2.3100000000000000e+02   6.8582832813262939e-02
   2.3200000000000000e+02   6.8949937820434570e-02
   2.3300000000000000e+02   6.9286197423934937e-02
   2.3400000000000000e+02   6.9594167172908783e-02
   2.3500000000000000e+02   6.9879829883575439e-02
   2.3600000000000000e+02   7.0146195590496063e-02
   2.3700000000000000e+02   7.0395395159721375e-02
   2.3800000000000000e+02   7.0619456470012665e-02
   2.3900000000000000e+02   7.0818386971950531e-02
   2.4000000000000000e+02   7.0993803441524506e-02
   2.4100000000000000e+02   7.1151740849018097e-02
   2.4200000000000000e+02   7.1299523115158081e-02
   2.4300000000000000e+02   7.1440242230892181e-02
   2.4400000000000000e+02   7.1572244167327881e-02
   2.4500000000000000e+02   7.1693621575832367e-02
   2.4600000000000000e+02   7.1803115308284760e-02
   2.4700000000000000e+02   7.1904718875885010e-02
   2.4800000000000000e+02   7.2003997862339020e-02
   2.4900000000000000e+02   7.2107970714569092e-02
   2.5000000000000000e+02   7.2209581732749939e-02
   2.5100000000000000e+02   7.2298370301723480e-02
   2.5200000000000000e+02   7.2361864149570465e-02
   2.5300000000000000e+02   7.2398185729980469e-02
   2.5400000000000000e+02   7.2407901287078857e-02
   2.5500000000000000e+02   7.2394505143165588e-02
   2.5600000000000000e+02   7.2360239923000336e-02
   2.5700000000000000e+02   7.2305575013160706e-02
   2.5800000000000000e+02   7.2233453392982483e-02
   2.5900000000000000e+02   7.2152741253376007e-02
   2.6000000000000000e+02   7.2069622576236725e-02
   2.6100000000000000e+02   7.1989431977272034e-02
   2.6200000000000000e+02   7.1905769407749176e-02
   2.6300000000000000e+02   7.1807041764259338e-02
   2.6400000000000000e+02   7.1677424013614655e-02
   2.6500000000000000e+02   7.1518920361995697e-02
   2.6600000000000000e+02   7.1341410279273987e-02
   2.6700000000000000e+02   7.1159847080707550e-02
   2.6800000000000000e+02   7.0983417332172394e-02
   2.6900000000000000e+02   7.0813946425914764e-02
   2.7000000000000000e+02   7.0642292499542236e-02
   2.7100000000000000e+02   7.0461645722389221e-02
   2.7200000000000000e+02   7.0267669856548309e-02
   2.7300000000000000e+02   7.0062339305877686e-02
   2.7400000000000000e+02   6.9851607084274292e-02
   2.7500000000000000e+02   6.9643668830394745e-02
   2.7600000000000000e+02   6.9437637925148010e-02
   2.7700000000000000e+02   6.9233596324920654e-02
   2.7800000000000000e+02   6.9032281637191772e-02
   2.7900000000000000e+02   6.8837210536003113e-02
   2.8000000000000000e+02   6.8640366196632385e-02
   2.8100000000000000e+02   6.8434737622737885e-02
   2.8200000000000000e+02   6.8212129175662994e-02
   2.8300000000000000e+02   6.7976787686347961e-02
   2.8400000000000000e+02   6.7739091813564301e-02
   2.8500000000000000e+02   6.7514955997467041e-02
   2.8600000000000000e+02   6.7317917943000793e-02
   2.8700000000000000e+02   6.7151725292205811e-02
   2.8800000000000000e+02   6.7010462284088135e-02
   2.8900000000000000e+02   6.6880539059638977e-02
   2.9000000000000000e+02   6.6748380661010742e-02
   2.9100000000000000e+02   6.6610969603061676e-02
   2.9200000000000000e+02   6.6469557583332062e-02
   2.9300000000000000e+02   6.6331215202808380e-02
   2.9400000000000000e+02   6.6201731562614441e-02
   2.9500000000000000e+02   6.6091194748878479e-02
   2.9600000000000000e+02   6.6005133092403412e-02
   2.9700000000000000e+02   6.5942987799644470e-02
   2.9800000000000000e+02   6.5902307629585266e-02
   2.9900000000000000e+02   6.5877325832843781e-02
   3.0000000000000000e+02   6.5862663090229034e-02
