   1.0000000000000000e+00   2.4154815037036315e-05
   2.0000000000000000e+00   2.3106014850782230e-05
   3.0000000000000000e+00   2.1868574549444020e-05
   4.0000000000000000e+00   2.0443558241822757e-05
   5.0000000000000000e+00   1.8859491319744848e-05
   6.0000000000000000e+00   1.7146867321571335e-05
   7.0000000000000000e+00   1.5225829884002451e-05
   8.0000000000000000e+00   1.3190448044042569e-05
   9.0000000000000000e+00   1.1066558727179654e-05
   1.0000000000000000e+01   8.9704717538552359e-06
   1.1000000000000000e+01   7.0420805968751665e-06
   1.2000000000000000e+01   5.3555622798739932e-06
   1.3000000000000000e+01   4.5884921746619511e-06
   1.4000000000000000e+01   5.5464624892920256e-06
   1.5000000000000000e+01   9.7415158961666748e-06
   1.6000000000000000e+01   1.8572585759102367e-05
   1.7000000000000000e+01   3.2742158509790897e-05
   1.8000000000000000e+01   5.1233491831226274e-05
   1.9000000000000000e+01   7.1267604653257877e-05
   2.0000000000000000e+01   9.0102512331213802e-05
   2.1000000000000000e+01   1.0680830746423453e-04
   2.2000000000000000e+01   1.2768691522069275e-04
   2.3000000000000000e+01   2.4628470418974757e-04
   2.4000000000000000e+01   6.7052635131403804e-04
   2.5000000000000000e+01   1.7499454552307725e-03
   2.6000000000000000e+01   4.0281438268721104e-03
   2.7000000000000000e+01   8.1057818606495857e-03
   2.8000000000000000e+01   1.4407336711883545e-02
   2.9000000000000000e+01   2.2974900901317596e-02
   3.0000000000000000e+01   3.3393349498510361e-02
   3.1000000000000000e+01   4.4848240911960602e-02
   3.2000000000000000e+01   5.6378781795501709e-02
   3.3000000000000000e+01   6.7156746983528137e-02
   3.4000000000000000e+01   7.6696924865245819e-02
   3.5000000000000000e+01   8.4967494010925293e-02
   3.6000000000000000e+01   9.2301793396472931e-02
   3.7000000000000000e+01   9.9208198487758636e-02
   3.8000000000000000e+01   1.0620865225791931e-01
   3.9000000000000000e+01   1.1379985511302948e-01
   4.0000000000000000e+01   1.2236551195383072e-01
   4.1000000000000000e+01   1.3204926252365112e-01
   4.2000000000000000e+01   1.4284853637218475e-01
   4.3000000000000000e+01   1.5475177764892578e-01
   4.4000000000000000e+01   1.6801217198371887e-01
   4.5000000000000000e+01   1.8325589597225189e-01
   4.6000000000000000e+01   2.0146167278289795e-01
   4.7000000000000000e+01   2.2356779873371124e-01
   4.8000000000000000e+01   2.5007849931716919e-01
   4.9000000000000000e+01   2.8074628114700317e-01
   5.0000000000000000e+01   3.1440800428390503e-01
   5.1000000000000000e+01   3.4921184182167053e-01
   5.2000000000000000e+01   3.8298767805099487e-01
   5.3000000000000000e+01   4.1356000304222107e-01
   5.4000000000000000e+01   4.3895536661148071e-01
   5.5000000000000000e+01   4.5758530497550964e-01
   5.6000000000000000e+01   4.6837767958641052e-01
   5.7000000000000000e+01   4.7081452608108521e-01
   5.8000000000000000e+01   4.6498626470565796e-01
   5.9000000000000000e+01   4.5137596130371094e-01
   6.0000000000000000e+01   4.3071067333221436e-01
   6.1000000000000000e+01   4.0378433465957642e-01
   6.2000000000000000e+01   3.7146013975143433e-01
   6.3000000000000000e+01   3.3470568060874939e-01
   6.4000000000000000e+01   2.9466465115547180e-01
   6.5000000000000000e+01   2.5276428461074829e-01
   6.6000000000000000e+01   2.1061888337135315e-01
   6.7000000000000000e+01   1.6992259025573730e-01
   6.8000000000000000e+01   1.3223597407341003e-01
   6.9000000000000000e+01   9.8828382790088654e-02
   7.0000000000000000e+01   7.0555552840232849e-02
   7.1000000000000000e+01   4.7802615910768509e-02
   7.2000000000000000e+01   3.0489627271890640e-02
   7.3000000000000000e+01   1.8112879246473312e-02
   7.4000000000000000e+01   9.8936436697840691e-03
   7.5000000000000000e+01   4.8924190923571587e-03
   7.6000000000000000e+01   2.1501751616597176e-03
   7.7000000000000000e+01   8.2575407577678561e-04
   7.8000000000000000e+01   2.7669471455737948e-04
   7.9000000000000000e+01   9.4870658358559012e-05
   8.0000000000000000e+01   5.0555936468299478e-05
   8.1000000000000000e+01   4.9057798605645075e-05
   8.2000000000000000e+01   5.2679868531413376e-05
   8.3000000000000000e+01   6.1569546232931316e-05
   8.4000000000000000e+01   7.6364507549442351e-05
   8.5000000000000000e+01   9.6636715170461684e-05
   8.6000000000000000e+01   1.2061514280503616e-04
   8.7000000000000000e+01   1.4472359907813370e-04
   8.8000000000000000e+01   1.6534313908778131e-04
   8.9000000000000000e+01   1.8045230535790324e-04
   9.0000000000000000e+01   1.8986497889272869e-04
   9.1000000000000000e+01   1.9463736680336297e-04
   9.2000000000000000e+01   1.9562922534532845e-04
   9.3000000000000000e+01   1.9354539108462632e-04
   9.4000000000000000e+01   1.8933173851110041e-04
   9.5000000000000000e+01   1.8336258654017001e-04
   9.6000000000000000e+01   1.7562544962856919e-04
   9.7000000000000000e+01   1.6521745419595391e-04
   9.8000000000000000e+01   1.5154422726482153e-04
   9.9000000000000000e+01   1.3351955567486584e-04
   1.0000000000000000e+02   1.1102712596766651e-04
   1.0100000000000000e+02   8.5686282545793802e-05
   1.0200000000000000e+02   6.0813843447249383e-05
   1.0300000000000000e+02   3.9716305764159188e-05
   1.0400000000000000e+02   2.4089580620056950e-05
   1.0500000000000000e+02   1.3770741134067066e-05
   1.0600000000000000e+02   7.3545193117752206e-06
   1.0700000000000000e+02   3.6539313441608101e-06
   1.0800000000000000e+02   1.8177414631281863e-06
   1.0900000000000000e+02   7.6047564334658091e-07
   1.1000000000000000e+02   2.5220475663445541e-07
   1.1100000000000000e+02   5.2020659779827838e-08
   1.1200000000000000e+02   3.5535027365085625e-08
   1.1300000000000000e+02   2.5717280749404381e-08
   1.1400000000000000e+02   1.9456761535252554e-08
   1.1500000000000000e+02   1.4836514239391363e-08
   1.1600000000000000e+02   1.1436176450274615e-08
   1.1700000000000000e+02   9.7954480082762529e-09
   1.1800000000000000e+02   1.0063076594235554e-08
   1.1900000000000000e+02   1.3372252638532700e-08
   1.2000000000000000e+02   2.7418709080961889e-08
   1.2100000000000000e+02   5.7277162568425410e-08
   1.2200000000000000e+02   1.2614465561000543e-07
   1.2300000000000000e+02   2.5251202373510750e-07
   1.2400000000000000e+02   4.6825786625959154e-07
   1.2500000000000000e+02   7.9139056197163882e-07
   1.2600000000000000e+02   1.2691963320321520e-06
   1.2700000000000000e+02   1.9374986095499480e-06
   1.2800000000000000e+02   2.8414126518327976e-06
   1.2900000000000000e+02   4.0298168642038945e-06
   1.3000000000000000e+02   5.5238560889847577e-06
   1.3100000000000000e+02   7.3202509156544693e-06
   1.3200000000000000e+02   9.5052018878050148e-06
   1.3300000000000000e+02   1.2176365999039263e-05
   1.3400000000000000e+02   1.5596160665154457e-05
   1.3500000000000000e+02   2.0074696294614114e-05
   1.3600000000000000e+02   2.5886716684908606e-05
   1.3700000000000000e+02   3.2982552511384711e-05
   1.3800000000000000e+02   4.1330684325657785e-05
   1.3900000000000000e+02   5.0840160838561133e-05
   1.4000000000000000e+02   6.1409991758409888e-05
   1.4100000000000000e+02   7.2973547503352165e-05
   1.4200000000000000e+02   8.5306186520028859e-05
   1.4300000000000000e+02   9.7946758614853024e-05
   1.4400000000000000e+02   1.1047782027162611e-04
   1.4500000000000000e+02   1.2258942297194153e-04
   1.4600000000000000e+02   1.3417463924270123e-04
   1.4700000000000000e+02   1.4518575335387141e-04
   1.4800000000000000e+02   1.5561855980195105e-04
   1.4900000000000000e+02   1.6521527140866965e-04
   1.5000000000000000e+02   1.7384481907356530e-04
   1.5100000000000000e+02   1.8154346616938710e-04
   1.5200000000000000e+02   1.8845581507775933e-04
   1.5300000000000000e+02   1.9460378098301589e-04
   1.5400000000000000e+02   1.9994977628812194e-04
   1.5500000000000000e+02   2.0439332001842558e-04
   1.5600000000000000e+02   2.0791408314835280e-04
   1.5700000000000000e+02   2.1072864183224738e-04
   1.5800000000000000e+02   2.1323526743799448e-04
   1.5900000000000000e+02   2.1577315055765212e-04
   1.6000000000000000e+02   2.1851531346328557e-04
   1.6100000000000000e+02   2.2151267330627888e-04
   1.6200000000000000e+02   2.2473015997093171e-04
   1.6300000000000000e+02   2.2821356833446771e-04
   1.6400000000000000e+02   2.3201320436783135e-04
   1.6500000000000000e+02   2.3594105732627213e-04
   1.6600000000000000e+02   2.3980924743227661e-04
   1.6700000000000000e+02   2.4344881239812821e-04
   1.6800000000000000e+02   2.4690022110007703e-04
   1.6900000000000000e+02   2.5012216065078974e-04
   1.7000000000000000e+02   2.5311842910014093e-04
   1.7100000000000000e+02   2.5566556723788381e-04
   1.7200000000000000e+02   2.5754774105735123e-04
   1.7300000000000000e+02   2.5865822681225836e-04
   1.7400000000000000e+02   2.5889850803650916e-04
   1.7500000000000000e+02   2.5819303118623793e-04
   1.7600000000000000e+02   2.5649272720329463e-04
   1.7700000000000000e+02   2.5407073553651571e-04
   1.7800000000000000e+02   2.5134926545433700e-04
   1.7900000000000000e+02   2.4911493528634310e-04
   1.8000000000000000e+02   2.4807057343423367e-04
   1.8100000000000000e+02   2.4833576753735542e-04
   1.8200000000000000e+02   2.4940815637819469e-04
   1.8300000000000000e+02   2.5059311883524060e-04
   1.8400000000000000e+02   2.5164338876493275e-04
   1.8500000000000000e+02   2.5266179000027478e-04
   1.8600000000000000e+02   2.5387573987245560e-04
   1.8700000000000000e+02   2.5485706282779574e-04
   1.8800000000000000e+02   2.5495188310742378e-04
   1.8900000000000000e+02   2.5383438332937658e-04
   1.9000000000000000e+02   2.5121422368101776e-04
   1.9100000000000000e+02   2.4708549608476460e-04
   1.9200000000000000e+02   2.4113604740705341e-04
   1.9300000000000000e+02   2.3336436424870044e-04
   1.9400000000000000e+02   2.2346463811118156e-04
   1.9500000000000000e+02   2.1134970302227885e-04
   1.9600000000000000e+02   1.9707671890500933e-04
   1.9700000000000000e+02   1.8123723566532135e-04
   1.9800000000000000e+02   1.6459917242173105e-04
   1.9900000000000000e+02   1.4761694183107466e-04
   2.0000000000000000e+02   1.3060519995633513e-04
   2.0100000000000000e+02   1.1380719661246985e-04
   2.0200000000000000e+02   9.8250158771406859e-05
   2.0300000000000000e+02   8.5652623965870589e-05
   2.0400000000000000e+02   7.7943797805346549e-05
   2.0500000000000000e+02   7.7718788816127926e-05
   2.0600000000000000e+02   8.7667547632008791e-05
   2.0700000000000000e+02   1.1076637747464702e-04
   2.0800000000000000e+02   1.4924656716175377e-04
   2.0900000000000000e+02   2.0413534366525710e-04
   2.1000000000000000e+02   2.7876111562363803e-04
   2.1100000000000000e+02   3.7669172161258757e-04
   2.1200000000000000e+02   5.0274503882974386e-04
   2.1300000000000000e+02   6.5985845867544413e-04
   2.1400000000000000e+02   8.4842235082760453e-04
   2.1500000000000000e+02   1.0647070594131947e-03
   2.1600000000000000e+02   1.3032843125984073e-03
   2.1700000000000000e+02   1.5557259321212769e-03
   2.1800000000000000e+02   1.8137489678338170e-03
   2.1900000000000000e+02   2.0692495163530111e-03
   2.2000000000000000e+02   2.3164385929703712e-03
   2.2100000000000000e+02   2.5496212765574455e-03
   2.2200000000000000e+02   2.7661675121635199e-03
   2.2300000000000000e+02   2.9629915952682495e-03
   2.2400000000000000e+02   3.1382893212139606e-03
   2.2500000000000000e+02   3.2863842789083719e-03
   2.2600000000000000e+02   3.4020328894257545e-03
   2.2700000000000000e+02   3.4797829575836658e-03
   2.2800000000000000e+02   3.5181280691176653e-03
   2.2900000000000000e+02   3.5186028108000755e-03
   2.3000000000000000e+02   3.4874174743890762e-03
   2.3100000000000000e+02   3.4307476598769426e-03
   2.3200000000000000e+02   3.3553971443325281e-03
   2.3300000000000000e+02   3.2669715583324432e-03
   2.3400000000000000e+02   3.1709813047200441e-03
   2.3500000000000000e+02   3.0720429494976997e-03
   2.3600000000000000e+02   2.9752142727375031e-03
   2.3700000000000000e+02   2.8817865531891584e-03
   2.3800000000000000e+02   2.7919984422624111e-03
   2.3900000000000000e+02   2.7067859191447496e-03
   2.4000000000000000e+02   2.6278768200427294e-03
   2.4100000000000000e+02   2.5575449690222740e-03
   2.4200000000000000e+02   2.4981347378343344e-03
   2.4300000000000000e+02   2.4497723206877708e-03
   2.4400000000000000e+02   2.4117997381836176e-03
   2.4500000000000000e+02   2.3828130215406418e-03
   2.4600000000000000e+02   2.3617229890078306e-03
   2.4700000000000000e+02   2.3492211475968361e-03
   2.4800000000000000e+02   2.3447964340448380e-03
   2.4900000000000000e+02   2.3479396477341652e-03
   2.5000000000000000e+02   2.3565748706459999e-03
   2.5100000000000000e+02   2.3692932445555925e-03
   2.5200000000000000e+02   2.3855790495872498e-03
   2.5300000000000000e+02   2.4060169234871864e-03
   2.5400000000000000e+02   2.4322175886482000e-03
   2.5500000000000000e+02   2.4653815198689699e-03
   2.5600000000000000e+02   2.5052856653928757e-03
   2.5700000000000000e+02   2.5493723805993795e-03
   2.5800000000000000e+02   2.5946956593543291e-03
   2.5900000000000000e+02   2.6383695658296347e-03
   2.6000000000000000e+02   2.6787859387695789e-03
   2.6100000000000000e+02   2.7178733143955469e-03
   2.6200000000000000e+02   2.7588075026869774e-03
   2.6300000000000000e+02   2.8068395331501961e-03
   2.6400000000000000e+02   2.8659924864768982e-03
   2.6500000000000000e+02   2.9371920973062515e-03
   2.6600000000000000e+02   3.0191254336386919e-03
   2.6700000000000000e+02   3.1064474023878574e-03
   2.6800000000000000e+02   3.1928201206028461e-03
   2.6900000000000000e+02   3.2713355030864477e-03
   2.7000000000000000e+02   3.3371993340551853e-03
   2.7100000000000000e+02   3.3858539536595345e-03
   2.7200000000000000e+02   3.4166194964200258e-03
   2.7300000000000000e+02   3.4289299510419369e-03
   2.7400000000000000e+02   3.4222507383674383e-03
   2.7500000000000000e+02   3.3944628667086363e-03
   2.7600000000000000e+02   3.3414093777537346e-03
   2.7700000000000000e+02   3.2586124725639820e-03
   2.7800000000000000e+02   3.1439990270882845e-03
   2.7900000000000000e+02   2.9967224691063166e-03
   2.8000000000000000e+02   2.8180528897792101e-03
   2.8100000000000000e+02   2.6115234941244125e-03
   2.8200000000000000e+02   2.3843904491513968e-03
   2.8300000000000000e+02   2.1450375206768513e-03
   2.8400000000000000e+02   1.9022664055228233e-03
   2.8500000000000000e+02   1.6624245326966047e-03
   2.8600000000000000e+02   1.4313964638859034e-03
   2.8700000000000000e+02   1.2119956081733108e-03
   2.8800000000000000e+02   1.0070245480164886e-03
   2.8900000000000000e+02   8.1894471077248454e-04
   2.9000000000000000e+02   6.5041444031521678e-04
   2.9100000000000000e+02   5.0405523506924510e-04
   2.9200000000000000e+02   3.8179807597771287e-04
   2.9300000000000000e+02   2.8249260503798723e-04
   2.9400000000000000e+02   2.0407923148013651e-04
   2.9500000000000000e+02   1.4506772276945412e-04
   2.9600000000000000e+02   1.0346063208999112e-04
   2.9700000000000000e+02   7.5477306381799281e-05
   2.9800000000000000e+02   5.8583653299137950e-05
   2.9900000000000000e+02   4.8533234803471714e-05
   3.0000000000000000e+02   4.2643205233616754e-05
