   1.0000000000000000e+00   7.3530781463659878e-09
   2.0000000000000000e+00   9.0010781050864352e-09
   3.0000000000000000e+00   1.6551190640257119e-08
   4.0000000000000000e+00   1.7498825499728810e-08
   5.0000000000000000e+00   2.1841309205683501e-08
   6.0000000000000000e+00   2.7890989073853234e-08
   7.0000000000000000e+00   4.4907341845146220e-08
   8.0000000000000000e+00   1.0377947745610072e-07
   9.0000000000000000e+00   1.6425654791873967e-07
   1.0000000000000000e+01   2.1601348976219015e-07
   1.1000000000000000e+01   3.0252485316850652e-07
   1.2000000000000000e+01   3.6351138987811282e-07
   1.3000000000000000e+01   8.9497331146048964e-07
   1.4000000000000000e+01   1.6007077192625729e-06
   1.5000000000000000e+01   1.9869587504217634e-06
   1.6000000000000000e+01   2.2233723484532675e-06
   1.7000000000000000e+01   3.2790651403047377e-06
   1.8000000000000000e+01   4.6384370762098115e-06
   1.9000000000000000e+01   6.1721248130197637e-06
   2.0000000000000000e+01   9.2037180365878157e-06
   2.1000000000000000e+01   1.0821856449183542e-05
   2.2000000000000000e+01   1.2136075383750722e-05
   2.3000000000000000e+01   2.0156336177024059e-05
   2.4000000000000000e+01   2.1973279217490926e-05
   2.5000000000000000e+01   2.4572093025199138e-05
   2.6000000000000000e+01   2.9272812753333710e-05
   2.7000000000000000e+01   3.0734681786270812e-05
   2.8000000000000000e+01   4.3842952436534688e-05
   2.9000000000000000e+01   4.6343186113517731e-05
   3.0000000000000000e+01   5.0073464080924168e-05
   3.1000000000000000e+01   5.3736726840725169e-05
   3.2000000000000000e+01   6.6551961936056614e-05
   3.3000000000000000e+01   6.9400812208186835e-05
   3.4000000000000000e+01   7.2295748395845294e-05
   3.5000000000000000e+01   7.6537275162991136e-05
   3.6000000000000000e+01   8.3306360465940088e-05
   3.7000000000000000e+01   8.7013570009730756e-05
   3.8000000000000000e+01   8.4807033999823034e-05
   3.9000000000000000e+01   1.3071870489511639e-04
   4.0000000000000000e+01   1.8534417904447764e-04
   4.1000000000000000e+01   2.7357559883967042e-04
   4.2000000000000000e+01   3.7850180524401367e-04
   4.3000000000000000e+01   4.4757247087545693e-04
   4.4000000000000000e+01   6.2553986208513379e-04
   4.5000000000000000e+01   7.9315406037494540e-04
   4.6000000000000000e+01   9.2658592620864511e-04
   4.7000000000000000e+01   1.0933969169855118e-03
   4.8000000000000000e+01   1.3039777986705303e-03
   4.9000000000000000e+01   1.5326690627261996e-03
   5.0000000000000000e+01   1.8402892164885998e-03
   5.1000000000000000e+01   2.1188459359109402e-03
   5.2000000000000000e+01   2.4809755850583315e-03
   5.3000000000000000e+01   2.8025400824844837e-03
   5.4000000000000000e+01   3.0915949027985334e-03
   5.5000000000000000e+01   3.4725894220173359e-03
   5.6000000000000000e+01   3.8219864945858717e-03
   5.7000000000000000e+01   4.0559037588536739e-03
   5.8000000000000000e+01   4.5282165519893169e-03
   5.9000000000000000e+01   4.7466773539781570e-03
   6.0000000000000000e+01   4.8481728881597519e-03
   6.1000000000000000e+01   5.1613277755677700e-03
   6.2000000000000000e+01   5.2867936901748180e-03
   6.3000000000000000e+01   5.3736800327897072e-03
   6.4000000000000000e+01   5.5928421206772327e-03
   6.5000000000000000e+01   5.8186552487313747e-03
   6.6000000000000000e+01   5.8838352560997009e-03
   6.7000000000000000e+01   6.0251061804592609e-03
   6.8000000000000000e+01   6.0495599173009396e-03
   6.9000000000000000e+01   6.1650415882468224e-03
   7.0000000000000000e+01   6.0188476927578449e-03
   7.1000000000000000e+01   6.0694855637848377e-03
   7.2000000000000000e+01   6.1099929735064507e-03
   7.3000000000000000e+01   5.9506925754249096e-03
   7.4000000000000000e+01   6.0798358172178268e-03
   7.5000000000000000e+01   6.1882296577095985e-03
   7.6000000000000000e+01   6.0443291440606117e-03
   7.7000000000000000e+01   6.1547523364424706e-03
   7.8000000000000000e+01   6.1791869811713696e-03
   7.9000000000000000e+01   6.0024866834282875e-03
   8.0000000000000000e+01   5.8185881935060024e-03
   8.1000000000000000e+01   5.8021666482090950e-03
   8.2000000000000000e+01   5.5734692141413689e-03
   8.3000000000000000e+01   5.5565903894603252e-03
   8.4000000000000000e+01   5.4269400425255299e-03
   8.5000000000000000e+01   5.4913614876568317e-03
   8.6000000000000000e+01   5.3865043446421623e-03
   8.7000000000000000e+01   5.2733914926648140e-03
   8.8000000000000000e+01   5.3234519436955452e-03
   8.9000000000000000e+01   5.1606693305075169e-03
   9.0000000000000000e+01   5.2560451440513134e-03
   9.1000000000000000e+01   5.3190197795629501e-03
   9.2000000000000000e+01   5.2066398784518242e-03
   9.3000000000000000e+01   5.3307721391320229e-03
   9.4000000000000000e+01   5.4107038304209709e-03
   9.5000000000000000e+01   5.4274504072964191e-03
   9.6000000000000000e+01   5.4434933699667454e-03
   9.7000000000000000e+01   5.5510560050606728e-03
   9.8000000000000000e+01   5.5244122631847858e-03
   9.9000000000000000e+01   5.5257757194340229e-03
   1.0000000000000000e+02   5.5448776111006737e-03
   1.0100000000000000e+02   5.3517129272222519e-03
   1.0200000000000000e+02   5.3309956565499306e-03
   1.0300000000000000e+02   5.1396647468209267e-03
   1.0400000000000000e+02   4.9898382276296616e-03
   1.0500000000000000e+02   4.6971892006695271e-03
   1.0600000000000000e+02   4.5177056454122066e-03
   1.0700000000000000e+02   4.3917451985180378e-03
   1.0800000000000000e+02   4.0383185259997845e-03
   1.0900000000000000e+02   3.8899402134120464e-03
   1.1000000000000000e+02   3.6174219567328691e-03
   1.1100000000000000e+02   3.3214041031897068e-03
   1.1200000000000000e+02   3.0055148527026176e-03
   1.1300000000000000e+02   2.7457724791020155e-03
   1.1400000000000000e+02   2.4296618066728115e-03
   1.1500000000000000e+02   2.0656480919569731e-03
   1.1600000000000000e+02   1.8862795550376177e-03
   1.1700000000000000e+02   1.6555291367694736e-03
   1.1800000000000000e+02   1.4122620923444629e-03
   1.1900000000000000e+02   1.2131372932344675e-03
   1.2000000000000000e+02   1.0455535957589746e-03
   1.2100000000000000e+02   8.6310959886759520e-04
   1.2200000000000000e+02   6.8970920983701944e-04
   1.2300000000000000e+02   5.9709447668865323e-04
   1.2400000000000000e+02   3.9745075628161430e-04
   1.2500000000000000e+02   3.0320321093313396e-04
   1.2600000000000000e+02   2.6514500495977700e-04
   1.2700000000000000e+02   2.0313766435720026e-04
   1.2800000000000000e+02   1.5928430366329849e-04
   1.2900000000000000e+02   1.6295314708258957e-04
   1.3000000000000000e+02   1.6186852008104324e-04
   1.3100000000000000e+02   1.5374756185337901e-04
   1.3200000000000000e+02   1.4241444296203554e-04
   1.3300000000000000e+02   7.2170463681686670e-05
   1.3400000000000000e+02   1.9736187532544136e-03
   1.3500000000000000e+02   2.5727278552949429e-03
   1.3600000000000000e+02   3.4274403005838394e-02
   1.3700000000000000e+02   1.0792279243469238e-01
   1.3800000000000000e+02   1.7063540220260620e-01
   1.3900000000000000e+02   2.2702059149742126e-01
   1.4000000000000000e+02   2.7946302294731140e-01
   1.4100000000000000e+02   3.4705632925033569e-01
   1.4200000000000000e+02   4.1464406251907349e-01
   1.4300000000000000e+02   4.8190519213676453e-01
   1.4400000000000000e+02   5.4918420314788818e-01
   1.4500000000000000e+02   6.1675512790679932e-01
   1.4600000000000000e+02   6.8433916568756104e-01
   1.4700000000000000e+02   7.5188481807708740e-01
   1.4800000000000000e+02   8.1769752502441406e-01
   1.4900000000000000e+02   8.8205158710479736e-01
   1.5000000000000000e+02   8.8451182842254639e-01
   1.5100000000000000e+02   8.6222517490386963e-01
   1.5200000000000000e+02   8.0285519361495972e-01
   1.5300000000000000e+02   7.4132144451141357e-01
   1.5400000000000000e+02   6.7732042074203491e-01
   1.5500000000000000e+02   6.0974425077438354e-01
   1.5600000000000000e+02   5.4215091466903687e-01
   1.5700000000000000e+02   4.7462293505668640e-01
   1.5800000000000000e+02   4.0735653042793274e-01
   1.5900000000000000e+02   3.4006893634796143e-01
   1.6000000000000000e+02   2.7249374985694885e-01
   1.6100000000000000e+02   2.0490600168704987e-01
   1.6200000000000000e+02   1.3735337555408478e-01
   1.6300000000000000e+02   7.1537718176841736e-02
   1.6400000000000000e+02   6.0392008163034916e-03
   1.6500000000000000e+02   3.0480467248708010e-03
   1.6600000000000000e+02   1.9152541644871235e-03
   1.6700000000000000e+02   8.1608159234747291e-05
   1.6800000000000000e+02   6.9527763116639107e-05
   1.6900000000000000e+02   6.8673594796564430e-05
   1.7000000000000000e+02   6.7711429437622428e-05
   1.7100000000000000e+02   6.5604966948740184e-05
   1.7200000000000000e+02   1.7186849845529650e-06
   1.7300000000000000e+02   1.7208888039021986e-06
   1.7400000000000000e+02   1.9236019852542086e-06
   1.7500000000000000e+02   2.0275717815820826e-06
   1.7600000000000000e+02   2.0444251731532859e-06
   1.7700000000000000e+02   2.0130269149376545e-06
   1.7800000000000000e+02   1.6123282193802879e-06
   1.7900000000000000e+02   3.6608327036447008e-07
   1.8000000000000000e+02   3.6544875570143631e-07
   1.8100000000000000e+02   3.6547436366163311e-07
   1.8200000000000000e+02   3.6548084381138324e-07
   1.8300000000000000e+02   3.6547532999975374e-07
   1.8400000000000000e+02   3.6548769344335597e-07
   1.8500000000000000e+02   3.6549874948832439e-07
   1.8600000000000000e+02   3.6549823789755465e-07
   1.8700000000000000e+02   3.6549027981891413e-07
   1.8800000000000000e+02   3.6107081768932403e-07
   1.8900000000000000e+02   1.6720652240564959e-07
   1.9000000000000000e+02   7.5408202349080966e-08
   1.9100000000000000e+02   1.0833268504484295e-07
   1.9200000000000000e+02   3.2880083722375275e-07
   1.9300000000000000e+02   3.5843309888150543e-05
   1.9400000000000000e+02   1.6966777911875397e-04
   1.9500000000000000e+02   2.4581418256275356e-04
   1.9600000000000000e+02   3.2776658190414310e-04
   1.9700000000000000e+02   4.8327737022191286e-04
   1.9800000000000000e+02   6.6061498364433646e-04
   1.9900000000000000e+02   8.5021078120917082e-04
   2.0000000000000000e+02   1.0821842588484287e-03
   2.0100000000000000e+02   1.2513196561485529e-03
   2.0200000000000000e+02   1.3776195701211691e-03
   2.0300000000000000e+02   1.4375356258824468e-03
   2.0400000000000000e+02   1.5073105460032821e-03
   2.0500000000000000e+02   1.5613132854923606e-03
   2.0600000000000000e+02   1.6020409530028701e-03
   2.0700000000000000e+02   1.6682563582435250e-03
   2.0800000000000000e+02   1.6985245747491717e-03
   2.0900000000000000e+02   1.6745385946705937e-03
   2.1000000000000000e+02   1.7789353150874376e-03
   2.1100000000000000e+02   1.8503906903788447e-03
   2.1200000000000000e+02   1.8697280902415514e-03
   2.1300000000000000e+02   1.8814831273630261e-03
   2.1400000000000000e+02   1.8449756316840649e-03
   2.1500000000000000e+02   1.7886528512462974e-03
   2.1600000000000000e+02   1.7475165659561753e-03
   2.1700000000000000e+02   1.6525007085874677e-03
   2.1800000000000000e+02   1.8002317519858479e-03
   2.1900000000000000e+02   1.9260866101831198e-03
   2.2000000000000000e+02   1.8765546847134829e-03
   2.2100000000000000e+02   1.8524811603128910e-03
   2.2200000000000000e+02   1.7971677007153630e-03
   2.2300000000000000e+02   1.7401032382622361e-03
   2.2400000000000000e+02   1.6323791351169348e-03
   2.2500000000000000e+02   1.4533366775140166e-03
   2.2600000000000000e+02   1.3026774395257235e-03
   2.2700000000000000e+02   1.1288155801594257e-03
   2.2800000000000000e+02   9.4087439356371760e-04
   2.2900000000000000e+02   7.8842689981684089e-04
   2.3000000000000000e+02   6.1339221429079771e-04
   2.3100000000000000e+02   4.8590410733595490e-04
   2.3200000000000000e+02   4.5533050433732569e-04
   2.3300000000000000e+02   2.5389238726347685e-04
   2.3400000000000000e+02   5.9379421145422384e-05
   2.3500000000000000e+02   5.5441410950152203e-05
   2.3600000000000000e+02   3.9937200199346989e-05
   2.3700000000000000e+02   2.9122948035364971e-05
   2.3800000000000000e+02   2.0643432435463183e-05
   2.3900000000000000e+02   1.8668031771085225e-05
   2.4000000000000000e+02   1.7378168195136823e-05
   2.4100000000000000e+02   1.4825970538367983e-05
   2.4200000000000000e+02   1.4118807484919671e-05
   2.4300000000000000e+02   1.3249678886495531e-05
   2.4400000000000000e+02   1.3153243344277143e-05
   2.4500000000000000e+02   1.2965715541213285e-05
   2.4600000000000000e+02   1.2957839317095932e-05
   2.4700000000000000e+02   1.3917285286879633e-05
   2.4800000000000000e+02   8.4151915871188976e-06
   2.4900000000000000e+02   8.0599002103554085e-06
   2.5000000000000000e+02   8.0734662333270535e-06
   2.5100000000000000e+02   7.3814276220218744e-06
   2.5200000000000000e+02   8.0540994531475008e-06
   2.5300000000000000e+02   8.3465329225873575e-06
   2.5400000000000000e+02   9.3009284682921134e-06
   2.5500000000000000e+02   1.0203722013102379e-05
   2.5600000000000000e+02   1.1745596566470340e-05
   2.5700000000000000e+02   1.8289643776370212e-05
   2.5800000000000000e+02   2.2710531993652694e-05
   2.5900000000000000e+02   3.3061656722566113e-05
   2.6000000000000000e+02   3.5157270758645609e-05
   2.6100000000000000e+02   3.6967536289012060e-05
   2.6200000000000000e+02   3.8296566344797611e-05
   2.6300000000000000e+02   4.2263880459358916e-05
   2.6400000000000000e+02   4.6378259867196903e-05
   2.6500000000000000e+02   5.4420044762082398e-05
   2.6600000000000000e+02   5.7420027587795630e-05
   2.6700000000000000e+02   6.2029546825215220e-05
   2.6800000000000000e+02   6.9103414716664702e-05
   2.6900000000000000e+02   7.1779213612899184e-05
   2.7000000000000000e+02   7.2404007369186729e-05
   2.7100000000000000e+02   7.3396986408624798e-05
   2.7200000000000000e+02   6.7816530645359308e-05
   2.7300000000000000e+02   6.3569503254257143e-05
   2.7400000000000000e+02   5.3053321607876569e-05
   2.7500000000000000e+02   5.0832055421778932e-05
   2.7600000000000000e+02   4.8647158109815791e-05
   2.7700000000000000e+02   4.5879813114879653e-05
   2.7800000000000000e+02   4.1829262045212090e-05
   2.7900000000000000e+02   3.7049714592285454e-05
   2.8000000000000000e+02   2.8479993488872424e-05
   2.8100000000000000e+02   2.4965042030089535e-05
   2.8200000000000000e+02   1.9384140614420176e-05
   2.8300000000000000e+02   1.1781664397858549e-05
   2.8400000000000000e+02   8.0144309322349727e-06
   2.8500000000000000e+02   6.2778462961432524e-06
   2.8600000000000000e+02   3.5483240026223939e-06
   2.8700000000000000e+02   2.3063182652549585e-06
   2.8800000000000000e+02   1.8505853631722857e-06
   2.8900000000000000e+02   1.4717370504513383e-06
   2.9000000000000000e+02   1.1690785868267994e-06
   2.9100000000000000e+02   1.0413072004666901e-06
   2.9200000000000000e+02   8.1006641039493843e-07
   2.9300000000000000e+02   1.8517188493660797e-07
   2.9400000000000000e+02   7.8088383759222779e-08
   2.9500000000000000e+02   3.5785181040637326e-08
   2.9600000000000000e+02   2.4025426981211240e-08
   2.9700000000000000e+02   1.3397168707740548e-08
   2.9800000000000000e+02   1.1158649115827757e-08
   2.9900000000000000e+02   9.8397983094855590e-09
   3.0000000000000000e+02   8.5130542615274862e-09
