   1.0000000000000000e+00   1.8788308370858431e-03
   2.0000000000000000e+00   1.6794726252555847e-03
   3.0000000000000000e+00   1.5115262940526009e-03
   4.0000000000000000e+00   1.3744137249886990e-03
   5.0000000000000000e+00   1.2598793255165219e-03
   6.0000000000000000e+00   1.1629655491560698e-03
   7.0000000000000000e+00   1.0858519235625863e-03
   8.0000000000000000e+00   1.0134699987247586e-03
   9.0000000000000000e+00   8.5277116158977151e-04
   1.0000000000000000e+01   6.1173457652330399e-04
   1.1000000000000000e+01   5.2657112246379256e-04
   1.2000000000000000e+01   5.1080307457596064e-04
   1.3000000000000000e+01   4.4921122025698423e-04
   1.4000000000000000e+01   3.2349364482797682e-04
   1.5000000000000000e+01   1.6531403525732458e-04
   1.6000000000000000e+01   1.4195572293829173e-04
   1.7000000000000000e+01   1.4100941189099103e-04
   1.8000000000000000e+01   1.5351519687101245e-03
   1.9000000000000000e+01   4.1320933960378170e-03
   2.0000000000000000e+01   1.7427325248718262e-02
   2.1000000000000000e+01   5.9000704437494278e-02
   2.2000000000000000e+01   1.0146718472242355e-01
   2.3000000000000000e+01   1.4100827276706696e-01
   2.4000000000000000e+01   1.7333589494228363e-01
   2.5000000000000000e+01   1.9116614758968353e-01
   2.6000000000000000e+01   2.2335256636142731e-01
   2.7000000000000000e+01   2.6352789998054504e-01
   2.8000000000000000e+01   3.1750184297561646e-01
   2.9000000000000000e+01   3.7925186753273010e-01
   3.0000000000000000e+01   4.4443783164024353e-01
   3.1000000000000000e+01   5.0800490379333496e-01
   3.2000000000000000e+01   5.6920051574707031e-01
   3.3000000000000000e+01   6.3203662633895874e-01
   3.4000000000000000e+01   6.9289577007293701e-01
   3.5000000000000000e+01   7.4353641271591187e-01
   3.6000000000000000e+01   7.6561260223388672e-01
   3.7000000000000000e+01   7.8611832857131958e-01
   3.8000000000000000e+01   8.0937486886978149e-01
   3.9000000000000000e+01   8.3927649259567261e-01
   4.0000000000000000e+01   8.7390685081481934e-01
   4.1000000000000000e+01   8.7082600593566895e-01
   4.2000000000000000e+01   8.3963972330093384e-01
   4.3000000000000000e+01   7.8911995887756348e-01
   4.4000000000000000e+01   7.2773665189743042e-01
   4.5000000000000000e+01   6.6256481409072876e-01
   4.6000000000000000e+01   5.9899699687957764e-01
   4.7000000000000000e+01   5.3779911994934082e-01
   4.8000000000000000e+01   4.7356981039047241e-01
   4.9000000000000000e+01   4.1011416912078857e-01
   5.0000000000000000e+01   3.4617900848388672e-01
   5.1000000000000000e+01   2.8252986073493958e-01
   5.2000000000000000e+01   2.1955254673957825e-01
   5.3000000000000000e+01   1.5675562620162964e-01
   5.4000000000000000e+01   9.4527482986450195e-02
   5.5000000000000000e+01   4.2069986462593079e-02
   5.6000000000000000e+01   1.2965166941285133e-02
   5.7000000000000000e+01   3.9413725025951862e-03
   5.8000000000000000e+01   4.8314465675503016e-04
   5.9000000000000000e+01   1.2198555486975238e-04
   6.0000000000000000e+01   1.1156698019476607e-04
   6.1000000000000000e+01   3.4583258093334734e-04
   6.2000000000000000e+01   5.0741445738822222e-04
   6.3000000000000000e+01   5.2029063226655126e-04
   6.4000000000000000e+01   5.2127841627225280e-04
   6.5000000000000000e+01   5.2101607434451580e-04
   6.6000000000000000e+01   5.2095641149207950e-04
   6.7000000000000000e+01   5.2112631965428591e-04
   6.8000000000000000e+01   5.2067858632653952e-04
   6.9000000000000000e+01   5.1964743761345744e-04
   7.0000000000000000e+01   5.1658489974215627e-04
   7.1000000000000000e+01   5.0694309175014496e-04
   7.2000000000000000e+01   4.9108971143141389e-04
   7.3000000000000000e+01   4.7099596122279763e-04
   7.4000000000000000e+01   4.4749511289410293e-04
   7.5000000000000000e+01   4.2023768764920533e-04
   7.6000000000000000e+01   1.8136558355763555e-04
   7.7000000000000000e+01   1.7362413927912712e-05
   7.8000000000000000e+01   3.6375568015500903e-06
   7.9000000000000000e+01   2.2798949430580251e-06
   8.0000000000000000e+01   2.2984233964962186e-06
   8.1000000000000000e+01   2.9866739623685135e-06
   8.2000000000000000e+01   3.1365152608486824e-06
   8.3000000000000000e+01   3.1697386475570966e-06
   8.4000000000000000e+01   1.0258258043904789e-05
   8.5000000000000000e+01   9.9493816378526390e-05
   8.6000000000000000e+01   1.3660472177434713e-04
   8.7000000000000000e+01   4.1230188799090683e-04
   8.8000000000000000e+01   8.6429232032969594e-04
   8.9000000000000000e+01   9.3169865431264043e-04
   9.0000000000000000e+01   1.0380387539044023e-03
   9.1000000000000000e+01   1.4421303058043122e-03
   9.2000000000000000e+01   1.5720784431323409e-03
   9.3000000000000000e+01   1.6584811965003610e-03
   9.4000000000000000e+01   1.7063580453395844e-03
   9.5000000000000000e+01   1.7167343758046627e-03
   9.6000000000000000e+01   1.8848970066756010e-03
   9.7000000000000000e+01   1.9165781559422612e-03
   9.8000000000000000e+01   1.9231777405366302e-03
   9.9000000000000000e+01   1.9771277438849211e-03
   1.0000000000000000e+02   1.9009475363418460e-03
   1.0100000000000000e+02   2.0902203395962715e-03
   1.0200000000000000e+02   1.8259872449561954e-03
   1.0300000000000000e+02   1.3815402053296566e-03
   1.0400000000000000e+02   1.3386694481596351e-03
   1.0500000000000000e+02   1.2375151272863150e-03
   1.0600000000000000e+02   8.3506258670240641e-04
   1.0700000000000000e+02   7.0771132595837116e-04
   1.0800000000000000e+02   6.2355585396289825e-04
   1.0900000000000000e+02   5.7880568783730268e-04
   1.1000000000000000e+02   5.7201215531677008e-04
   1.1100000000000000e+02   4.0651307790540159e-04
   1.1200000000000000e+02   3.8482728996314108e-04
   1.1300000000000000e+02   3.8668062188662589e-04
   1.1400000000000000e+02   3.2823104993440211e-04
   1.1500000000000000e+02   3.2227140036411583e-04
   1.1600000000000000e+02   1.1395304318284616e-04
   1.1700000000000000e+02   1.1075205111410469e-04
   1.1800000000000000e+02   1.4331357670016587e-04
   1.1900000000000000e+02   1.6792290261946619e-04
   1.2000000000000000e+02   2.3340964980889112e-04
   1.2100000000000000e+02   2.6160216657444835e-04
   1.2200000000000000e+02   5.2385282469913363e-04
   1.2300000000000000e+02   5.9871550183743238e-04
   1.2400000000000000e+02   7.1681133704259992e-04
   1.2500000000000000e+02   1.3479099143296480e-03
   1.2600000000000000e+02   1.4004121767356992e-03
   1.2700000000000000e+02   1.5322691760957241e-03
   1.2800000000000000e+02   1.6526158433407545e-03
   1.2900000000000000e+02   2.0159699488431215e-03
   1.3000000000000000e+02   2.0993268117308617e-03
   1.3100000000000000e+02   2.3889008443802595e-03
   1.3200000000000000e+02   2.4322236422449350e-03
   1.3300000000000000e+02   2.5728375185281038e-03
   1.3400000000000000e+02   2.7418672107160091e-03
   1.3500000000000000e+02   2.7401864062994719e-03
   1.3600000000000000e+02   2.8604550752788782e-03
   1.3700000000000000e+02   2.9304747004061937e-03
   1.3800000000000000e+02   3.1143180094659328e-03
   1.3900000000000000e+02   3.1260694377124310e-03
   1.4000000000000000e+02   2.7680464554578066e-03
   1.4100000000000000e+02   3.1007304787635803e-03
   1.4200000000000000e+02   3.1319290865212679e-03
   1.4300000000000000e+02   3.1048075761646032e-03
   1.4400000000000000e+02   2.9014321044087410e-03
   1.4500000000000000e+02   3.0004712752997875e-03
   1.4600000000000000e+02   2.8451930265873671e-03
   1.4700000000000000e+02   2.9842357616871595e-03
   1.4800000000000000e+02   3.0149717349559069e-03
   1.4900000000000000e+02   2.9438957571983337e-03
   1.5000000000000000e+02   2.9978163074702024e-03
   1.5100000000000000e+02   3.1301083508878946e-03
   1.5200000000000000e+02   2.9891834128648043e-03
   1.5300000000000000e+02   2.9012067243456841e-03
   1.5400000000000000e+02   3.0226181261241436e-03
   1.5500000000000000e+02   3.0325958505272865e-03
   1.5600000000000000e+02   2.8662323020398617e-03
   1.5700000000000000e+02   2.9892700258642435e-03
   1.5800000000000000e+02   3.1242957338690758e-03
   1.5900000000000000e+02   3.3326351549476385e-03
   1.6000000000000000e+02   3.3667883835732937e-03
   1.6100000000000000e+02   3.5099105443805456e-03
   1.6200000000000000e+02   3.5577279049903154e-03
   1.6300000000000000e+02   3.6646761000156403e-03
   1.6400000000000000e+02   3.7579548079520464e-03
   1.6500000000000000e+02   3.9360490627586842e-03
   1.6600000000000000e+02   3.8296671118587255e-03
   1.6700000000000000e+02   3.8230072241276503e-03
   1.6800000000000000e+02   3.8054282777011395e-03
   1.6900000000000000e+02   3.7320018745958805e-03
   1.7000000000000000e+02   3.7242688704282045e-03
   1.7100000000000000e+02   3.6970868241041899e-03
   1.7200000000000000e+02   3.5743983462452888e-03
   1.7300000000000000e+02   3.5265013575553894e-03
   1.7400000000000000e+02   3.4751384519040585e-03
   1.7500000000000000e+02   3.5544866696000099e-03
   1.7600000000000000e+02   3.5175965167582035e-03
   1.7700000000000000e+02   3.4617125056684017e-03
   1.7800000000000000e+02   3.2712896354496479e-03
   1.7900000000000000e+02   3.1987179536372423e-03
   1.8000000000000000e+02   3.0262379441410303e-03
   1.8100000000000000e+02   3.0320396181195974e-03
   1.8200000000000000e+02   3.0681304633617401e-03
   1.8300000000000000e+02   3.1242519617080688e-03
   1.8400000000000000e+02   3.1057333108037710e-03
   1.8500000000000000e+02   3.1030408572405577e-03
   1.8600000000000000e+02   3.0216227751225233e-03
   1.8700000000000000e+02   3.0302130617201328e-03
   1.8800000000000000e+02   3.0994084663689137e-03
   1.8900000000000000e+02   3.0379786621779203e-03
   1.9000000000000000e+02   3.0660745687782764e-03
   1.9100000000000000e+02   3.0578947626054287e-03
   1.9200000000000000e+02   3.0348286963999271e-03
   1.9300000000000000e+02   3.0985043849796057e-03
   1.9400000000000000e+02   3.0432573985308409e-03
   1.9500000000000000e+02   3.0308789573609829e-03
   1.9600000000000000e+02   3.0393567867577076e-03
   1.9700000000000000e+02   3.1487538944929838e-03
   1.9800000000000000e+02   2.9855561442673206e-03
   1.9900000000000000e+02   2.9626807663589716e-03
   2.0000000000000000e+02   2.7195529546588659e-03
   2.0100000000000000e+02   2.7917672414332628e-03
   2.0200000000000000e+02   2.7201191987842321e-03
   2.0300000000000000e+02   2.5644609704613686e-03
   2.0400000000000000e+02   2.4430325720459223e-03
   2.0500000000000000e+02   2.2898325696587563e-03
   2.0600000000000000e+02   2.2756056860089302e-03
   2.0700000000000000e+02   2.3253285326063633e-03
   2.0800000000000000e+02   2.2882858756929636e-03
   2.0900000000000000e+02   2.4074257817119360e-03
   2.1000000000000000e+02   2.3453794419765472e-03
   2.1100000000000000e+02   2.3127843160182238e-03
   2.1200000000000000e+02   2.2350514773279428e-03
   2.1300000000000000e+02   2.2811286617070436e-03
   2.1400000000000000e+02   2.3070829920470715e-03
   2.1500000000000000e+02   2.3758662864565849e-03
   2.1600000000000000e+02   2.2795705590397120e-03
   2.1700000000000000e+02   2.2489472758024931e-03
   2.1800000000000000e+02   2.2232325281947851e-03
   2.1900000000000000e+02   2.1201164927333593e-03
   2.2000000000000000e+02   1.9719391129910946e-03
   2.2100000000000000e+02   1.7619326245039701e-03
   2.2200000000000000e+02   1.5689810970798135e-03
   2.2300000000000000e+02   1.4439778169617057e-03
   2.2400000000000000e+02   1.2282849056646228e-03
   2.2500000000000000e+02   1.2025448959320784e-03
   2.2600000000000000e+02   1.0585958370938897e-03
   2.2700000000000000e+02   8.1474910257384181e-04
   2.2800000000000000e+02   7.2934583295136690e-04
   2.2900000000000000e+02   5.7510018814355135e-04
   2.3000000000000000e+02   4.8127534682862461e-04
   2.3100000000000000e+02   3.9796068449504673e-04
   2.3200000000000000e+02   3.2735953573137522e-04
   2.3300000000000000e+02   2.5788473431020975e-04
   2.3400000000000000e+02   2.3106580192688853e-04
   2.3500000000000000e+02   2.0802514336537570e-04
   2.3600000000000000e+02   1.8752439063973725e-04
   2.3700000000000000e+02   1.7699731688480824e-04
   2.3800000000000000e+02   1.5373415953945369e-04
   2.3900000000000000e+02   1.4687082148157060e-04
   2.4000000000000000e+02   1.3032722927164286e-04
   2.4100000000000000e+02   1.2390076881274581e-04
   2.4200000000000000e+02   1.1991870269412175e-04
   2.4300000000000000e+02   1.1708577949320897e-04
   2.4400000000000000e+02   1.1394994362490252e-04
   2.4500000000000000e+02   1.1345958773745224e-04
   2.4600000000000000e+02   1.1452150647528470e-04
   2.4700000000000000e+02   1.1440751404734328e-04
   2.4800000000000000e+02   1.1471208563307300e-04
   2.4900000000000000e+02   1.1613975948421285e-04
   2.5000000000000000e+02   1.1522374552441761e-04
   2.5100000000000000e+02   1.1877592623932287e-04
   2.5200000000000000e+02   1.2241820513736457e-04
   2.5300000000000000e+02   1.2701384548563510e-04
   2.5400000000000000e+02   1.2631784193217754e-04
   2.5500000000000000e+02   1.2223118392284960e-04
   2.5600000000000000e+02   1.2295124179217964e-04
   2.5700000000000000e+02   1.3291618961375207e-04
   2.5800000000000000e+02   1.3556737394537777e-04
   2.5900000000000000e+02   1.4235515845939517e-04
   2.6000000000000000e+02   1.4742322673555464e-04
   2.6100000000000000e+02   1.6156514175236225e-04
   2.6200000000000000e+02   1.6689697804395109e-04
   2.6300000000000000e+02   1.8273275054525584e-04
   2.6400000000000000e+02   1.9230344332754612e-04
   2.6500000000000000e+02   2.1576146536972374e-04
   2.6600000000000000e+02   2.8303379076533020e-04
   2.6700000000000000e+02   3.3006045850925148e-04
   2.6800000000000000e+02   3.7572247674688697e-04
   2.6900000000000000e+02   4.2451659101061523e-04
   2.7000000000000000e+02   4.9031560774892569e-04
   2.7100000000000000e+02   5.4822792299091816e-04
   2.7200000000000000e+02   6.2686053570359945e-04
   2.7300000000000000e+02   7.2428735438734293e-04
   2.7400000000000000e+02   8.2974130054935813e-04
   2.7500000000000000e+02   9.0528774308040738e-04
   2.7600000000000000e+02   9.5027743373066187e-04
   2.7700000000000000e+02   1.0465137893334031e-03
   2.7800000000000000e+02   1.2211198918521404e-03
   2.7900000000000000e+02   1.4402050292119384e-03
   2.8000000000000000e+02   1.5921111917123199e-03
   2.8100000000000000e+02   1.8750320887193084e-03
   2.8200000000000000e+02   1.9212194019928575e-03
   2.8300000000000000e+02   1.8970966339111328e-03
   2.8400000000000000e+02   2.0032615866512060e-03
   2.8500000000000000e+02   2.0079372916370630e-03
   2.8600000000000000e+02   1.9783910829573870e-03
   2.8700000000000000e+02   1.9564661197364330e-03
   2.8800000000000000e+02   1.9158485811203718e-03
   2.8900000000000000e+02   1.8201358616352081e-03
   2.9000000000000000e+02   1.7818914493545890e-03
   2.9100000000000000e+02   1.8355395877733827e-03
   2.9200000000000000e+02   1.8084467155858874e-03
   2.9300000000000000e+02   1.7792619764804840e-03
   2.9400000000000000e+02   1.6524364473298192e-03
   2.9500000000000000e+02   1.5705202240496874e-03
   2.9600000000000000e+02   1.2521134922280908e-03
   2.9700000000000000e+02   1.2260378571227193e-03
   2.9800000000000000e+02   1.2999180471524596e-03
   2.9900000000000000e+02   1.1720100883394480e-03
   3.0000000000000000e+02   1.1718738824129105e-03
