   1.0000000000000000e+00   4.5768179006699938e-06
   2.0000000000000000e+00   4.6936306716816034e-06
   3.0000000000000000e+00   4.8434749260195531e-06
   4.0000000000000000e+00   5.0349522098258603e-06
   5.0000000000000000e+00   5.2794944167544600e-06
   6.0000000000000000e+00   5.5864488786028232e-06
   7.0000000000000000e+00   5.9758440329460427e-06
   8.0000000000000000e+00   6.4352639128628653e-06
   9.0000000000000000e+00   6.9664188231399748e-06
   1.0000000000000000e+01   7.5624257078743540e-06
   1.1000000000000000e+01   8.2105070760007948e-06
   1.2000000000000000e+01   8.9050517999567091e-06
   1.3000000000000000e+01   9.6451467470615171e-06
   1.4000000000000000e+01   1.0426620065118186e-05
   1.5000000000000000e+01   1.1228067705815192e-05
   1.6000000000000000e+01   1.2007233635813463e-05
   1.7000000000000000e+01   1.2721354323730338e-05
   1.8000000000000000e+01   1.3338180906430352e-05
   1.9000000000000000e+01   1.3853765267413110e-05
   2.0000000000000000e+01   1.4266877769841813e-05
   2.1000000000000000e+01   1.4603408089897130e-05
   2.2000000000000000e+01   1.4896714674250688e-05
   2.3000000000000000e+01   1.5178571629803628e-05
   2.4000000000000000e+01   1.5461166185559705e-05
   2.5000000000000000e+01   1.5753261322970502e-05
   2.6000000000000000e+01   1.6038517060223967e-05
   2.7000000000000000e+01   1.6304977179970592e-05
   2.8000000000000000e+01   1.6528285414096899e-05
   2.9000000000000000e+01   1.6691841665306129e-05
   3.0000000000000000e+01   1.6804990082164295e-05
   3.1000000000000000e+01   1.6921996575547382e-05
   3.2000000000000000e+01   1.7107915482483804e-05
   3.3000000000000000e+01   1.7439202565583400e-05
   3.4000000000000000e+01   1.7970027329283766e-05
   3.5000000000000000e+01   1.8720969819696620e-05
   3.6000000000000000e+01   1.9675428120535798e-05
   3.7000000000000000e+01   2.0856337869190611e-05
   3.8000000000000000e+01   2.2301092030829750e-05
   3.9000000000000000e+01   2.4167275114450604e-05
   4.0000000000000000e+01   2.6672285457607359e-05
   4.1000000000000000e+01   3.0175748179317452e-05
   4.2000000000000000e+01   3.5125893191434443e-05
   4.3000000000000000e+01   4.2285751987947151e-05
   4.4000000000000000e+01   5.2597351896110922e-05
   4.5000000000000000e+01   6.7480526922736317e-05
   4.6000000000000000e+01   8.8835593487601727e-05
   4.7000000000000000e+01   1.1919281678274274e-04
   4.8000000000000000e+01   1.6163870168384165e-04
   4.9000000000000000e+01   2.2000001627020538e-04
   5.0000000000000000e+01   2.9894875478930771e-04
   5.1000000000000000e+01   4.0356232784688473e-04
   5.2000000000000000e+01   5.3948524873703718e-04
   5.3000000000000000e+01   7.1305473102256656e-04
   5.4000000000000000e+01   9.2988950200378895e-04
   5.5000000000000000e+01   1.1955657973885536e-03
   5.6000000000000000e+01   1.5154072316363454e-03
   5.7000000000000000e+01   1.8956633284687996e-03
   5.8000000000000000e+01   2.3440604563802481e-03
   5.9000000000000000e+01   2.8685117140412331e-03
   6.0000000000000000e+01   3.4773836378008127e-03
   6.1000000000000000e+01   4.1774981655180454e-03
   6.2000000000000000e+01   4.9733510240912437e-03
   6.3000000000000000e+01   5.8678342029452324e-03
   6.4000000000000000e+01   6.8618934601545334e-03
   6.5000000000000000e+01   7.9580694437026978e-03
   6.6000000000000000e+01   9.1602960601449013e-03
   6.7000000000000000e+01   1.0472512803971767e-02
   6.8000000000000000e+01   1.1896460317075253e-02
   6.9000000000000000e+01   1.3431190513074398e-02
   7.0000000000000000e+01   1.5074273571372032e-02
   7.1000000000000000e+01   1.6822252422571182e-02
   7.2000000000000000e+01   1.8677156418561935e-02
   7.3000000000000000e+01   2.0645171403884888e-02
   7.4000000000000000e+01   2.2733498364686966e-02
   7.5000000000000000e+01   2.4947321042418480e-02
   7.6000000000000000e+01   2.7285486459732056e-02
   7.7000000000000000e+01   2.9742015525698662e-02
   7.8000000000000000e+01   3.2305039465427399e-02
   7.9000000000000000e+01   3.4963138401508331e-02
   8.0000000000000000e+01   3.7706207484006882e-02
   8.1000000000000000e+01   4.0527295321226120e-02
   8.2000000000000000e+01   4.3424297124147415e-02
   8.3000000000000000e+01   4.6389453113079071e-02
   8.4000000000000000e+01   4.9415443092584610e-02
   8.5000000000000000e+01   5.2490491420030594e-02
   8.6000000000000000e+01   5.5604513734579086e-02
   8.7000000000000000e+01   5.8740649372339249e-02
   8.8000000000000000e+01   6.1876241117715836e-02
   8.9000000000000000e+01   6.4986765384674072e-02
   9.0000000000000000e+01   6.8048760294914246e-02
   9.1000000000000000e+01   7.1045987308025360e-02
   9.2000000000000000e+01   7.3967859148979187e-02
   9.3000000000000000e+01   7.6807774603366852e-02
   9.4000000000000000e+01   7.9564608633518219e-02
   9.5000000000000000e+01   8.2232646644115448e-02
   9.6000000000000000e+01   8.4805689752101898e-02
   9.7000000000000000e+01   8.7271399796009064e-02
   9.8000000000000000e+01   8.9620687067508698e-02
   9.9000000000000000e+01   9.1842092573642731e-02
   1.0000000000000000e+02   9.3926973640918732e-02
   1.0100000000000000e+02   9.5859348773956299e-02
   1.0200000000000000e+02   9.7629494965076447e-02
   1.0300000000000000e+02   9.9234960973262787e-02
   1.0400000000000000e+02   1.0067977756261826e-01
   1.0500000000000000e+02   1.0197191685438156e-01
   1.0600000000000000e+02   1.0312218219041824e-01
   1.0700000000000000e+02   1.0413911193609238e-01
   1.0800000000000000e+02   1.0503126680850983e-01
   1.0900000000000000e+02   1.0580352693796158e-01
   1.1000000000000000e+02   1.0645902901887894e-01
   1.1100000000000000e+02   1.0699983686208725e-01
   1.1200000000000000e+02   1.0743010044097900e-01
   1.1300000000000000e+02   1.0775671154260635e-01
   1.1400000000000000e+02   1.0799252986907959e-01
   1.1500000000000000e+02   1.0815510153770447e-01
   1.1600000000000000e+02   1.0826527327299118e-01
   1.1700000000000000e+02   1.0833548754453659e-01
   1.1800000000000000e+02   1.0836999118328094e-01
   1.1900000000000000e+02   1.0837014019489288e-01
   1.2000000000000000e+02   1.0833781212568283e-01
   1.2100000000000000e+02   1.0827306658029556e-01
   1.2200000000000000e+02   1.0817547887563705e-01
   1.2300000000000000e+02   1.0804333537817001e-01
   1.2400000000000000e+02   1.0786549001932144e-01
   1.2500000000000000e+02   1.0763657093048096e-01
   1.2600000000000000e+02   1.0735387355089188e-01
   1.2700000000000000e+02   1.0702038556337357e-01
   1.2800000000000000e+02   1.0664399713277817e-01
   1.2900000000000000e+02   1.0623008012771606e-01
   1.3000000000000000e+02   1.0577999800443649e-01
   1.3100000000000000e+02   1.0529440641403198e-01
   1.3200000000000000e+02   1.0477752983570099e-01
   1.3300000000000000e+02   1.0423658788204193e-01
   1.3400000000000000e+02   1.0368126630783081e-01
   1.3500000000000000e+02   1.0311732441186905e-01
   1.3600000000000000e+02   1.0253854095935822e-01
   1.3700000000000000e+02   1.0193779319524765e-01
   1.3800000000000000e+02   1.0130896419286728e-01
   1.3900000000000000e+02   1.0065910220146179e-01
   1.4000000000000000e+02   9.9999785423278809e-02
   1.4100000000000000e+02   9.9341869354248047e-02
   1.4200000000000000e+02   9.8693259060382843e-02
   1.4300000000000000e+02   9.8053529858589172e-02
   1.4400000000000000e+02   9.7419850528240204e-02
   1.4500000000000000e+02   9.6782036125659943e-02
   1.4600000000000000e+02   9.6132121980190277e-02
   1.4700000000000000e+02   9.5467716455459595e-02
   1.4800000000000000e+02   9.4788111746311188e-02
   1.4900000000000000e+02   9.4095118343830109e-02
   1.5000000000000000e+02   9.3389309942722321e-02
   1.5100000000000000e+02   9.2681005597114563e-02
   1.5200000000000000e+02   9.1981567442417145e-02
   1.5300000000000000e+02   9.1305948793888092e-02
   1.5400000000000000e+02   9.0661607682704926e-02
   1.5500000000000000e+02   9.0045697987079620e-02
   1.5600000000000000e+02   8.9452192187309265e-02
   1.5700000000000000e+02   8.8870830833911896e-02
   1.5800000000000000e+02   8.8298074901103973e-02
   1.5900000000000000e+02   8.7729983031749725e-02
   1.6000000000000000e+02   8.7167538702487946e-02
   1.6100000000000000e+02   8.6610198020935059e-02
   1.6200000000000000e+02   8.6053468286991119e-02
   1.6300000000000000e+02   8.5497453808784485e-02
   1.6400000000000000e+02   8.4936805069446564e-02
   1.6500000000000000e+02   8.4368154406547546e-02
   1.6600000000000000e+02   8.3790227770805359e-02
   1.6700000000000000e+02   8.3202473819255829e-02
   1.6800000000000000e+02   8.2600906491279602e-02
   1.6900000000000000e+02   8.1978574395179749e-02
   1.7000000000000000e+02   8.1333652138710022e-02
   1.7100000000000000e+02   8.0662488937377930e-02
   1.7200000000000000e+02   7.9967424273490906e-02
   1.7300000000000000e+02   7.9251043498516083e-02
   1.7400000000000000e+02   7.8517496585845947e-02
   1.7500000000000000e+02   7.7774263918399811e-02
   1.7600000000000000e+02   7.7027939260005951e-02
   1.7700000000000000e+02   7.6283723115921021e-02
   1.7800000000000000e+02   7.5541310012340546e-02
   1.7900000000000000e+02   7.4798651039600372e-02
   1.8000000000000000e+02   7.4052378535270691e-02
   1.8100000000000000e+02   7.3297210037708282e-02
   1.8200000000000000e+02   7.2531469166278839e-02
   1.8300000000000000e+02   7.1756474673748016e-02
   1.8400000000000000e+02   7.0976108312606812e-02
   1.8500000000000000e+02   7.0190101861953735e-02
   1.8600000000000000e+02   6.9397412240505219e-02
   1.8700000000000000e+02   6.8596214056015015e-02
   1.8800000000000000e+02   6.7781947553157806e-02
   1.8900000000000000e+02   6.6955722868442535e-02
   1.9000000000000000e+02   6.6118091344833374e-02
   1.9100000000000000e+02   6.5274916589260101e-02
   1.9200000000000000e+02   6.4427509903907776e-02
   1.9300000000000000e+02   6.3576452434062958e-02
   1.9400000000000000e+02   6.2721095979213715e-02
   1.9500000000000000e+02   6.1863321810960770e-02
   1.9600000000000000e+02   6.1005737632513046e-02
   1.9700000000000000e+02   6.0151223093271255e-02
   1.9800000000000000e+02   5.9299550950527191e-02
   1.9900000000000000e+02   5.8452509343624115e-02
   2.0000000000000000e+02   5.7608298957347870e-02
   2.0100000000000000e+02   5.6765556335449219e-02
   2.0200000000000000e+02   5.5918142199516296e-02
   2.0300000000000000e+02   5.5065859109163284e-02
   2.0400000000000000e+02   5.4206293076276779e-02
   2.0500000000000000e+02   5.3341832011938095e-02
   2.0600000000000000e+02   5.2474021911621094e-02
   2.0700000000000000e+02   5.1609072834253311e-02
   2.0800000000000000e+02   5.0749942660331726e-02
   2.0900000000000000e+02   4.9900867044925690e-02
   2.1000000000000000e+02   4.9061339348554611e-02
   2.1100000000000000e+02   4.8228658735752106e-02
   2.1200000000000000e+02   4.7396350651979446e-02
   2.1300000000000000e+02   4.6563263982534409e-02
   2.1400000000000000e+02   4.5730195939540863e-02
   2.1500000000000000e+02   4.4904030859470367e-02
   2.1600000000000000e+02   4.4092573225498199e-02
   2.1700000000000000e+02   4.3303642421960831e-02
   2.1800000000000000e+02   4.2541239410638809e-02
   2.1900000000000000e+02   4.1807968169450760e-02
   2.2000000000000000e+02   4.1103340685367584e-02
   2.2100000000000000e+02   4.0423963218927383e-02
   2.2200000000000000e+02   3.9764575660228729e-02
   2.2300000000000000e+02   3.9117239415645599e-02
   2.2400000000000000e+02   3.8472287356853485e-02
   2.2500000000000000e+02   3.7820789963006973e-02
   2.2600000000000000e+02   3.7158712744712830e-02
   2.2700000000000000e+02   3.6487996578216553e-02
   2.2800000000000000e+02   3.5814318805932999e-02
   2.2900000000000000e+02   3.5143245011568069e-02
   2.3000000000000000e+02   3.4479770809412003e-02
   2.3100000000000000e+02   3.3825509250164032e-02
   2.3200000000000000e+02   3.3180177211761475e-02
   2.3300000000000000e+02   3.2540719956159592e-02
   2.3400000000000000e+02   3.1904958188533783e-02
   2.3500000000000000e+02   3.1269416213035583e-02
   2.3600000000000000e+02   3.0635308474302292e-02
   2.3700000000000000e+02   3.0003730207681656e-02
   2.3800000000000000e+02   2.9380990192294121e-02
   2.3900000000000000e+02   2.8773453086614609e-02
   2.4000000000000000e+02   2.8189584612846375e-02
   2.4100000000000000e+02   2.7634328231215477e-02
   2.4200000000000000e+02   2.7108430862426758e-02
   2.4300000000000000e+02   2.6606939733028412e-02
   2.4400000000000000e+02   2.6123624294996262e-02
   2.4500000000000000e+02   2.5653997436165810e-02
   2.4600000000000000e+02   2.5197636336088181e-02
   2.4700000000000000e+02   2.4754380807280540e-02
   2.4800000000000000e+02   2.4324223399162292e-02
   2.4900000000000000e+02   2.3906243965029716e-02
   2.5000000000000000e+02   2.3499898612499237e-02
   2.5100000000000000e+02   2.3101929575204849e-02
   2.5200000000000000e+02   2.2710304707288742e-02
   2.5300000000000000e+02   2.2322870790958405e-02
   2.5400000000000000e+02   2.1939139813184738e-02
   2.5500000000000000e+02   2.1557556465268135e-02
   2.5600000000000000e+02   2.1177668124437332e-02
   2.5700000000000000e+02   2.0798472687602043e-02
   2.5800000000000000e+02   2.0418940111994743e-02
   2.5900000000000000e+02   2.0037952810525894e-02
   2.6000000000000000e+02   1.9653856754302979e-02
   2.6100000000000000e+02   1.9265951588749886e-02
   2.6200000000000000e+02   1.8875926733016968e-02
   2.6300000000000000e+02   1.8486253917217255e-02
   2.6400000000000000e+02   1.8098786473274231e-02
   2.6500000000000000e+02   1.7715139314532280e-02
   2.6600000000000000e+02   1.7336942255496979e-02
   2.6700000000000000e+02   1.6964826732873917e-02
   2.6800000000000000e+02   1.6599860042333603e-02
   2.6900000000000000e+02   1.6242709010839462e-02
   2.7000000000000000e+02   1.5893228352069855e-02
   2.7100000000000000e+02   1.5550057403743267e-02
   2.7200000000000000e+02   1.5213977545499802e-02
   2.7300000000000000e+02   1.4886693097651005e-02
   2.7400000000000000e+02   1.4573562890291214e-02
   2.7500000000000000e+02   1.4277956448495388e-02
   2.7600000000000000e+02   1.4000646770000458e-02
   2.7700000000000000e+02   1.3739587739109993e-02
   2.7800000000000000e+02   1.3491236604750156e-02
   2.7900000000000000e+02   1.3251608237624168e-02
   2.8000000000000000e+02   1.3017154298722744e-02
   2.8100000000000000e+02   1.2786036357283592e-02
   2.8200000000000000e+02   1.2558018788695335e-02
   2.8300000000000000e+02   1.2332623824477196e-02
   2.8400000000000000e+02   1.2110779993236065e-02
   2.8500000000000000e+02   1.1894574388861656e-02
   2.8600000000000000e+02   1.1690762825310230e-02
   2.8700000000000000e+02   1.1501756496727467e-02
   2.8800000000000000e+02   1.1327910237014294e-02
   2.8900000000000000e+02   1.1165650561451912e-02
   2.9000000000000000e+02   1.1011639609932899e-02
   2.9100000000000000e+02   1.0863498784601688e-02
   2.9200000000000000e+02   1.0721703991293907e-02
   2.9300000000000000e+02   1.0588345117866993e-02
   2.9400000000000000e+02   1.0467040352523327e-02
   2.9500000000000000e+02   1.0360607877373695e-02
   2.9600000000000000e+02   1.0273348540067673e-02
   2.9700000000000000e+02   1.0203359648585320e-02
   2.9800000000000000e+02   1.0150521062314510e-02
   2.9900000000000000e+02   1.0112286545336246e-02
   3.0000000000000000e+02   1.0086396709084511e-02
