   1.0000000000000000e+00   1.1971572414040565e-02
   2.0000000000000000e+00   1.1484630405902863e-02
   3.0000000000000000e+00   1.0906186886131763e-02
   4.0000000000000000e+00   1.0251663625240326e-02
   5.0000000000000000e+00   9.5488652586936951e-03
   6.0000000000000000e+00   8.8306497782468796e-03
   7.0000000000000000e+00   8.0929649993777275e-03
   8.0000000000000000e+00   7.3872990906238556e-03
   9.0000000000000000e+00   6.7264665849506855e-03
   1.0000000000000000e+01   6.1503951437771320e-03
   1.1000000000000000e+01   5.7015712372958660e-03
   1.2000000000000000e+01   5.3842659108340740e-03
   1.3000000000000000e+01   5.2826437167823315e-03
   1.4000000000000000e+01   5.5890772491693497e-03
   1.5000000000000000e+01   6.8836165592074394e-03
   1.6000000000000000e+01   1.0233479551970959e-02
   1.7000000000000000e+01   1.7073018476366997e-02
   1.8000000000000000e+01   2.9021946713328362e-02
   1.9000000000000000e+01   4.7381758689880371e-02
   2.0000000000000000e+01   7.2503969073295593e-02
   2.1000000000000000e+01   1.0361362248659134e-01
   2.2000000000000000e+01   1.3894715905189514e-01
   2.3000000000000000e+01   1.7646250128746033e-01
   2.4000000000000000e+01   2.1475332975387573e-01
   2.5000000000000000e+01   2.5365629792213440e-01
   2.6000000000000000e+01   2.9389095306396484e-01
   2.7000000000000000e+01   3.3642664551734924e-01
   2.8000000000000000e+01   3.8169842958450317e-01
   2.9000000000000000e+01   4.2900392413139343e-01
   3.0000000000000000e+01   4.7652038931846619e-01
   3.1000000000000000e+01   5.2173256874084473e-01
   3.2000000000000000e+01   5.6195539236068726e-01
   3.3000000000000000e+01   5.9504199028015137e-01
   3.4000000000000000e+01   6.1981767416000366e-01
   3.5000000000000000e+01   6.3623899221420288e-01
   3.6000000000000000e+01   6.4522820711135864e-01
   3.7000000000000000e+01   6.4824593067169189e-01
   3.8000000000000000e+01   6.4650088548660278e-01
   3.9000000000000000e+01   6.4012855291366577e-01
   4.0000000000000000e+01   6.2811332941055298e-01
   4.1000000000000000e+01   6.0895663499832153e-01
   4.2000000000000000e+01   5.8162504434585571e-01
   4.3000000000000000e+01   5.4623538255691528e-01
   4.4000000000000000e+01   5.0435370206832886e-01
   4.5000000000000000e+01   4.5845100283622742e-01
   4.6000000000000000e+01   4.1112932562828064e-01
   4.7000000000000000e+01   3.6447274684906006e-01
   4.8000000000000000e+01   3.1951788067817688e-01
   4.9000000000000000e+01   2.7636772394180298e-01
   5.0000000000000000e+01   2.3481065034866333e-01
   5.1000000000000000e+01   1.9470769166946411e-01
   5.2000000000000000e+01   1.5634348988533020e-01
   5.3000000000000000e+01   1.2054299563169479e-01
   5.4000000000000000e+01   8.8557600975036621e-02
   5.5000000000000000e+01   6.1541613191366196e-02
   5.6000000000000000e+01   4.0279883891344070e-02
   5.7000000000000000e+01   2.4874541908502579e-02
   5.8000000000000000e+01   1.4725843444466591e-02
   5.9000000000000000e+01   8.8191581889986992e-03
   6.0000000000000000e+01   5.9559931978583336e-03
   6.1000000000000000e+01   4.9617812037467957e-03
   6.2000000000000000e+01   4.9142725765705109e-03
   6.3000000000000000e+01   5.1965564489364624e-03
   6.4000000000000000e+01   5.4949289187788963e-03
   6.5000000000000000e+01   5.6841270998120308e-03
   6.6000000000000000e+01   5.7681635953485966e-03
   6.7000000000000000e+01   5.7713645510375500e-03
   6.8000000000000000e+01   5.7165916077792645e-03
   6.9000000000000000e+01   5.6107258424162865e-03
   7.0000000000000000e+01   5.4455641657114029e-03
   7.1000000000000000e+01   5.1985052414238453e-03
   7.2000000000000000e+01   4.8477575182914734e-03
   7.3000000000000000e+01   4.3766978196799755e-03
   7.4000000000000000e+01   3.7747260648757219e-03
   7.5000000000000000e+01   3.0607159715145826e-03
   7.6000000000000000e+01   2.3002920206636190e-03
   7.7000000000000000e+01   1.5927706845104694e-03
   7.8000000000000000e+01   1.0282124858349562e-03
   7.9000000000000000e+01   6.5055134473368526e-04
   8.0000000000000000e+01   4.5664794743061066e-04
   8.1000000000000000e+01   4.1449748096056283e-04
   8.2000000000000000e+01   5.2544940263032913e-04
   8.3000000000000000e+01   8.1027427222579718e-04
   8.4000000000000000e+01   1.2972400290891528e-03
   8.5000000000000000e+01   2.0186260808259249e-03
   8.6000000000000000e+01   2.9776731971651316e-03
   8.7000000000000000e+01   4.1109519079327583e-03
   8.8000000000000000e+01   5.3268754854798317e-03
   8.9000000000000000e+01   6.5357270650565624e-03
   9.0000000000000000e+01   7.6693370938301086e-03
   9.1000000000000000e+01   8.6904745548963547e-03
   9.2000000000000000e+01   9.5739234238862991e-03
   9.3000000000000000e+01   1.0301412083208561e-02
   9.4000000000000000e+01   1.0886012576520443e-02
   9.5000000000000000e+01   1.1346427723765373e-02
   9.6000000000000000e+01   1.1700080707669258e-02
   9.7000000000000000e+01   1.1920181103050709e-02
   9.8000000000000000e+01   1.1983215808868408e-02
   9.9000000000000000e+01   1.1858100071549416e-02
   1.0000000000000000e+02   1.1512137018144131e-02
   1.0100000000000000e+02   1.0925905779004097e-02
   1.0200000000000000e+02   1.0130573995411396e-02
   1.0300000000000000e+02   9.1992951929569244e-03
   1.0400000000000000e+02   8.2132471725344658e-03
   1.0500000000000000e+02   7.2445501573383808e-03
   1.0600000000000000e+02   6.3445027917623520e-03
   1.0700000000000000e+02   5.5476464331150055e-03
   1.0800000000000000e+02   4.8918887041509151e-03
   1.0900000000000000e+02   4.3682963587343693e-03
   1.1000000000000000e+02   3.9518615230917931e-03
   1.1100000000000000e+02   3.6148654762655497e-03
   1.1200000000000000e+02   3.3393686171621084e-03
   1.1300000000000000e+02   3.0917681287974119e-03
   1.1400000000000000e+02   2.8553092852234840e-03
   1.1500000000000000e+02   2.6325855869799852e-03
   1.1600000000000000e+02   2.4451424833387136e-03
   1.1700000000000000e+02   2.3394948802888393e-03
   1.1800000000000000e+02   2.3404860403388739e-03
   1.1900000000000000e+02   2.4675489403307438e-03
   1.2000000000000000e+02   2.7447817847132683e-03
   1.2100000000000000e+02   3.1669395975768566e-03
   1.2200000000000000e+02   3.7446920759975910e-03
   1.2300000000000000e+02   4.4647185131907463e-03
   1.2400000000000000e+02   5.3106644190847874e-03
   1.2500000000000000e+02   6.2341052107512951e-03
   1.2600000000000000e+02   7.1960720233619213e-03
   1.2700000000000000e+02   8.1649469211697578e-03
   1.2800000000000000e+02   9.1311149299144745e-03
   1.2900000000000000e+02   1.0093366727232933e-02
   1.3000000000000000e+02   1.1026220396161079e-02
   1.3100000000000000e+02   1.1901704594492912e-02
   1.3200000000000000e+02   1.2716254219412804e-02
   1.3300000000000000e+02   1.3464996591210365e-02
   1.3400000000000000e+02   1.4158702455461025e-02
   1.3500000000000000e+02   1.4791541732847691e-02
   1.3600000000000000e+02   1.5376026742160320e-02
   1.3700000000000000e+02   1.5870135277509689e-02
   1.3800000000000000e+02   1.6248669475317001e-02
   1.3900000000000000e+02   1.6488920897245407e-02
   1.4000000000000000e+02   1.6611574217677116e-02
   1.4100000000000000e+02   1.6630461439490318e-02
   1.4200000000000000e+02   1.6556490212678909e-02
   1.4300000000000000e+02   1.6389064490795135e-02
   1.4400000000000000e+02   1.6139991581439972e-02
   1.4500000000000000e+02   1.5843760222196579e-02
   1.4600000000000000e+02   1.5535528771579266e-02
   1.4700000000000000e+02   1.5210486017167568e-02
   1.4800000000000000e+02   1.4875527471303940e-02
   1.4900000000000000e+02   1.4515719376504421e-02
   1.5000000000000000e+02   1.4117875136435032e-02
   1.5100000000000000e+02   1.3672693632543087e-02
   1.5200000000000000e+02   1.3212662190198898e-02
   1.5300000000000000e+02   1.2756860814988613e-02
   1.5400000000000000e+02   1.2338745407760143e-02
   1.5500000000000000e+02   1.1975818313658237e-02
   1.5600000000000000e+02   1.1686717160046101e-02
   1.5700000000000000e+02   1.1487418785691261e-02
   1.5800000000000000e+02   1.1387394741177559e-02
   1.5900000000000000e+02   1.1370408348739147e-02
   1.6000000000000000e+02   1.1417649686336517e-02
   1.6100000000000000e+02   1.1512926779687405e-02
   1.6200000000000000e+02   1.1645471677184105e-02
   1.6300000000000000e+02   1.1797468177974224e-02
   1.6400000000000000e+02   1.1953509412705898e-02
   1.6500000000000000e+02   1.2093187309801579e-02
   1.6600000000000000e+02   1.2198822572827339e-02
   1.6700000000000000e+02   1.2258090078830719e-02
   1.6800000000000000e+02   1.2279326096177101e-02
   1.6900000000000000e+02   1.2267213314771652e-02
   1.7000000000000000e+02   1.2231805361807346e-02
   1.7100000000000000e+02   1.2179188430309296e-02
   1.7200000000000000e+02   1.2122527696192265e-02
   1.7300000000000000e+02   1.2066729366779327e-02
   1.7400000000000000e+02   1.2016897089779377e-02
   1.7500000000000000e+02   1.1963745579123497e-02
   1.7600000000000000e+02   1.1894683353602886e-02
   1.7700000000000000e+02   1.1807936243712902e-02
   1.7800000000000000e+02   1.1715047061443329e-02
   1.7900000000000000e+02   1.1637187562882900e-02
   1.8000000000000000e+02   1.1604577302932739e-02
   1.8100000000000000e+02   1.1628200300037861e-02
   1.8200000000000000e+02   1.1704047210514545e-02
   1.8300000000000000e+02   1.1814071796834469e-02
   1.8400000000000000e+02   1.1949615553021431e-02
   1.8500000000000000e+02   1.2113886885344982e-02
   1.8600000000000000e+02   1.2325115501880646e-02
   1.8700000000000000e+02   1.2593244202435017e-02
   1.8800000000000000e+02   1.2922394089400768e-02
   1.8900000000000000e+02   1.3297553174197674e-02
   1.9000000000000000e+02   1.3693021610379219e-02
   1.9100000000000000e+02   1.4079489745199680e-02
   1.9200000000000000e+02   1.4437532983720303e-02
   1.9300000000000000e+02   1.4754624105989933e-02
   1.9400000000000000e+02   1.5038039535284042e-02
   1.9500000000000000e+02   1.5284283086657524e-02
   1.9600000000000000e+02   1.5494705177843571e-02
   1.9700000000000000e+02   1.5658039599657059e-02
   1.9800000000000000e+02   1.5765191987156868e-02
   1.9900000000000000e+02   1.5816353261470795e-02
   2.0000000000000000e+02   1.5827754512429237e-02
   2.0100000000000000e+02   1.5808487311005592e-02
   2.0200000000000000e+02   1.5774710103869438e-02
   2.0300000000000000e+02   1.5748532488942146e-02
   2.0400000000000000e+02   1.5771673992276192e-02
   2.0500000000000000e+02   1.5880389139056206e-02
   2.0600000000000000e+02   1.6109235584735870e-02
   2.0700000000000000e+02   1.6446560621261597e-02
   2.0800000000000000e+02   1.6857566311955452e-02
   2.0900000000000000e+02   1.7294984310865402e-02
   2.1000000000000000e+02   1.7731605097651482e-02
   2.1100000000000000e+02   1.8161995336413383e-02
   2.1200000000000000e+02   1.8597487360239029e-02
   2.1300000000000000e+02   1.9036138430237770e-02
   2.1400000000000000e+02   1.9453162327408791e-02
   2.1500000000000000e+02   1.9805705174803734e-02
   2.1600000000000000e+02   2.0054038614034653e-02
   2.1700000000000000e+02   2.0152175799012184e-02
   2.1800000000000000e+02   2.0066376775503159e-02
   2.1900000000000000e+02   1.9772559404373169e-02
   2.2000000000000000e+02   1.9277818500995636e-02
   2.2100000000000000e+02   1.8606575205922127e-02
   2.2200000000000000e+02   1.7810000106692314e-02
   2.2300000000000000e+02   1.6946475952863693e-02
   2.2400000000000000e+02   1.6049822792410851e-02
   2.2500000000000000e+02   1.5134742483496666e-02
   2.2600000000000000e+02   1.4195687137544155e-02
   2.2700000000000000e+02   1.3236014172434807e-02
   2.2800000000000000e+02   1.2277730740606785e-02
   2.2900000000000000e+02   1.1350455693900585e-02
   2.3000000000000000e+02   1.0478468611836433e-02
   2.3100000000000000e+02   9.6730235964059830e-03
   2.3200000000000000e+02   8.9523792266845703e-03
   2.3300000000000000e+02   8.3229849115014076e-03
   2.3400000000000000e+02   7.7830920927226543e-03
   2.3500000000000000e+02   7.3292073793709278e-03
   2.3600000000000000e+02   6.9497525691986084e-03
   2.3700000000000000e+02   6.6338768228888512e-03
   2.3800000000000000e+02   6.3706678338348866e-03
   2.3900000000000000e+02   6.1525837518274784e-03
   2.4000000000000000e+02   5.9724682942032814e-03
   2.4100000000000000e+02   5.8277272619307041e-03
   2.4200000000000000e+02   5.7155620306730270e-03
   2.4300000000000000e+02   5.6308903731405735e-03
   2.4400000000000000e+02   5.5706105194985867e-03
   2.4500000000000000e+02   5.5278833024203777e-03
   2.4600000000000000e+02   5.5011059157550335e-03
   2.4700000000000000e+02   5.4863248951733112e-03
   2.4800000000000000e+02   5.4814931936562061e-03
   2.4900000000000000e+02   5.4858443327248096e-03
   2.5000000000000000e+02   5.4997722618281841e-03
   2.5100000000000000e+02   5.5220862850546837e-03
   2.5200000000000000e+02   5.5495016276836395e-03
   2.5300000000000000e+02   5.5749951861798763e-03
   2.5400000000000000e+02   5.5970372632145882e-03
   2.5500000000000000e+02   5.6186215952038765e-03
   2.5600000000000000e+02   5.6510488502681255e-03
   2.5700000000000000e+02   5.7029286399483681e-03
   2.5800000000000000e+02   5.7830456644296646e-03
   2.5900000000000000e+02   5.8943419717252254e-03
   2.6000000000000000e+02   6.0399044305086136e-03
   2.6100000000000000e+02   6.2222778797149658e-03
   2.6200000000000000e+02   6.4458539709448814e-03
   2.6300000000000000e+02   6.7205601371824741e-03
   2.6400000000000000e+02   7.0604998618364334e-03
   2.6500000000000000e+02   7.4748136103153229e-03
   2.6600000000000000e+02   7.9604694619774818e-03
   2.6700000000000000e+02   8.5067432373762131e-03
   2.6800000000000000e+02   9.1111101210117340e-03
   2.6900000000000000e+02   9.7723314538598061e-03
   2.7000000000000000e+02   1.0496250353753567e-02
   2.7100000000000000e+02   1.1277784593403339e-02
   2.7200000000000000e+02   1.2105417437851429e-02
   2.7300000000000000e+02   1.2956659309566021e-02
   2.7400000000000000e+02   1.3815611600875854e-02
   2.7500000000000000e+02   1.4677483588457108e-02
   2.7600000000000000e+02   1.5564324334263802e-02
   2.7700000000000000e+02   1.6487553715705872e-02
   2.7800000000000000e+02   1.7426202073693275e-02
   2.7900000000000000e+02   1.8322654068470001e-02
   2.8000000000000000e+02   1.9093316048383713e-02
   2.8100000000000000e+02   1.9658517092466354e-02
   2.8200000000000000e+02   1.9981810823082924e-02
   2.8300000000000000e+02   2.0060133188962936e-02
   2.8400000000000000e+02   1.9920915365219116e-02
   2.8500000000000000e+02   1.9594110548496246e-02
   2.8600000000000000e+02   1.9116675481200218e-02
   2.8700000000000000e+02   1.8517060205340385e-02
   2.8800000000000000e+02   1.7852813005447388e-02
   2.8900000000000000e+02   1.7171042039990425e-02
   2.9000000000000000e+02   1.6506286337971687e-02
   2.9100000000000000e+02   1.5855498611927032e-02
   2.9200000000000000e+02   1.5197842381894588e-02
   2.9300000000000000e+02   1.4508320018649101e-02
   2.9400000000000000e+02   1.3785149902105331e-02
   2.9500000000000000e+02   1.3068604283034801e-02
   2.9600000000000000e+02   1.2445702217519283e-02
   2.9700000000000000e+02   1.1954746209084988e-02
   2.9800000000000000e+02   1.1610667221248150e-02
   2.9900000000000000e+02   1.1383122764527798e-02
   3.0000000000000000e+02   1.1237367056310177e-02
