   1.0000000000000000e+00   4.1601958218961954e-04
   2.0000000000000000e+00   4.1559376404620707e-04
   3.0000000000000000e+00   4.1409611003473401e-04
   4.0000000000000000e+00   4.1148526361212134e-04
   5.0000000000000000e+00   4.0864699985831976e-04
   6.0000000000000000e+00   4.0708421147428453e-04
   7.0000000000000000e+00   4.0823483141139150e-04
   8.0000000000000000e+00   4.1233931551687419e-04
   9.0000000000000000e+00   4.1810679249465466e-04
   1.0000000000000000e+01   4.2416059295646846e-04
   1.1000000000000000e+01   4.2833382030948997e-04
   1.2000000000000000e+01   4.3020569137297571e-04
   1.3000000000000000e+01   4.3072222615592182e-04
   1.4000000000000000e+01   4.3187322444282472e-04
   1.5000000000000000e+01   4.3423840543255210e-04
   1.6000000000000000e+01   4.3685708078555763e-04
   1.7000000000000000e+01   4.3806567555293441e-04
   1.8000000000000000e+01   4.3703347910195589e-04
   1.9000000000000000e+01   4.3406570330262184e-04
   2.0000000000000000e+01   4.2945519089698792e-04
   2.1000000000000000e+01   4.2388954898342490e-04
   2.2000000000000000e+01   4.1862810030579567e-04
   2.3000000000000000e+01   4.1455574682913721e-04
   2.4000000000000000e+01   4.1153238271363080e-04
   2.5000000000000000e+01   4.0927060763351619e-04
   2.6000000000000000e+01   4.0702969999983907e-04
   2.7000000000000000e+01   4.0459632873535156e-04
   2.8000000000000000e+01   4.0164019446820021e-04
   2.9000000000000000e+01   3.9761429070495069e-04
   3.0000000000000000e+01   3.9335348992608488e-04
   3.1000000000000000e+01   3.9106266922317445e-04
   3.2000000000000000e+01   3.9395142812281847e-04
   3.3000000000000000e+01   4.0527066448703408e-04
   3.4000000000000000e+01   4.2526086326688528e-04
   3.5000000000000000e+01   4.5124822645448148e-04
   3.6000000000000000e+01   4.7733690007589757e-04
   3.7000000000000000e+01   5.0004589138552547e-04
   3.8000000000000000e+01   5.1836727652698755e-04
   3.9000000000000000e+01   5.3641566773876548e-04
   4.0000000000000000e+01   5.5859179701656103e-04
   4.1000000000000000e+01   5.8883160818368196e-04
   4.2000000000000000e+01   6.2933284789323807e-04
   4.3000000000000000e+01   6.7997182486578822e-04
   4.4000000000000000e+01   7.4035522993654013e-04
   4.5000000000000000e+01   8.1210996722802520e-04
   4.6000000000000000e+01   8.9787470642477274e-04
   4.7000000000000000e+01   9.9821342155337334e-04
   4.8000000000000000e+01   1.1116324458271265e-03
   4.9000000000000000e+01   1.2374072102829814e-03
   5.0000000000000000e+01   1.3761264272034168e-03
   5.1000000000000000e+01   1.5318182995542884e-03
   5.2000000000000000e+01   1.7064226558431983e-03
   5.3000000000000000e+01   1.8987141083925962e-03
   5.4000000000000000e+01   2.1030355710536242e-03
   5.5000000000000000e+01   2.3114797659218311e-03
   5.6000000000000000e+01   2.5160838849842548e-03
   5.7000000000000000e+01   2.7110418304800987e-03
   5.8000000000000000e+01   2.8951498679816723e-03
   5.9000000000000000e+01   3.0681570060551167e-03
   6.0000000000000000e+01   3.2274108380079269e-03
   6.1000000000000000e+01   3.3681595232337713e-03
   6.2000000000000000e+01   3.4869888331741095e-03
   6.3000000000000000e+01   3.5823313519358635e-03
   6.4000000000000000e+01   3.6549207288771868e-03
   6.5000000000000000e+01   3.7061006296426058e-03
   6.6000000000000000e+01   3.7371246144175529e-03
   6.7000000000000000e+01   3.7497768644243479e-03
   6.8000000000000000e+01   3.7465835921466351e-03
   6.9000000000000000e+01   3.7286686711013317e-03
   7.0000000000000000e+01   3.6984768230468035e-03
   7.1000000000000000e+01   3.6607764195650816e-03
   7.2000000000000000e+01   3.6195120774209499e-03
   7.3000000000000000e+01   3.5757324658334255e-03
   7.4000000000000000e+01   3.5293854307383299e-03
   7.5000000000000000e+01   3.4811177756637335e-03
   7.6000000000000000e+01   3.4335148520767689e-03
   7.7000000000000000e+01   3.3886150922626257e-03
   7.8000000000000000e+01   3.3474001102149487e-03
   7.9000000000000000e+01   3.3083285670727491e-03
   8.0000000000000000e+01   3.2696598209440708e-03
   8.1000000000000000e+01   3.2290774397552013e-03
   8.2000000000000000e+01   3.1837094575166702e-03
   8.3000000000000000e+01   3.1334348022937775e-03
   8.4000000000000000e+01   3.0810332391411066e-03
   8.5000000000000000e+01   3.0295171309262514e-03
   8.6000000000000000e+01   2.9785840306431055e-03
   8.7000000000000000e+01   2.9264951590448618e-03
   8.8000000000000000e+01   2.8718353714793921e-03
   8.9000000000000000e+01   2.8149255085736513e-03
   9.0000000000000000e+01   2.7570950333029032e-03
   9.1000000000000000e+01   2.6996389497071505e-03
   9.2000000000000000e+01   2.6436771731823683e-03
   9.3000000000000000e+01   2.5908998213708401e-03
   9.4000000000000000e+01   2.5425469502806664e-03
   9.5000000000000000e+01   2.4997638538479805e-03
   9.6000000000000000e+01   2.4620706681162119e-03
   9.7000000000000000e+01   2.4285290855914354e-03
   9.8000000000000000e+01   2.3965064901858568e-03
   9.9000000000000000e+01   2.3639372084289789e-03
   1.0000000000000000e+02   2.3296631406992674e-03
   1.0100000000000000e+02   2.2955005988478661e-03
   1.0200000000000000e+02   2.2641036193817854e-03
   1.0300000000000000e+02   2.2380102891474962e-03
   1.0400000000000000e+02   2.2182043176144361e-03
   1.0500000000000000e+02   2.2032645065337420e-03
   1.0600000000000000e+02   2.1905575413256884e-03
   1.0700000000000000e+02   2.1781753748655319e-03
   1.0800000000000000e+02   2.1647464018315077e-03
   1.0900000000000000e+02   2.1507807541638613e-03
   1.1000000000000000e+02   2.1376686636358500e-03
   1.1100000000000000e+02   2.1280313376337290e-03
   1.1200000000000000e+02   2.1238974295556545e-03
   1.1300000000000000e+02   2.1269172430038452e-03
   1.1400000000000000e+02   2.1366539876908064e-03
   1.1500000000000000e+02   2.1522277966141701e-03
   1.1600000000000000e+02   2.1721238736063242e-03
   1.1700000000000000e+02   2.1956139244139194e-03
   1.1800000000000000e+02   2.2225372958928347e-03
   1.1900000000000000e+02   2.2525493986904621e-03
   1.2000000000000000e+02   2.2857815492898226e-03
   1.2100000000000000e+02   2.3227964993566275e-03
   1.2200000000000000e+02   2.3650596849620342e-03
   1.2300000000000000e+02   2.4154793936759233e-03
   1.2400000000000000e+02   2.4776228237897158e-03
   1.2500000000000000e+02   2.5550106074661016e-03
   1.2600000000000000e+02   2.6499175000935793e-03
   1.2700000000000000e+02   2.7650909032672644e-03
   1.2800000000000000e+02   2.9021459631621838e-03
   1.2900000000000000e+02   3.0636135488748550e-03
   1.3000000000000000e+02   3.2516927458345890e-03
   1.3100000000000000e+02   3.4686180297285318e-03
   1.3200000000000000e+02   3.7163612432777882e-03
   1.3300000000000000e+02   3.9967037737369537e-03
   1.3400000000000000e+02   4.3108314275741577e-03
   1.3500000000000000e+02   4.6596094034612179e-03
   1.3600000000000000e+02   5.0440249033272266e-03
   1.3700000000000000e+02   5.4652672260999680e-03
   1.3800000000000000e+02   5.9250127524137497e-03
   1.3900000000000000e+02   6.4250463619828224e-03
   1.4000000000000000e+02   6.9674514234066010e-03
   1.4100000000000000e+02   7.5560761615633965e-03
   1.4200000000000000e+02   8.1902239471673965e-03
   1.4300000000000000e+02   8.8674724102020264e-03
   1.4400000000000000e+02   9.5830075442790985e-03
   1.4500000000000000e+02   1.0332197882235050e-02
   1.4600000000000000e+02   1.1107924394309521e-02
   1.4700000000000000e+02   1.1905778199434280e-02
   1.4800000000000000e+02   1.2722630985081196e-02
   1.4900000000000000e+02   1.3558772392570972e-02
   1.5000000000000000e+02   1.4416213147342205e-02
   1.5100000000000000e+02   1.5295052900910378e-02
   1.5200000000000000e+02   1.6193123534321785e-02
   1.5300000000000000e+02   1.7106359824538231e-02
   1.5400000000000000e+02   1.8028728663921356e-02
   1.5500000000000000e+02   1.8954323604702950e-02
   1.5600000000000000e+02   1.9875662401318550e-02
   1.5700000000000000e+02   2.0791811868548393e-02
   1.5800000000000000e+02   2.1701322868466377e-02
   1.5900000000000000e+02   2.2604666650295258e-02
   1.6000000000000000e+02   2.3499047383666039e-02
   1.6100000000000000e+02   2.4381762370467186e-02
   1.6200000000000000e+02   2.5249408558011055e-02
   1.6300000000000000e+02   2.6104746386408806e-02
   1.6400000000000000e+02   2.6951774954795837e-02
   1.6500000000000000e+02   2.7795590460300446e-02
   1.6600000000000000e+02   2.8639227151870728e-02
   1.6700000000000000e+02   2.9484830796718597e-02
   1.6800000000000000e+02   3.0331283807754517e-02
   1.6900000000000000e+02   3.1179172918200493e-02
   1.7000000000000000e+02   3.2027825713157654e-02
   1.7100000000000000e+02   3.2876476645469666e-02
   1.7200000000000000e+02   3.3721018582582474e-02
   1.7300000000000000e+02   3.4559752792119980e-02
   1.7400000000000000e+02   3.5393700003623962e-02
   1.7500000000000000e+02   3.6231700330972672e-02
   1.7600000000000000e+02   3.7083793431520462e-02
   1.7700000000000000e+02   3.7957403808832169e-02
   1.7800000000000000e+02   3.8848292082548141e-02
   1.7900000000000000e+02   3.9751376956701279e-02
   1.8000000000000000e+02   4.0659870952367783e-02
   1.8100000000000000e+02   4.1569098830223083e-02
   1.8200000000000000e+02   4.2476549744606018e-02
   1.8300000000000000e+02   4.3382853269577026e-02
   1.8400000000000000e+02   4.4288143515586853e-02
   1.8500000000000000e+02   4.5196674764156342e-02
   1.8600000000000000e+02   4.6112798154354095e-02
   1.8700000000000000e+02   4.7042064368724823e-02
   1.8800000000000000e+02   4.7986578196287155e-02
   1.8900000000000000e+02   4.8943836241960526e-02
   1.9000000000000000e+02   4.9902588129043579e-02
   1.9100000000000000e+02   5.0856593996286392e-02
   1.9200000000000000e+02   5.1802251487970352e-02
   1.9300000000000000e+02   5.2737649530172348e-02
   1.9400000000000000e+02   5.3659960627555847e-02
   1.9500000000000000e+02   5.4568573832511902e-02
   1.9600000000000000e+02   5.5462107062339783e-02
   1.9700000000000000e+02   5.6344810873270035e-02
   1.9800000000000000e+02   5.7215705513954163e-02
   1.9900000000000000e+02   5.8073129504919052e-02
   2.0000000000000000e+02   5.8910470455884933e-02
   2.0100000000000000e+02   5.9725858271121979e-02
   2.0200000000000000e+02   6.0514725744724274e-02
   2.0300000000000000e+02   6.1274621635675430e-02
   2.0400000000000000e+02   6.2004763633012772e-02
   2.0500000000000000e+02   6.2705829739570618e-02
   2.0600000000000000e+02   6.3380308449268341e-02
   2.0700000000000000e+02   6.4032055437564850e-02
   2.0800000000000000e+02   6.4669802784919739e-02
   2.0900000000000000e+02   6.5304949879646301e-02
   2.1000000000000000e+02   6.5943263471126556e-02
   2.1100000000000000e+02   6.6587269306182861e-02
   2.1200000000000000e+02   6.7219145596027374e-02
   2.1300000000000000e+02   6.7826606333255768e-02
   2.1400000000000000e+02   6.8398319184780121e-02
   2.1500000000000000e+02   6.8932794034481049e-02
   2.1600000000000000e+02   6.9432020187377930e-02
   2.1700000000000000e+02   6.9898180663585663e-02
   2.1800000000000000e+02   7.0333920419216156e-02
   2.1900000000000000e+02   7.0740520954132080e-02
   2.2000000000000000e+02   7.1125604212284088e-02
   2.2100000000000000e+02   7.1495577692985535e-02
   2.2200000000000000e+02   7.1854226291179657e-02
   2.2300000000000000e+02   7.2207748889923096e-02
   2.2400000000000000e+02   7.2548985481262207e-02
   2.2500000000000000e+02   7.2876058518886566e-02
   2.2600000000000000e+02   7.3183611035346985e-02
   2.2700000000000000e+02   7.3479965329170227e-02
   2.2800000000000000e+02   7.3768801987171173e-02
   2.2900000000000000e+02   7.4050903320312500e-02
   2.3000000000000000e+02   7.4320979416370392e-02
   2.3100000000000000e+02   7.4572578072547913e-02
   2.3200000000000000e+02   7.4810490012168884e-02
   2.3300000000000000e+02   7.5046099722385406e-02
   2.3400000000000000e+02   7.5288936495780945e-02
   2.3500000000000000e+02   7.5547121465206146e-02
   2.3600000000000000e+02   7.5813569128513336e-02
   2.3700000000000000e+02   7.6076351106166840e-02
   2.3800000000000000e+02   7.6310165226459503e-02
   2.3900000000000000e+02   7.6501280069351196e-02
   2.4000000000000000e+02   7.6637826859951019e-02
   2.4100000000000000e+02   7.6723031699657440e-02
   2.4200000000000000e+02   7.6767846941947937e-02
   2.4300000000000000e+02   7.6785601675510406e-02
   2.4400000000000000e+02   7.6789468526840210e-02
   2.4500000000000000e+02   7.6787449419498444e-02
   2.4600000000000000e+02   7.6779752969741821e-02
   2.4700000000000000e+02   7.6764926314353943e-02
   2.4800000000000000e+02   7.6737269759178162e-02
   2.4900000000000000e+02   7.6696723699569702e-02
   2.5000000000000000e+02   7.6635755598545074e-02
   2.5100000000000000e+02   7.6556086540222168e-02
   2.5200000000000000e+02   7.6459139585494995e-02
   2.5300000000000000e+02   7.6354227960109711e-02
   2.5400000000000000e+02   7.6248340308666229e-02
   2.5500000000000000e+02   7.6143458485603333e-02
   2.5600000000000000e+02   7.6038882136344910e-02
   2.5700000000000000e+02   7.5931057333946228e-02
   2.5800000000000000e+02   7.5824409723281860e-02
   2.5900000000000000e+02   7.5728654861450195e-02
   2.6000000000000000e+02   7.5652308762073517e-02
   2.6100000000000000e+02   7.5600221753120422e-02
   2.6200000000000000e+02   7.5562305748462677e-02
   2.6300000000000000e+02   7.5523823499679565e-02
   2.6400000000000000e+02   7.5467921793460846e-02
   2.6500000000000000e+02   7.5391046702861786e-02
   2.6600000000000000e+02   7.5294524431228638e-02
   2.6700000000000000e+02   7.5182847678661346e-02
   2.6800000000000000e+02   7.5058080255985260e-02
   2.6900000000000000e+02   7.4923910200595856e-02
   2.7000000000000000e+02   7.4785441160202026e-02
   2.7100000000000000e+02   7.4648849666118622e-02
   2.7200000000000000e+02   7.4517183005809784e-02
   2.7300000000000000e+02   7.4385792016983032e-02
   2.7400000000000000e+02   7.4244551360607147e-02
   2.7500000000000000e+02   7.4086420238018036e-02
   2.7600000000000000e+02   7.3905937373638153e-02
   2.7700000000000000e+02   7.3706015944480896e-02
   2.7800000000000000e+02   7.3493495583534241e-02
   2.7900000000000000e+02   7.3280319571495056e-02
   2.8000000000000000e+02   7.3069036006927490e-02
   2.8100000000000000e+02   7.2864778339862823e-02
   2.8200000000000000e+02   7.2671979665756226e-02
   2.8300000000000000e+02   7.2496771812438965e-02
   2.8400000000000000e+02   7.2337366640567780e-02
   2.8500000000000000e+02   7.2192259132862091e-02
   2.8600000000000000e+02   7.2052210569381714e-02
   2.8700000000000000e+02   7.1908913552761078e-02
   2.8800000000000000e+02   7.1754962205886841e-02
   2.8900000000000000e+02   7.1588367223739624e-02
   2.9000000000000000e+02   7.1408949792385101e-02
   2.9100000000000000e+02   7.1226507425308228e-02
   2.9200000000000000e+02   7.1050748229026794e-02
   2.9300000000000000e+02   7.0893265306949615e-02
   2.9400000000000000e+02   7.0757716894149780e-02
   2.9500000000000000e+02   7.0646345615386963e-02
   2.9600000000000000e+02   7.0553794503211975e-02
   2.9700000000000000e+02   7.0471055805683136e-02
   2.9800000000000000e+02   7.0394456386566162e-02
   2.9900000000000000e+02   7.0325791835784912e-02
   3.0000000000000000e+02   7.0265360176563263e-02
