   1.0000000000000000e+00   1.2866938777733594e-04
   2.0000000000000000e+00   1.2477747804950923e-04
   3.0000000000000000e+00   1.3153406325727701e-04
   4.0000000000000000e+00   1.2830873311031610e-04
   5.0000000000000000e+00   1.2226212129462510e-04
   6.0000000000000000e+00   1.1935543443541974e-04
   7.0000000000000000e+00   1.2496732233557850e-04
   8.0000000000000000e+00   1.2439607235137373e-04
   9.0000000000000000e+00   1.2653927842620760e-04
   1.0000000000000000e+01   1.3388261140789837e-04
   1.1000000000000000e+01   1.3632416084874421e-04
   1.2000000000000000e+01   1.3828463852405548e-04
   1.3000000000000000e+01   1.2764468556270003e-04
   1.4000000000000000e+01   1.2946277274750173e-04
   1.5000000000000000e+01   1.4013127656653523e-04
   1.6000000000000000e+01   1.4002730313222855e-04
   1.7000000000000000e+01   1.4509836910292506e-04
   1.8000000000000000e+01   1.4372033183462918e-04
   1.9000000000000000e+01   1.4360404748003930e-04
   2.0000000000000000e+01   1.4540547272190452e-04
   2.1000000000000000e+01   1.4505871513392776e-04
   2.2000000000000000e+01   1.3821775792166591e-04
   2.3000000000000000e+01   1.3784556358586997e-04
   2.4000000000000000e+01   1.4325750817079097e-04
   2.5000000000000000e+01   1.4273653505370021e-04
   2.6000000000000000e+01   1.4043362170923501e-04
   2.7000000000000000e+01   1.3638194650411606e-04
   2.8000000000000000e+01   1.4473844203166664e-04
   2.9000000000000000e+01   1.4027042197994888e-04
   3.0000000000000000e+01   1.4460684906225652e-04
   3.1000000000000000e+01   1.3857708836439997e-04
   3.2000000000000000e+01   1.3490942365024239e-04
   3.3000000000000000e+01   1.3249203038867563e-04
   3.4000000000000000e+01   1.3859785394743085e-04
   3.5000000000000000e+01   1.5531614189967513e-04
   3.6000000000000000e+01   1.7047461005859077e-04
   3.7000000000000000e+01   1.7220205336343497e-04
   3.8000000000000000e+01   1.7576068057678640e-04
   3.9000000000000000e+01   1.7756399756763130e-04
   4.0000000000000000e+01   1.8532788089942187e-04
   4.1000000000000000e+01   1.9281884306110442e-04
   4.2000000000000000e+01   2.2818725847173482e-04
   4.3000000000000000e+01   2.4514089454896748e-04
   4.4000000000000000e+01   2.8981314972043037e-04
   4.5000000000000000e+01   3.1572778243571520e-04
   4.6000000000000000e+01   3.6635500146076083e-04
   4.7000000000000000e+01   4.4825111399404705e-04
   4.8000000000000000e+01   5.5185059318318963e-04
   4.9000000000000000e+01   6.5456348238512874e-04
   5.0000000000000000e+01   7.9034117516130209e-04
   5.1000000000000000e+01   9.4775896286591887e-04
   5.2000000000000000e+01   1.1338341282680631e-03
   5.3000000000000000e+01   1.3522257795557380e-03
   5.4000000000000000e+01   1.6312665538862348e-03
   5.5000000000000000e+01   1.9550344441086054e-03
   5.6000000000000000e+01   2.2794844117015600e-03
   5.7000000000000000e+01   2.5693050120025873e-03
   5.8000000000000000e+01   2.8902532067149878e-03
   5.9000000000000000e+01   3.2040185760706663e-03
   6.0000000000000000e+01   3.5862389486283064e-03
   6.1000000000000000e+01   3.9565465413033962e-03
   6.2000000000000000e+01   4.2652473784983158e-03
   6.3000000000000000e+01   4.5952168293297291e-03
   6.4000000000000000e+01   4.9528353847563267e-03
   6.5000000000000000e+01   5.2531003020703793e-03
   6.6000000000000000e+01   5.5185961537063122e-03
   6.7000000000000000e+01   5.7917521335184574e-03
   6.8000000000000000e+01   6.1272894963622093e-03
   6.9000000000000000e+01   6.4105922356247902e-03
   7.0000000000000000e+01   6.6140438430011272e-03
   7.1000000000000000e+01   6.8061305209994316e-03
   7.2000000000000000e+01   7.0460601709783077e-03
   7.3000000000000000e+01   7.3615731671452522e-03
   7.4000000000000000e+01   7.6452028006315231e-03
   7.5000000000000000e+01   7.9211210831999779e-03
   7.6000000000000000e+01   8.1603499129414558e-03
   7.7000000000000000e+01   8.5256230086088181e-03
   7.8000000000000000e+01   8.8597116991877556e-03
   7.9000000000000000e+01   9.1441152617335320e-03
   8.0000000000000000e+01   9.4891544431447983e-03
   8.1000000000000000e+01   9.8256301134824753e-03
   8.2000000000000000e+01   1.0089134797453880e-02
   8.3000000000000000e+01   1.0399690829217434e-02
   8.4000000000000000e+01   1.0686078108847141e-02
   8.5000000000000000e+01   1.1009012348949909e-02
   8.6000000000000000e+01   1.1491076089441776e-02
   8.7000000000000000e+01   1.1840627528727055e-02
   8.8000000000000000e+01   1.2129673734307289e-02
   8.9000000000000000e+01   1.2364522553980350e-02
   9.0000000000000000e+01   1.2623285874724388e-02
   9.1000000000000000e+01   1.2950694188475609e-02
   9.2000000000000000e+01   1.3212692923843861e-02
   9.3000000000000000e+01   1.3450276106595993e-02
   9.4000000000000000e+01   1.3723722659051418e-02
   9.5000000000000000e+01   1.4006348326802254e-02
   9.6000000000000000e+01   1.4328700490295887e-02
   9.7000000000000000e+01   1.4645085670053959e-02
   9.8000000000000000e+01   1.4820576645433903e-02
   9.9000000000000000e+01   1.5041070990264416e-02
   1.0000000000000000e+02   1.5296089462935925e-02
   1.0100000000000000e+02   1.5305797569453716e-02
   1.0200000000000000e+02   1.5482951886951923e-02
   1.0300000000000000e+02   1.5585335902869701e-02
   1.0400000000000000e+02   1.5781255438923836e-02
   1.0500000000000000e+02   1.5918714925646782e-02
   1.0600000000000000e+02   1.5994574874639511e-02
   1.0700000000000000e+02   1.6068937256932259e-02
   1.0800000000000000e+02   1.6136225312948227e-02
   1.0900000000000000e+02   1.6189917922019958e-02
   1.1000000000000000e+02   1.6178257763385773e-02
   1.1100000000000000e+02   1.6218736767768860e-02
   1.1200000000000000e+02   1.6269378364086151e-02
   1.1300000000000000e+02   1.6376411542296410e-02
   1.1400000000000000e+02   1.6475657001137733e-02
   1.1500000000000000e+02   1.6563368961215019e-02
   1.1600000000000000e+02   1.6749143600463867e-02
   1.1700000000000000e+02   1.6897777095437050e-02
   1.1800000000000000e+02   1.7145041376352310e-02
   1.1900000000000000e+02   1.7271377146244049e-02
   1.2000000000000000e+02   1.7510496079921722e-02
   1.2100000000000000e+02   1.7667200416326523e-02
   1.2200000000000000e+02   1.7859179526567459e-02
   1.2300000000000000e+02   1.8164770677685738e-02
   1.2400000000000000e+02   1.8413569778203964e-02
   1.2500000000000000e+02   1.8747059628367424e-02
   1.2600000000000000e+02   1.9066167995333672e-02
   1.2700000000000000e+02   1.9464313983917236e-02
   1.2800000000000000e+02   1.9916491582989693e-02
   1.2900000000000000e+02   2.0385678857564926e-02
   1.3000000000000000e+02   2.0945964381098747e-02
   1.3100000000000000e+02   2.1490255370736122e-02
   1.3200000000000000e+02   2.2108661010861397e-02
   1.3300000000000000e+02   2.2755635902285576e-02
   1.3400000000000000e+02   2.3548481985926628e-02
   1.3500000000000000e+02   2.4307800456881523e-02
   1.3600000000000000e+02   2.5297576561570168e-02
   1.3700000000000000e+02   2.6326304301619530e-02
   1.3800000000000000e+02   2.7321092784404755e-02
   1.3900000000000000e+02   2.8449455276131630e-02
   1.4000000000000000e+02   2.9617654159665108e-02
   1.4100000000000000e+02   3.0751982703804970e-02
   1.4200000000000000e+02   3.1989056617021561e-02
   1.4300000000000000e+02   3.3166624605655670e-02
   1.4400000000000000e+02   3.4389212727546692e-02
   1.4500000000000000e+02   3.5468682646751404e-02
   1.4600000000000000e+02   3.6714434623718262e-02
   1.4700000000000000e+02   3.7906900048255920e-02
   1.4800000000000000e+02   3.9095230400562286e-02
   1.4900000000000000e+02   4.0245987474918365e-02
   1.5000000000000000e+02   4.1583310812711716e-02
   1.5100000000000000e+02   4.2754542082548141e-02
   1.5200000000000000e+02   4.3934445828199387e-02
   1.5300000000000000e+02   4.5112952589988708e-02
   1.5400000000000000e+02   4.6323597431182861e-02
   1.5500000000000000e+02   4.7506809234619141e-02
   1.5600000000000000e+02   4.8567950725555420e-02
   1.5700000000000000e+02   4.9550633877515793e-02
   1.5800000000000000e+02   5.0539936870336533e-02
   1.5900000000000000e+02   5.1490209996700287e-02
   1.6000000000000000e+02   5.2505075931549072e-02
   1.6100000000000000e+02   5.3629063069820404e-02
   1.6200000000000000e+02   5.4641041904687881e-02
   1.6300000000000000e+02   5.5526342242956161e-02
   1.6400000000000000e+02   5.6462213397026062e-02
   1.6500000000000000e+02   5.7173777371644974e-02
   1.6600000000000000e+02   5.7953499257564545e-02
   1.6700000000000000e+02   5.8749075978994370e-02
   1.6800000000000000e+02   5.9600006788969040e-02
   1.6900000000000000e+02   6.0280904173851013e-02
   1.7000000000000000e+02   6.0816846787929535e-02
   1.7100000000000000e+02   6.1581883579492569e-02
   1.7200000000000000e+02   6.2439445406198502e-02
   1.7300000000000000e+02   6.3208952546119690e-02
   1.7400000000000000e+02   6.3965186476707458e-02
   1.7500000000000000e+02   6.4699962735176086e-02
   1.7600000000000000e+02   6.5440513193607330e-02
   1.7700000000000000e+02   6.5986074507236481e-02
   1.7800000000000000e+02   6.6615328192710876e-02
   1.7900000000000000e+02   6.7248515784740448e-02
   1.8000000000000000e+02   6.7802377045154572e-02
   1.8100000000000000e+02   6.8371154367923737e-02
   1.8200000000000000e+02   6.8759351968765259e-02
   1.8300000000000000e+02   6.9206334650516510e-02
   1.8400000000000000e+02   6.9486051797866821e-02
   1.8500000000000000e+02   6.9947607815265656e-02
   1.8600000000000000e+02   7.0402838289737701e-02
   1.8700000000000000e+02   7.0517845451831818e-02
   1.8800000000000000e+02   7.0620313286781311e-02
   1.8900000000000000e+02   7.0772655308246613e-02
   1.9000000000000000e+02   7.0965036749839783e-02
   1.9100000000000000e+02   7.0821538567543030e-02
   1.9200000000000000e+02   7.1042925119400024e-02
   1.9300000000000000e+02   7.1260549128055573e-02
   1.9400000000000000e+02   7.1367710828781128e-02
   1.9500000000000000e+02   7.1344852447509766e-02
   1.9600000000000000e+02   7.1324057877063751e-02
   1.9700000000000000e+02   7.1251221001148224e-02
   1.9800000000000000e+02   7.1227572858333588e-02
   1.9900000000000000e+02   7.1376569569110870e-02
   2.0000000000000000e+02   7.1484014391899109e-02
   2.0100000000000000e+02   7.1285821497440338e-02
   2.0200000000000000e+02   7.1283034980297089e-02
   2.0300000000000000e+02   7.1411125361919403e-02
   2.0400000000000000e+02   7.1346491575241089e-02
   2.0500000000000000e+02   7.1173913776874542e-02
   2.0600000000000000e+02   7.1101449429988861e-02
   2.0700000000000000e+02   7.0711366832256317e-02
   2.0800000000000000e+02   7.0237122476100922e-02
   2.0900000000000000e+02   6.9839209318161011e-02
   2.1000000000000000e+02   6.9608591496944427e-02
   2.1100000000000000e+02   6.9445617496967316e-02
   2.1200000000000000e+02   6.9473579525947571e-02
   2.1300000000000000e+02   6.9080822169780731e-02
   2.1400000000000000e+02   6.8642996251583099e-02
   2.1500000000000000e+02   6.8097971379756927e-02
   2.1600000000000000e+02   6.7707970738410950e-02
   2.1700000000000000e+02   6.7318417131900787e-02
   2.1800000000000000e+02   6.6940300166606903e-02
   2.1900000000000000e+02   6.6555984318256378e-02
   2.2000000000000000e+02   6.6241458058357239e-02
   2.2100000000000000e+02   6.5921723842620850e-02
   2.2200000000000000e+02   6.5665625035762787e-02
   2.2300000000000000e+02   6.5494932234287262e-02
   2.2400000000000000e+02   6.5232299268245697e-02
   2.2500000000000000e+02   6.5070278942584991e-02
   2.2600000000000000e+02   6.4703516662120819e-02
   2.2700000000000000e+02   6.4028568565845490e-02
   2.2800000000000000e+02   6.3613638281822205e-02
   2.2900000000000000e+02   6.3203267753124237e-02
   2.3000000000000000e+02   6.2948592007160187e-02
   2.3100000000000000e+02   6.2622144818305969e-02
   2.3200000000000000e+02   6.2272205948829651e-02
   2.3300000000000000e+02   6.1815906316041946e-02
   2.3400000000000000e+02   6.1330474913120270e-02
   2.3500000000000000e+02   6.0879126191139221e-02
   2.3600000000000000e+02   6.0357987880706787e-02
   2.3700000000000000e+02   6.0057513415813446e-02
   2.3800000000000000e+02   5.9640835970640182e-02
   2.3900000000000000e+02   5.9371456503868103e-02
   2.4000000000000000e+02   5.9009611606597900e-02
   2.4100000000000000e+02   5.8535154908895493e-02
   2.4200000000000000e+02   5.8233838528394699e-02
   2.4300000000000000e+02   5.7972211390733719e-02
   2.4400000000000000e+02   5.7790245860815048e-02
   2.4500000000000000e+02   5.7392179965972900e-02
   2.4600000000000000e+02   5.6957807391881943e-02
   2.4700000000000000e+02   5.6736212223768234e-02
   2.4800000000000000e+02   5.6415665894746780e-02
   2.4900000000000000e+02   5.6124772876501083e-02
   2.5000000000000000e+02   5.5863954126834869e-02
   2.5100000000000000e+02   5.5681772530078888e-02
   2.5200000000000000e+02   5.5280432105064392e-02
   2.5300000000000000e+02   5.4925169795751572e-02
   2.5400000000000000e+02   5.4537337273359299e-02
   2.5500000000000000e+02   5.4102245718240738e-02
   2.5600000000000000e+02   5.3993169218301773e-02
   2.5700000000000000e+02   5.3666822612285614e-02
   2.5800000000000000e+02   5.3380873054265976e-02
   2.5900000000000000e+02   5.2905272692441940e-02
   2.6000000000000000e+02   5.2498146891593933e-02
   2.6100000000000000e+02   5.2228163927793503e-02
   2.6200000000000000e+02   5.1792480051517487e-02
   2.6300000000000000e+02   5.1466085016727448e-02
   2.6400000000000000e+02   5.1096864044666290e-02
   2.6500000000000000e+02   5.0707947462797165e-02
   2.6600000000000000e+02   5.0261009484529495e-02
   2.6700000000000000e+02   4.9851242452859879e-02
   2.6800000000000000e+02   4.9552477896213531e-02
   2.6900000000000000e+02   4.9144208431243896e-02
   2.7000000000000000e+02   4.8701502382755280e-02
   2.7100000000000000e+02   4.8272721469402313e-02
   2.7200000000000000e+02   4.7979831695556641e-02
   2.7300000000000000e+02   4.7504998743534088e-02
   2.7400000000000000e+02   4.7317862510681152e-02
   2.7500000000000000e+02   4.6962246298789978e-02
   2.7600000000000000e+02   4.6651881188154221e-02
   2.7700000000000000e+02   4.6293258666992188e-02
   2.7800000000000000e+02   4.5952316373586655e-02
   2.7900000000000000e+02   4.5812942087650299e-02
   2.8000000000000000e+02   4.5478038489818573e-02
   2.8100000000000000e+02   4.5236960053443909e-02
   2.8200000000000000e+02   4.4985722750425339e-02
   2.8300000000000000e+02   4.4650807976722717e-02
   2.8400000000000000e+02   4.4406782835721970e-02
   2.8500000000000000e+02   4.4117663055658340e-02
   2.8600000000000000e+02   4.3728414922952652e-02
   2.8700000000000000e+02   4.3558515608310699e-02
   2.8800000000000000e+02   4.3284289538860321e-02
   2.8900000000000000e+02   4.2965922504663467e-02
   2.9000000000000000e+02   4.2813658714294434e-02
   2.9100000000000000e+02   4.2739521712064743e-02
   2.9200000000000000e+02   4.2491879314184189e-02
   2.9300000000000000e+02   4.2286925017833710e-02
   2.9400000000000000e+02   4.2093988507986069e-02
   2.9500000000000000e+02   4.2019866406917572e-02
   2.9600000000000000e+02   4.1852023452520370e-02
   2.9700000000000000e+02   4.1797593235969543e-02
   2.9800000000000000e+02   4.1745185852050781e-02
   2.9900000000000000e+02   4.1623432189226151e-02
   3.0000000000000000e+02   4.1656985878944397e-02
