   1.0000000000000000e+00   3.1434250995516777e-03
   2.0000000000000000e+00   2.9744252096861601e-03
   3.0000000000000000e+00   2.8220897074788809e-03
   4.0000000000000000e+00   2.6506499852985144e-03
   5.0000000000000000e+00   2.5010688696056604e-03
   6.0000000000000000e+00   2.3624794557690620e-03
   7.0000000000000000e+00   2.2649839520454407e-03
   8.0000000000000000e+00   2.1439369302242994e-03
   9.0000000000000000e+00   2.0179857965558767e-03
   1.0000000000000000e+01   1.8745712004601955e-03
   1.1000000000000000e+01   1.7488768789917231e-03
   1.2000000000000000e+01   1.6514931339770555e-03
   1.3000000000000000e+01   1.5571077819913626e-03
   1.4000000000000000e+01   1.4575335662811995e-03
   1.5000000000000000e+01   1.3853588607162237e-03
   1.6000000000000000e+01   1.3052255380898714e-03
   1.7000000000000000e+01   1.2357291998341680e-03
   1.8000000000000000e+01   1.1603863677009940e-03
   1.9000000000000000e+01   1.1038765078410506e-03
   2.0000000000000000e+01   1.0291987564414740e-03
   2.1000000000000000e+01   9.6559803932905197e-04
   2.2000000000000000e+01   9.0642768191173673e-04
   2.3000000000000000e+01   8.5783383110538125e-04
   2.4000000000000000e+01   8.0937152961269021e-04
   2.5000000000000000e+01   7.6800776878371835e-04
   2.6000000000000000e+01   7.2734442073851824e-04
   2.7000000000000000e+01   6.8627274595201015e-04
   2.8000000000000000e+01   6.3719099853187799e-04
   2.9000000000000000e+01   6.0937175294384360e-04
   3.0000000000000000e+01   5.5754190543666482e-04
   3.1000000000000000e+01   5.2129680989310145e-04
   3.2000000000000000e+01   4.8938760301098228e-04
   3.3000000000000000e+01   4.6345233567990363e-04
   3.4000000000000000e+01   4.4077943312004209e-04
   3.5000000000000000e+01   4.2815264896489680e-04
   3.6000000000000000e+01   4.1030539432540536e-04
   3.7000000000000000e+01   3.8286249036900699e-04
   3.8000000000000000e+01   3.5876306355930865e-04
   3.9000000000000000e+01   3.4609236172400415e-04
   4.0000000000000000e+01   3.2747301156632602e-04
   4.1000000000000000e+01   3.2114909845404327e-04
   4.2000000000000000e+01   3.0891489586792886e-04
   4.3000000000000000e+01   2.9992504278197885e-04
   4.4000000000000000e+01   2.8827326605096459e-04
   4.5000000000000000e+01   2.8157013002783060e-04
   4.6000000000000000e+01   2.8237272636033595e-04
   4.7000000000000000e+01   2.8358717099763453e-04
   4.8000000000000000e+01   2.8831450617872179e-04
   4.9000000000000000e+01   2.8245925204828382e-04
   5.0000000000000000e+01   2.7654875884763896e-04
   5.1000000000000000e+01   2.6917373179458082e-04
   5.2000000000000000e+01   2.6960633113048971e-04
   5.3000000000000000e+01   2.6853295275941491e-04
   5.4000000000000000e+01   2.6297321892343462e-04
   5.5000000000000000e+01   2.5919353356584907e-04
   5.6000000000000000e+01   2.4958036374300718e-04
   5.7000000000000000e+01   2.4976796703413129e-04
   5.8000000000000000e+01   2.4615542497485876e-04
   5.9000000000000000e+01   2.4207324895542115e-04
   6.0000000000000000e+01   2.3921552929095924e-04
   6.1000000000000000e+01   2.3197157133836299e-04
   6.2000000000000000e+01   2.2399587032850832e-04
   6.3000000000000000e+01   2.1678203484043479e-04
   6.4000000000000000e+01   2.1811189071740955e-04
   6.5000000000000000e+01   2.1218917390797287e-04
   6.6000000000000000e+01   2.1498087153304368e-04
   6.7000000000000000e+01   2.1222275972831994e-04
   6.8000000000000000e+01   2.1028149058111012e-04
   6.9000000000000000e+01   2.1170682157389820e-04
   7.0000000000000000e+01   2.1622102940455079e-04
   7.1000000000000000e+01   2.2009304666426033e-04
   7.2000000000000000e+01   2.1802987612318248e-04
   7.3000000000000000e+01   2.2145574621390551e-04
   7.4000000000000000e+01   2.2481853375211358e-04
   7.5000000000000000e+01   2.2959151829127222e-04
   7.6000000000000000e+01   2.2883835481479764e-04
   7.7000000000000000e+01   2.3571689962409437e-04
   7.8000000000000000e+01   2.4041546566877514e-04
   7.9000000000000000e+01   2.4152560217771679e-04
   8.0000000000000000e+01   2.4150089302565902e-04
   8.1000000000000000e+01   2.4764004047028720e-04
   8.2000000000000000e+01   2.4924788158386946e-04
   8.3000000000000000e+01   2.4604826467111707e-04
   8.4000000000000000e+01   2.4735732586123049e-04
   8.5000000000000000e+01   2.4582885089330375e-04
   8.6000000000000000e+01   2.4341981043107808e-04
   8.7000000000000000e+01   2.4296474293805659e-04
   8.8000000000000000e+01   2.4658060283400118e-04
   8.9000000000000000e+01   2.4160560860764235e-04
   9.0000000000000000e+01   2.3720055469311774e-04
   9.1000000000000000e+01   2.3718275770079345e-04
   9.2000000000000000e+01   2.3006860283203423e-04
   9.3000000000000000e+01   2.2411158715840429e-04
   9.4000000000000000e+01   2.2578828793484718e-04
   9.5000000000000000e+01   2.2465191432274878e-04
   9.6000000000000000e+01   2.1062322775833309e-04
   9.7000000000000000e+01   2.1606351947411895e-04
   9.8000000000000000e+01   2.1423555153887719e-04
   9.9000000000000000e+01   2.0933673658873886e-04
   1.0000000000000000e+02   2.0845451217610389e-04
   1.0100000000000000e+02   2.0378160115797073e-04
   1.0200000000000000e+02   2.1281455701682717e-04
   1.0300000000000000e+02   2.0857618073932827e-04
   1.0400000000000000e+02   2.1069264039397240e-04
   1.0500000000000000e+02   2.1382173872552812e-04
   1.0600000000000000e+02   2.1678813209291548e-04
   1.0700000000000000e+02   2.1971725800540298e-04
   1.0800000000000000e+02   2.1823057613801211e-04
   1.0900000000000000e+02   2.0897640206385404e-04
   1.1000000000000000e+02   2.1798469242639840e-04
   1.1100000000000000e+02   2.2701054695062339e-04
   1.1200000000000000e+02   2.2331647051032633e-04
   1.1300000000000000e+02   2.2907140373717993e-04
   1.1400000000000000e+02   2.3903518740553409e-04
   1.1500000000000000e+02   2.3588765179738402e-04
   1.1600000000000000e+02   2.4528318317607045e-04
   1.1700000000000000e+02   2.3912396864034235e-04
   1.1800000000000000e+02   2.4204404326155782e-04
   1.1900000000000000e+02   2.4271482834592462e-04
   1.2000000000000000e+02   2.4341224343515933e-04
   1.2100000000000000e+02   2.4406572629231960e-04
   1.2200000000000000e+02   2.4638688773848116e-04
   1.2300000000000000e+02   2.5307992473244667e-04
   1.2400000000000000e+02   4.6226024627685547e-02
   1.2500000000000000e+02   5.1871497184038162e-02
   1.2600000000000000e+02   5.7586837559938431e-02
   1.2700000000000000e+02   6.3372790813446045e-02
   1.2800000000000000e+02   6.9118447601795197e-02
   1.2900000000000000e+02   7.4759505689144135e-02
   1.3000000000000000e+02   8.0200612545013428e-02
   1.3100000000000000e+02   8.5495717823505402e-02
   1.3200000000000000e+02   9.5533959567546844e-02
   1.3300000000000000e+02   1.0573384910821915e-01
   1.3400000000000000e+02   1.1576067656278610e-01
   1.3500000000000000e+02   1.2543807923793793e-01
   1.3600000000000000e+02   1.3467064499855042e-01
   1.3700000000000000e+02   1.4322032034397125e-01
   1.3800000000000000e+02   1.5104065835475922e-01
   1.3900000000000000e+02   1.5823550522327423e-01
   1.4000000000000000e+02   1.6453807055950165e-01
   1.4100000000000000e+02   1.7006137967109680e-01
   1.4200000000000000e+02   1.7480254173278809e-01
   1.4300000000000000e+02   1.7874835431575775e-01
   1.4400000000000000e+02   1.8204016983509064e-01
   1.4500000000000000e+02   1.8472307920455933e-01
   1.4600000000000000e+02   1.8675614893436432e-01
   1.4700000000000000e+02   1.8821689486503601e-01
   1.4800000000000000e+02   1.8915931880474091e-01
   1.4900000000000000e+02   1.8960943818092346e-01
   1.5000000000000000e+02   1.8962229788303375e-01
   1.5100000000000000e+02   1.8931159377098083e-01
   1.5200000000000000e+02   1.8871816992759705e-01
   1.5300000000000000e+02   1.8796679377555847e-01
   1.5400000000000000e+02   1.8684935569763184e-01
   1.5500000000000000e+02   1.8560607731342316e-01
   1.5600000000000000e+02   1.8424491584300995e-01
   1.5700000000000000e+02   1.8263921141624451e-01
   1.5800000000000000e+02   1.8109425902366638e-01
   1.5900000000000000e+02   1.7925563454627991e-01
   1.6000000000000000e+02   1.7731453478336334e-01
   1.6100000000000000e+02   1.7527149617671967e-01
   1.6200000000000000e+02   1.7313726246356964e-01
   1.6300000000000000e+02   1.7090819776058197e-01
   1.6400000000000000e+02   1.6867953538894653e-01
   1.6500000000000000e+02   1.6640730202198029e-01
   1.6600000000000000e+02   1.6412992775440216e-01
   1.6700000000000000e+02   1.6180631518363953e-01
   1.6800000000000000e+02   1.5940101444721222e-01
   1.6900000000000000e+02   1.5705220401287079e-01
   1.7000000000000000e+02   1.5472282469272614e-01
   1.7100000000000000e+02   1.5233039855957031e-01
   1.7200000000000000e+02   1.5007774531841278e-01
   1.7300000000000000e+02   1.4761528372764587e-01
   1.7400000000000000e+02   1.4529331028461456e-01
   1.7500000000000000e+02   1.4291861653327942e-01
   1.7600000000000000e+02   1.4065124094486237e-01
   1.7700000000000000e+02   1.3832801580429077e-01
   1.7800000000000000e+02   1.3605691492557526e-01
   1.7900000000000000e+02   1.3370460271835327e-01
   1.8000000000000000e+02   1.3157957792282104e-01
   1.8100000000000000e+02   1.2940464913845062e-01
   1.8200000000000000e+02   1.2723205983638763e-01
   1.8300000000000000e+02   1.2499513477087021e-01
   1.8400000000000000e+02   1.2284701317548752e-01
   1.8500000000000000e+02   1.2068938463926315e-01
   1.8600000000000000e+02   1.1856856942176819e-01
   1.8700000000000000e+02   1.1638686060905457e-01
   1.8800000000000000e+02   1.1420606076717377e-01
   1.8900000000000000e+02   1.1211398243904114e-01
   1.9000000000000000e+02   1.1008940637111664e-01
   1.9100000000000000e+02   1.0783306509256363e-01
   1.9200000000000000e+02   1.0582325607538223e-01
   1.9300000000000000e+02   1.0375489294528961e-01
   1.9400000000000000e+02   1.0172856599092484e-01
   1.9500000000000000e+02   9.9661022424697876e-02
   1.9600000000000000e+02   9.7616821527481079e-02
   1.9700000000000000e+02   9.5615170896053314e-02
   1.9800000000000000e+02   9.3634240329265594e-02
   1.9900000000000000e+02   9.1632239520549774e-02
   2.0000000000000000e+02   8.9777275919914246e-02
   2.0100000000000000e+02   8.7920039892196655e-02
   2.0200000000000000e+02   8.6013443768024445e-02
   2.0300000000000000e+02   8.4323547780513763e-02
   2.0400000000000000e+02   8.2523465156555176e-02
   2.0500000000000000e+02   8.0750986933708191e-02
   2.0600000000000000e+02   7.9061627388000488e-02
   2.0700000000000000e+02   7.7235475182533264e-02
   2.0800000000000000e+02   7.5438424944877625e-02
   2.0900000000000000e+02   7.3690056800842285e-02
   2.1000000000000000e+02   7.1982391178607941e-02
   2.1100000000000000e+02   7.0366494357585907e-02
   2.1200000000000000e+02   6.8834014236927032e-02
   2.1300000000000000e+02   6.7351803183555603e-02
   2.1400000000000000e+02   6.5945453941822052e-02
   2.1500000000000000e+02   6.4471982419490814e-02
   2.1600000000000000e+02   6.3016101717948914e-02
   2.1700000000000000e+02   6.1656065285205841e-02
   2.1800000000000000e+02   6.0139790177345276e-02
   2.1900000000000000e+02   5.8815661817789078e-02
   2.2000000000000000e+02   5.7480599731206894e-02
   2.2100000000000000e+02   5.6303732097148895e-02
   2.2200000000000000e+02   5.5210310965776443e-02
   2.2300000000000000e+02   5.4156538099050522e-02
   2.2400000000000000e+02   5.3073648363351822e-02
   2.2500000000000000e+02   5.1943223923444748e-02
   2.2600000000000000e+02   5.0817880779504776e-02
   2.2700000000000000e+02   4.9605596810579300e-02
   2.2800000000000000e+02   4.8524882644414902e-02
   2.2900000000000000e+02   4.7422926872968674e-02
   2.3000000000000000e+02   4.6345777809619904e-02
   2.3100000000000000e+02   4.5281007885932922e-02
   2.3200000000000000e+02   4.4220793992280960e-02
   2.3300000000000000e+02   4.3273150920867920e-02
   2.3400000000000000e+02   4.2148329317569733e-02
   2.3500000000000000e+02   4.1061781346797943e-02
   2.3600000000000000e+02   4.0047071874141693e-02
   2.3700000000000000e+02   3.8987234234809875e-02
   2.3800000000000000e+02   3.7936765700578690e-02
   2.3900000000000000e+02   3.6987282335758209e-02
   2.4000000000000000e+02   3.5995010286569595e-02
   2.4100000000000000e+02   3.5019449889659882e-02
   2.4200000000000000e+02   3.4148294478654861e-02
   2.4300000000000000e+02   3.3219084143638611e-02
   2.4400000000000000e+02   3.2300155609846115e-02
   2.4500000000000000e+02   3.1334325671195984e-02
   2.4600000000000000e+02   3.0473489314317703e-02
   2.4700000000000000e+02   2.9599186033010483e-02
   2.4800000000000000e+02   2.8715480118989944e-02
   2.4900000000000000e+02   2.7923855930566788e-02
   2.5000000000000000e+02   2.7211301028728485e-02
   2.5100000000000000e+02   2.6356380432844162e-02
   2.5200000000000000e+02   2.5603231042623520e-02
   2.5300000000000000e+02   2.4878950789570808e-02
   2.5400000000000000e+02   2.4145655333995819e-02
   2.5500000000000000e+02   2.3474009707570076e-02
   2.5600000000000000e+02   2.2760685533285141e-02
   2.5700000000000000e+02   2.2082813084125519e-02
   2.5800000000000000e+02   2.1376255899667740e-02
   2.5900000000000000e+02   2.0647037774324417e-02
   2.6000000000000000e+02   1.9971797242760658e-02
   2.6100000000000000e+02   1.9284453243017197e-02
   2.6200000000000000e+02   1.8646607175469398e-02
   2.6300000000000000e+02   1.7999915406107903e-02
   2.6400000000000000e+02   1.7388558015227318e-02
   2.6500000000000000e+02   1.6709139570593834e-02
   2.6600000000000000e+02   1.6119802370667458e-02
   2.6700000000000000e+02   1.5507076866924763e-02
   2.6800000000000000e+02   1.4894417487084866e-02
   2.6900000000000000e+02   1.4296303503215313e-02
   2.7000000000000000e+02   1.3787041418254375e-02
   2.7100000000000000e+02   1.3244690373539925e-02
   2.7200000000000000e+02   1.2672946788370609e-02
   2.7300000000000000e+02   1.2173403985798359e-02
   2.7400000000000000e+02   1.1693057604134083e-02
   2.7500000000000000e+02   1.1244861409068108e-02
   2.7600000000000000e+02   1.0740908794105053e-02
   2.7700000000000000e+02   1.0269465856254101e-02
   2.7800000000000000e+02   9.8506724461913109e-03
   2.7900000000000000e+02   9.4203036278486252e-03
   2.8000000000000000e+02   9.0301604941487312e-03
   2.8100000000000000e+02   8.6519625037908554e-03
   2.8200000000000000e+02   8.2685444504022598e-03
   2.8300000000000000e+02   7.9178605228662491e-03
   2.8400000000000000e+02   7.5771058909595013e-03
   2.8500000000000000e+02   7.1474905125796795e-03
   2.8600000000000000e+02   6.7879646085202694e-03
   2.8700000000000000e+02   6.4401724375784397e-03
   2.8800000000000000e+02   6.0999151319265366e-03
   2.8900000000000000e+02   5.8065145276486874e-03
   2.9000000000000000e+02   5.5211284197866917e-03
   2.9100000000000000e+02   5.2747665904462337e-03
   2.9200000000000000e+02   5.0020343624055386e-03
   2.9300000000000000e+02   4.7384123317897320e-03
   2.9400000000000000e+02   4.4899038039147854e-03
   2.9500000000000000e+02   4.2814784683287144e-03
   2.9600000000000000e+02   4.0736622177064419e-03
   2.9700000000000000e+02   3.8587148301303387e-03
   2.9800000000000000e+02   3.6500249989330769e-03
   2.9900000000000000e+02   3.4584249369800091e-03
   3.0000000000000000e+02   3.2876834738999605e-03
