   1.0000000000000000e+00   3.2980695366859436e-02
   2.0000000000000000e+00   3.2858379185199738e-02
   3.0000000000000000e+00   3.2844617962837219e-02
   4.0000000000000000e+00   3.2628465443849564e-02
   5.0000000000000000e+00   3.2345961779356003e-02
   6.0000000000000000e+00   3.2250862568616867e-02
   7.0000000000000000e+00   3.1831294298171997e-02
   8.0000000000000000e+00   3.1477317214012146e-02
   9.0000000000000000e+00   3.1343735754489899e-02
   1.0000000000000000e+01   3.1315274536609650e-02
   1.1000000000000000e+01   3.0988447368144989e-02
   1.2000000000000000e+01   3.0725399032235146e-02
   1.3000000000000000e+01   3.0362570658326149e-02
   1.4000000000000000e+01   2.9947796836495399e-02
   1.5000000000000000e+01   2.9906971380114555e-02
   1.6000000000000000e+01   2.9553625732660294e-02
   1.7000000000000000e+01   2.9159637168049812e-02
   1.8000000000000000e+01   2.8722446411848068e-02
   1.9000000000000000e+01   2.8259146958589554e-02
   2.0000000000000000e+01   2.7858130633831024e-02
   2.1000000000000000e+01   2.7552096173167229e-02
   2.2000000000000000e+01   2.7361901476979256e-02
   2.3000000000000000e+01   2.7219530194997787e-02
   2.4000000000000000e+01   2.6935208588838577e-02
   2.5000000000000000e+01   2.6516215875744820e-02
   2.6000000000000000e+01   2.6363985612988472e-02
   2.7000000000000000e+01   2.6052720844745636e-02
   2.8000000000000000e+01   2.5771226733922958e-02
   2.9000000000000000e+01   2.5406032800674438e-02
   3.0000000000000000e+01   2.4849334731698036e-02
   3.1000000000000000e+01   2.4666646495461464e-02
   3.2000000000000000e+01   2.4399101734161377e-02
   3.3000000000000000e+01   2.4458581581711769e-02
   3.4000000000000000e+01   2.4224987253546715e-02
   3.5000000000000000e+01   2.3940812796354294e-02
   3.6000000000000000e+01   2.3472970351576805e-02
   3.7000000000000000e+01   2.3020558059215546e-02
   3.8000000000000000e+01   2.2633176296949387e-02
   3.9000000000000000e+01   2.2179683670401573e-02
   4.0000000000000000e+01   2.1836688742041588e-02
   4.1000000000000000e+01   2.1228071302175522e-02
   4.2000000000000000e+01   2.0830729976296425e-02
   4.3000000000000000e+01   2.0570667460560799e-02
   4.4000000000000000e+01   2.0390097051858902e-02
   4.5000000000000000e+01   2.0095938816666603e-02
   4.6000000000000000e+01   1.9716514274477959e-02
   4.7000000000000000e+01   1.9281076267361641e-02
   4.8000000000000000e+01   1.8754517659544945e-02
   4.9000000000000000e+01   1.8420146778225899e-02
   5.0000000000000000e+01   1.8046494573354721e-02
   5.1000000000000000e+01   1.7781194299459457e-02
   5.2000000000000000e+01   1.7456207424402237e-02
   5.3000000000000000e+01   1.7335448414087296e-02
   5.4000000000000000e+01   1.7232982441782951e-02
   5.5000000000000000e+01   1.7064349725842476e-02
   5.6000000000000000e+01   1.7080007120966911e-02
   5.7000000000000000e+01   1.6920138150453568e-02
   5.8000000000000000e+01   1.6616635024547577e-02
   5.9000000000000000e+01   1.6328595578670502e-02
   6.0000000000000000e+01   3.4825541079044342e-02
   6.1000000000000000e+01   3.3275842666625977e-02
   6.2000000000000000e+01   3.2006420195102692e-02
   6.3000000000000000e+01   3.0452383682131767e-02
   6.4000000000000000e+01   2.9308155179023743e-02
   6.5000000000000000e+01   2.8251610696315765e-02
   6.6000000000000000e+01   2.7472110465168953e-02
   6.7000000000000000e+01   2.6693409308791161e-02
   6.8000000000000000e+01   2.4670355021953583e-02
   6.9000000000000000e+01   2.2965570911765099e-02
   7.0000000000000000e+01   2.1273519843816757e-02
   7.1000000000000000e+01   1.9771952182054520e-02
   7.2000000000000000e+01   1.8166368827223778e-02
   7.3000000000000000e+01   1.7091857269406319e-02
   7.4000000000000000e+01   1.6405345872044563e-02
   7.5000000000000000e+01   1.5690399333834648e-02
   7.6000000000000000e+01   1.5204565599560738e-02
   7.7000000000000000e+01   1.4821763150393963e-02
   7.8000000000000000e+01   1.4647099189460278e-02
   7.9000000000000000e+01   1.4369210228323936e-02
   8.0000000000000000e+01   1.4135988429188728e-02
   8.1000000000000000e+01   1.3844740577042103e-02
   8.2000000000000000e+01   1.3631188310682774e-02
   8.3000000000000000e+01   1.3549165800213814e-02
   8.4000000000000000e+01   1.3505606912076473e-02
   8.5000000000000000e+01   1.3272055424749851e-02
   8.6000000000000000e+01   1.3083679601550102e-02
   8.7000000000000000e+01   1.3191897422075272e-02
   8.8000000000000000e+01   1.3025462627410889e-02
   8.9000000000000000e+01   1.3041304424405098e-02
   9.0000000000000000e+01   1.2923802249133587e-02
   9.1000000000000000e+01   1.2731525115668774e-02
   9.2000000000000000e+01   1.2608106248080730e-02
   9.3000000000000000e+01   1.2602832168340683e-02
   9.4000000000000000e+01   1.2828008271753788e-02
   9.5000000000000000e+01   1.2923715636134148e-02
   9.6000000000000000e+01   1.2911820784211159e-02
   9.7000000000000000e+01   1.2967301532626152e-02
   9.8000000000000000e+01   1.2947580777108669e-02
   9.9000000000000000e+01   1.2948575429618359e-02
   1.0000000000000000e+02   1.3177535496652126e-02
   1.0100000000000000e+02   1.3434075750410557e-02
   1.0200000000000000e+02   1.3859752565622330e-02
   1.0300000000000000e+02   1.4369552023708820e-02
   1.0400000000000000e+02   1.4740968123078346e-02
   1.0500000000000000e+02   1.5337685123085976e-02
   1.0600000000000000e+02   1.6344171017408371e-02
   1.0700000000000000e+02   1.7093135043978691e-02
   1.0800000000000000e+02   1.8096538260579109e-02
   1.0900000000000000e+02   1.8967425450682640e-02
   1.1000000000000000e+02   2.0038178190588951e-02
   1.1100000000000000e+02   2.1270606666803360e-02
   1.1200000000000000e+02   2.2479180246591568e-02
   1.1300000000000000e+02   2.3933170363306999e-02
   1.1400000000000000e+02   2.5353698059916496e-02
   1.1500000000000000e+02   2.6812139898538589e-02
   1.1600000000000000e+02   2.8350224718451500e-02
   1.1700000000000000e+02   2.9546478763222694e-02
   1.1800000000000000e+02   3.0839916318655014e-02
   1.1900000000000000e+02   3.2318033277988434e-02
   1.2000000000000000e+02   3.3873274922370911e-02
   1.2100000000000000e+02   3.5040076822042465e-02
   1.2200000000000000e+02   3.6344118416309357e-02
   1.2300000000000000e+02   3.7613105028867722e-02
   1.2400000000000000e+02   3.8788489997386932e-02
   1.2500000000000000e+02   3.9819575846195221e-02
   1.2600000000000000e+02   4.0866333991289139e-02
   1.2700000000000000e+02   4.2027819901704788e-02
   1.2800000000000000e+02   4.3251823633909225e-02
   1.2900000000000000e+02   4.4243589043617249e-02
   1.3000000000000000e+02   4.5150157064199448e-02
   1.3100000000000000e+02   4.6129230409860611e-02
   1.3200000000000000e+02   4.7554120421409607e-02
   1.3300000000000000e+02   4.8595905303955078e-02
   1.3400000000000000e+02   4.9552373588085175e-02
   1.3500000000000000e+02   5.0025083124637604e-02
   1.3600000000000000e+02   5.0933416932821274e-02
   1.3700000000000000e+02   5.1851470023393631e-02
   1.3800000000000000e+02   5.2512168884277344e-02
   1.3900000000000000e+02   5.3215228021144867e-02
   1.4000000000000000e+02   5.4163914173841476e-02
   1.4100000000000000e+02   5.4545257240533829e-02
   1.4200000000000000e+02   5.5201034992933273e-02
   1.4300000000000000e+02   5.5372238159179688e-02
   1.4400000000000000e+02   5.5846549570560455e-02
   1.4500000000000000e+02   5.6661691516637802e-02
   1.4600000000000000e+02   5.6634560227394104e-02
   1.4700000000000000e+02   5.6615598499774933e-02
   1.4800000000000000e+02   5.6673116981983185e-02
   1.4900000000000000e+02   5.6663498282432556e-02
   1.5000000000000000e+02   5.6992847472429276e-02
   1.5100000000000000e+02   5.6884646415710449e-02
   1.5200000000000000e+02   5.6612711399793625e-02
   1.5300000000000000e+02   5.6737340986728668e-02
   1.5400000000000000e+02   5.6582711637020111e-02
   1.5500000000000000e+02   5.6394327431917191e-02
   1.5600000000000000e+02   5.6419514119625092e-02
   1.5700000000000000e+02   5.5994298309087753e-02
   1.5800000000000000e+02   5.5807765573263168e-02
   1.5900000000000000e+02   5.5381689220666885e-02
   1.6000000000000000e+02   5.4381914436817169e-02
   1.6100000000000000e+02   5.4321050643920898e-02
   1.6200000000000000e+02   5.4130475968122482e-02
   1.6300000000000000e+02   5.3886033594608307e-02
   1.6400000000000000e+02   5.3673867136240005e-02
   1.6500000000000000e+02   5.3410138934850693e-02
   1.6600000000000000e+02   5.3197361528873444e-02
   1.6700000000000000e+02   5.2955720573663712e-02
   1.6800000000000000e+02   5.2294734865427017e-02
   1.6900000000000000e+02   5.1753297448158264e-02
   1.7000000000000000e+02   5.1331590861082077e-02
   1.7100000000000000e+02   5.0828579813241959e-02
   1.7200000000000000e+02   5.0812687724828720e-02
   1.7300000000000000e+02   5.0617016851902008e-02
   1.7400000000000000e+02   5.0422731786966324e-02
   1.7500000000000000e+02   5.0293993204832077e-02
   1.7600000000000000e+02   4.9913957715034485e-02
   1.7700000000000000e+02   4.9536999315023422e-02
   1.7800000000000000e+02   4.9151133745908737e-02
   1.7900000000000000e+02   4.8929467797279358e-02
   1.8000000000000000e+02   4.8437513411045074e-02
   1.8100000000000000e+02   4.7894790768623352e-02
   1.8200000000000000e+02   4.7618743032217026e-02
   1.8300000000000000e+02   4.7234334051609039e-02
   1.8400000000000000e+02   4.7044459730386734e-02
   1.8500000000000000e+02   4.7000892460346222e-02
   1.8600000000000000e+02   4.7021679580211639e-02
   1.8700000000000000e+02   4.6437840908765793e-02
   1.8800000000000000e+02   4.5909602195024490e-02
   1.8900000000000000e+02   4.5837048441171646e-02
   1.9000000000000000e+02   4.5760881155729294e-02
   1.9100000000000000e+02   4.5846085995435715e-02
   1.9200000000000000e+02   4.5764379203319550e-02
   1.9300000000000000e+02   4.5996487140655518e-02
   1.9400000000000000e+02   4.5663833618164062e-02
   1.9500000000000000e+02   4.5780051499605179e-02
   1.9600000000000000e+02   4.6105314046144485e-02
   1.9700000000000000e+02   4.6314336359500885e-02
   1.9800000000000000e+02   4.6668730676174164e-02
   1.9900000000000000e+02   4.6743001788854599e-02
   2.0000000000000000e+02   4.6862665563821793e-02
   2.0100000000000000e+02   4.7202154994010925e-02
   2.0200000000000000e+02   4.7883920371532440e-02
   2.0300000000000000e+02   4.8253200948238373e-02
   2.0400000000000000e+02   4.8119075596332550e-02
   2.0500000000000000e+02   4.8443973064422607e-02
   2.0600000000000000e+02   4.8270188271999359e-02
   2.0700000000000000e+02   4.8229895532131195e-02
   2.0800000000000000e+02   4.8098627477884293e-02
   2.0900000000000000e+02   4.8400856554508209e-02
   2.1000000000000000e+02   4.8423331230878830e-02
   2.1100000000000000e+02   4.8267822712659836e-02
   2.1200000000000000e+02   4.8247657716274261e-02
   2.1300000000000000e+02   4.8058975487947464e-02
   2.1400000000000000e+02   4.8222728073596954e-02
   2.1500000000000000e+02   4.7885850071907043e-02
   2.1600000000000000e+02   4.7572083771228790e-02
   2.1700000000000000e+02   4.7038529068231583e-02
   2.1800000000000000e+02   4.6570554375648499e-02
   2.1900000000000000e+02   4.6671483665704727e-02
   2.2000000000000000e+02   4.6278104186058044e-02
   2.2100000000000000e+02   4.6218752861022949e-02
   2.2200000000000000e+02   4.5919936150312424e-02
   2.2300000000000000e+02   4.5659873634576797e-02
   2.2400000000000000e+02   4.5194093137979507e-02
   2.2500000000000000e+02   4.4956527650356293e-02
   2.2600000000000000e+02   4.4779974967241287e-02
   2.2700000000000000e+02   4.4540662318468094e-02
   2.2800000000000000e+02   4.4325832277536392e-02
   2.2900000000000000e+02   4.4002272188663483e-02
   2.3000000000000000e+02   4.3639834970235825e-02
   2.3100000000000000e+02   4.3535634875297546e-02
   2.3200000000000000e+02   4.3374039232730865e-02
   2.3300000000000000e+02   4.3553955852985382e-02
   2.3400000000000000e+02   4.3076165020465851e-02
   2.3500000000000000e+02   4.2906131595373154e-02
   2.3600000000000000e+02   4.2592082172632217e-02
   2.3700000000000000e+02   4.2401500046253204e-02
   2.3800000000000000e+02   4.2313661426305771e-02
   2.3900000000000000e+02   4.2131099849939346e-02
   2.4000000000000000e+02   4.1933998465538025e-02
   2.4100000000000000e+02   4.1759807616472244e-02
   2.4200000000000000e+02   4.1576188057661057e-02
   2.4300000000000000e+02   4.1567604988813400e-02
   2.4400000000000000e+02   4.1428033262491226e-02
   2.4500000000000000e+02   4.1674040257930756e-02
   2.4600000000000000e+02   4.1277423501014709e-02
   2.4700000000000000e+02   4.1116058826446533e-02
   2.4800000000000000e+02   4.0736008435487747e-02
   2.4900000000000000e+02   4.0715437382459641e-02
   2.5000000000000000e+02   4.0635611861944199e-02
   2.5100000000000000e+02   4.0655411779880524e-02
   2.5200000000000000e+02   4.0763907134532928e-02
   2.5300000000000000e+02   4.0815744549036026e-02
   2.5400000000000000e+02   4.0843341499567032e-02
   2.5500000000000000e+02   4.0868319571018219e-02
   2.5600000000000000e+02   4.0719944983720779e-02
   2.5700000000000000e+02   4.0770672261714935e-02
   2.5800000000000000e+02   4.0643729269504547e-02
   2.5900000000000000e+02   4.0547754615545273e-02
   2.6000000000000000e+02   4.0158804506063461e-02
   2.6100000000000000e+02   4.0231451392173767e-02
   2.6200000000000000e+02   4.0125891566276550e-02
   2.6300000000000000e+02   4.0257640182971954e-02
   2.6400000000000000e+02   4.0262933820486069e-02
   2.6500000000000000e+02   4.0174640715122223e-02
   2.6600000000000000e+02   3.9947826415300369e-02
   2.6700000000000000e+02   3.9686944335699081e-02
   2.6800000000000000e+02   3.9275519549846649e-02
   2.6900000000000000e+02   3.8999628275632858e-02
   2.7000000000000000e+02   3.8899309933185577e-02
   2.7100000000000000e+02   3.8983825594186783e-02
   2.7200000000000000e+02   3.8595296442508698e-02
   2.7300000000000000e+02   3.8356769829988480e-02
   2.7400000000000000e+02   3.8235727697610855e-02
   2.7500000000000000e+02   3.8089331239461899e-02
   2.7600000000000000e+02   3.7728074938058853e-02
   2.7700000000000000e+02   3.7589944899082184e-02
   2.7800000000000000e+02   3.7440609186887741e-02
   2.7900000000000000e+02   3.7331342697143555e-02
   2.8000000000000000e+02   3.7275623530149460e-02
   2.8100000000000000e+02   3.7248432636260986e-02
   2.8200000000000000e+02   3.7103168666362762e-02
   2.8300000000000000e+02   3.6946192383766174e-02
   2.8400000000000000e+02   3.7076488137245178e-02
   2.8500000000000000e+02   3.6950912326574326e-02
   2.8600000000000000e+02   3.6566279828548431e-02
   2.8700000000000000e+02   3.6342084407806396e-02
   2.8800000000000000e+02   3.6022961139678955e-02
   2.8900000000000000e+02   3.5877048969268799e-02
   2.9000000000000000e+02   3.5760037600994110e-02
   2.9100000000000000e+02   3.5661499947309494e-02
   2.9200000000000000e+02   3.5589270293712616e-02
   2.9300000000000000e+02   3.5220373421907425e-02
   2.9400000000000000e+02   3.4835107624530792e-02
   2.9500000000000000e+02   3.4421842545270920e-02
   2.9600000000000000e+02   3.4210659563541412e-02
   2.9700000000000000e+02   3.4029625356197357e-02
   2.9800000000000000e+02   3.3941674977540970e-02
   2.9900000000000000e+02   3.3646956086158752e-02
   3.0000000000000000e+02   3.3223800361156464e-02
