   1.0000000000000000e+00   2.6975297369062901e-03
   2.0000000000000000e+00   2.6967162266373634e-03
   3.0000000000000000e+00   2.6892174500972033e-03
   4.0000000000000000e+00   2.6738874148577452e-03
   5.0000000000000000e+00   2.6545866858214140e-03
   6.0000000000000000e+00   2.6392971631139517e-03
   7.0000000000000000e+00   2.6359232142567635e-03
   8.0000000000000000e+00   2.6468310970813036e-03
   9.0000000000000000e+00   2.6656293775886297e-03
   1.0000000000000000e+01   2.6848192792385817e-03
   1.1000000000000000e+01   2.6930484455078840e-03
   1.2000000000000000e+01   2.6882106903940439e-03
   1.3000000000000000e+01   2.6758247986435890e-03
   1.4000000000000000e+01   2.6664931792765856e-03
   1.5000000000000000e+01   2.6636165566742420e-03
   1.6000000000000000e+01   2.6625879108905792e-03
   1.7000000000000000e+01   2.6555636432021856e-03
   1.8000000000000000e+01   2.6394068263471127e-03
   1.9000000000000000e+01   2.6164548471570015e-03
   2.0000000000000000e+01   2.5894832797348499e-03
   2.1000000000000000e+01   2.5615277700126171e-03
   2.2000000000000000e+01   2.5380232837051153e-03
   2.3000000000000000e+01   2.5220343377441168e-03
   2.4000000000000000e+01   2.5115460157394409e-03
   2.5000000000000000e+01   2.5037708692252636e-03
   2.6000000000000000e+01   2.4946134071797132e-03
   2.7000000000000000e+01   2.4824733845889568e-03
   2.8000000000000000e+01   2.4653847794979811e-03
   2.9000000000000000e+01   2.4412539787590504e-03
   3.0000000000000000e+01   2.4143799673765898e-03
   3.1000000000000000e+01   2.3954841308295727e-03
   3.2000000000000000e+01   2.3998348042368889e-03
   3.3000000000000000e+01   2.4411643389612436e-03
   3.4000000000000000e+01   2.5193234905600548e-03
   3.5000000000000000e+01   2.6217480190098286e-03
   3.6000000000000000e+01   2.7225096710026264e-03
   3.7000000000000000e+01   2.8053589630872011e-03
   3.8000000000000000e+01   2.8661373071372509e-03
   3.9000000000000000e+01   2.9218276031315327e-03
   4.0000000000000000e+01   2.9908013530075550e-03
   4.1000000000000000e+01   3.0894686933606863e-03
   4.2000000000000000e+01   3.2256406266242266e-03
   4.3000000000000000e+01   3.3954046666622162e-03
   4.4000000000000000e+01   3.5923670511692762e-03
   4.5000000000000000e+01   3.8161666598170996e-03
   4.6000000000000000e+01   4.0709995664656162e-03
   4.7000000000000000e+01   4.3559572659432888e-03
   4.8000000000000000e+01   4.6631232835352421e-03
   4.9000000000000000e+01   4.9884030595421791e-03
   5.0000000000000000e+01   5.3332368843257427e-03
   5.1000000000000000e+01   5.7122982107102871e-03
   5.2000000000000000e+01   6.1322250403463840e-03
   5.3000000000000000e+01   6.5891291014850140e-03
   5.4000000000000000e+01   7.0654223673045635e-03
   5.5000000000000000e+01   7.5365602970123291e-03
   5.6000000000000000e+01   7.9795708879828453e-03
   5.7000000000000000e+01   8.3798607811331749e-03
   5.8000000000000000e+01   8.7399268522858620e-03
   5.9000000000000000e+01   9.0670762583613396e-03
   6.0000000000000000e+01   9.3619590625166893e-03
   6.1000000000000000e+01   9.6173603087663651e-03
   6.2000000000000000e+01   9.8269535228610039e-03
   6.3000000000000000e+01   9.9895652383565903e-03
   6.4000000000000000e+01   1.0109527967870235e-02
   6.5000000000000000e+01   1.0192091576755047e-02
   6.6000000000000000e+01   1.0240935720503330e-02
   6.7000000000000000e+01   1.0259632952511311e-02
   6.8000000000000000e+01   1.0252401232719421e-02
   6.9000000000000000e+01   1.0218885727226734e-02
   7.0000000000000000e+01   1.0163643397390842e-02
   7.1000000000000000e+01   1.0096839629113674e-02
   7.2000000000000000e+01   1.0026250965893269e-02
   7.3000000000000000e+01   9.9511984735727310e-03
   7.4000000000000000e+01   9.8675265908241272e-03
   7.5000000000000000e+01   9.7721377387642860e-03
   7.6000000000000000e+01   9.6681844443082809e-03
   7.7000000000000000e+01   9.5591163262724876e-03
   7.8000000000000000e+01   9.4478018581867218e-03
   7.9000000000000000e+01   9.3317721039056778e-03
   8.0000000000000000e+01   9.2091299593448639e-03
   8.1000000000000000e+01   9.0766940265893936e-03
   8.2000000000000000e+01   8.9300433173775673e-03
   8.3000000000000000e+01   8.7715154513716698e-03
   8.4000000000000000e+01   8.6094941943883896e-03
   8.5000000000000000e+01   8.4515763446688652e-03
   8.6000000000000000e+01   8.2966247573494911e-03
   8.7000000000000000e+01   8.1396251916885376e-03
   8.8000000000000000e+01   7.9774288460612297e-03
   8.9000000000000000e+01   7.8113721683621407e-03
   9.0000000000000000e+01   7.6455171220004559e-03
   9.1000000000000000e+01   7.4832346290349960e-03
   9.2000000000000000e+01   7.3268716223537922e-03
   9.3000000000000000e+01   7.1801226586103439e-03
   9.4000000000000000e+01   7.0447628386318684e-03
   9.5000000000000000e+01   6.9219847209751606e-03
   9.6000000000000000e+01   6.8087652325630188e-03
   9.7000000000000000e+01   6.7023234441876411e-03
   9.8000000000000000e+01   6.5961275249719620e-03
   9.9000000000000000e+01   6.4863939769566059e-03
   1.0000000000000000e+02   6.3719558529555798e-03
   1.0100000000000000e+02   6.2594036571681499e-03
   1.0200000000000000e+02   6.1567258089780807e-03
   1.0300000000000000e+02   6.0703880153596401e-03
   1.0400000000000000e+02   6.0021742247045040e-03
   1.0500000000000000e+02   5.9480671770870686e-03
   1.0600000000000000e+02   5.9013310819864273e-03
   1.0700000000000000e+02   5.8574862778186798e-03
   1.0800000000000000e+02   5.8132656849920750e-03
   1.0900000000000000e+02   5.7707866653800011e-03
   1.1000000000000000e+02   5.7342569343745708e-03
   1.1100000000000000e+02   5.7106465101242065e-03
   1.1200000000000000e+02   5.7040872052311897e-03
   1.1300000000000000e+02   5.7170526124536991e-03
   1.1400000000000000e+02   5.7458928786218166e-03
   1.1500000000000000e+02   5.7860780507326126e-03
   1.1600000000000000e+02   5.8319410309195518e-03
   1.1700000000000000e+02   5.8811577036976814e-03
   1.1800000000000000e+02   5.9337001293897629e-03
   1.1900000000000000e+02   5.9892614372074604e-03
   1.2000000000000000e+02   6.0486048460006714e-03
   1.2100000000000000e+02   6.1133564449846745e-03
   1.2200000000000000e+02   6.1870063655078411e-03
   1.2300000000000000e+02   6.2758228741586208e-03
   1.2400000000000000e+02   6.3872784376144409e-03
   1.2500000000000000e+02   6.5283505246043205e-03
   1.2600000000000000e+02   6.7018200643360615e-03
   1.2700000000000000e+02   6.9111883640289307e-03
   1.2800000000000000e+02   7.1571180596947670e-03
   1.2900000000000000e+02   7.4425972998142242e-03
   1.3000000000000000e+02   7.7702593989670277e-03
   1.3100000000000000e+02   8.1431809812784195e-03
   1.3200000000000000e+02   8.5625965148210526e-03
   1.3300000000000000e+02   9.0291639789938927e-03
   1.3400000000000000e+02   9.5425099134445190e-03
   1.3500000000000000e+02   1.0102436877787113e-02
   1.3600000000000000e+02   1.0709524154663086e-02
   1.3700000000000000e+02   1.1364952661097050e-02
   1.3800000000000000e+02   1.2069472111761570e-02
   1.3900000000000000e+02   1.2822424061596394e-02
   1.4000000000000000e+02   1.3622736558318138e-02
   1.4100000000000000e+02   1.4473423361778259e-02
   1.4200000000000000e+02   1.5368290245532990e-02
   1.4300000000000000e+02   1.6300696879625320e-02
   1.4400000000000000e+02   1.7258640378713608e-02
   1.4500000000000000e+02   1.8234461545944214e-02
   1.4600000000000000e+02   1.9217904657125473e-02
   1.4700000000000000e+02   2.0205199718475342e-02
   1.4800000000000000e+02   2.1194307133555412e-02
   1.4900000000000000e+02   2.2186737507581711e-02
   1.5000000000000000e+02   2.3185404017567635e-02
   1.5100000000000000e+02   2.4187097325921059e-02
   1.5200000000000000e+02   2.5184836238622665e-02
   1.5300000000000000e+02   2.6167161762714386e-02
   1.5400000000000000e+02   2.7119865640997887e-02
   1.5500000000000000e+02   2.8032230213284492e-02
   1.5600000000000000e+02   2.8892565518617630e-02
   1.5700000000000000e+02   2.9704358428716660e-02
   1.5800000000000000e+02   3.0470671132206917e-02
   1.5900000000000000e+02   3.1203400343656540e-02
   1.6000000000000000e+02   3.1906429678201675e-02
   1.6100000000000000e+02   3.2581988722085953e-02
   1.6200000000000000e+02   3.3227488398551941e-02
   1.6300000000000000e+02   3.3843729645013809e-02
   1.6400000000000000e+02   3.4437894821166992e-02
   1.6500000000000000e+02   3.5019334405660629e-02
   1.6600000000000000e+02   3.5598456859588623e-02
   1.6700000000000000e+02   3.6182451993227005e-02
   1.6800000000000000e+02   3.6774177104234695e-02
   1.6900000000000000e+02   3.7377092987298965e-02
   1.7000000000000000e+02   3.7989221513271332e-02
   1.7100000000000000e+02   3.8614708930253983e-02
   1.7200000000000000e+02   3.9249517023563385e-02
   1.7300000000000000e+02   3.9890963584184647e-02
   1.7400000000000000e+02   4.0538180619478226e-02
   1.7500000000000000e+02   4.1197691112756729e-02
   1.7600000000000000e+02   4.1882354766130447e-02
   1.7700000000000000e+02   4.2599786072969437e-02
   1.7800000000000000e+02   4.3348103761672974e-02
   1.7900000000000000e+02   4.4115945696830750e-02
   1.8000000000000000e+02   4.4889196753501892e-02
   1.8100000000000000e+02   4.5655816793441772e-02
   1.8200000000000000e+02   4.6405401080846786e-02
   1.8300000000000000e+02   4.7138664871454239e-02
   1.8400000000000000e+02   4.7863118350505829e-02
   1.8500000000000000e+02   4.8593260347843170e-02
   1.8600000000000000e+02   4.9338731914758682e-02
   1.8700000000000000e+02   5.0104737281799316e-02
   1.8800000000000000e+02   5.0898130983114243e-02
   1.8900000000000000e+02   5.1716256886720657e-02
   1.9000000000000000e+02   5.2549492567777634e-02
   1.9100000000000000e+02   5.3385958075523376e-02
   1.9200000000000000e+02   5.4219983518123627e-02
   1.9300000000000000e+02   5.5046562105417252e-02
   1.9400000000000000e+02   5.5864222347736359e-02
   1.9500000000000000e+02   5.6672997772693634e-02
   1.9600000000000000e+02   5.7472761720418930e-02
   1.9700000000000000e+02   5.8273665606975555e-02
   1.9800000000000000e+02   5.9078179299831390e-02
   1.9900000000000000e+02   5.9881847351789474e-02
   2.0000000000000000e+02   6.0679610818624496e-02
   2.0100000000000000e+02   6.1473254114389420e-02
   2.0200000000000000e+02   6.2265083193778992e-02
   2.0300000000000000e+02   6.3050977885723114e-02
   2.0400000000000000e+02   6.3824273645877838e-02
   2.0500000000000000e+02   6.4575128257274628e-02
   2.0600000000000000e+02   6.5300472080707550e-02
   2.0700000000000000e+02   6.6002815961837769e-02
   2.0800000000000000e+02   6.6693969070911407e-02
   2.0900000000000000e+02   6.7391633987426758e-02
   2.1000000000000000e+02   6.8110011518001556e-02
   2.1100000000000000e+02   6.8855658173561096e-02
   2.1200000000000000e+02   6.9607533514499664e-02
   2.1300000000000000e+02   7.0342071354389191e-02
   2.1400000000000000e+02   7.1035258471965790e-02
   2.1500000000000000e+02   7.1673005819320679e-02
   2.1600000000000000e+02   7.2246588766574860e-02
   2.1700000000000000e+02   7.2752974927425385e-02
   2.1800000000000000e+02   7.3194943368434906e-02
   2.1900000000000000e+02   7.3578864336013794e-02
   2.2000000000000000e+02   7.3920719325542450e-02
   2.2100000000000000e+02   7.4234589934349060e-02
   2.2200000000000000e+02   7.4528850615024567e-02
   2.2300000000000000e+02   7.4815541505813599e-02
   2.2400000000000000e+02   7.5090080499649048e-02
   2.2500000000000000e+02   7.5356312096118927e-02
   2.2600000000000000e+02   7.5613364577293396e-02
   2.2700000000000000e+02   7.5873754918575287e-02
   2.2800000000000000e+02   7.6144307851791382e-02
   2.2900000000000000e+02   7.6429009437561035e-02
   2.3000000000000000e+02   7.6721996068954468e-02
   2.3100000000000000e+02   7.7012039721012115e-02
   2.3200000000000000e+02   7.7302701771259308e-02
   2.3300000000000000e+02   7.7602736651897430e-02
   2.3400000000000000e+02   7.7919133007526398e-02
   2.3500000000000000e+02   7.8261137008666992e-02
   2.3600000000000000e+02   7.8616954386234283e-02
   2.3700000000000000e+02   7.8975051641464233e-02
   2.3800000000000000e+02   7.9303443431854248e-02
   2.3900000000000000e+02   7.9581439495086670e-02
   2.4000000000000000e+02   7.9782567918300629e-02
   2.4100000000000000e+02   7.9902589321136475e-02
   2.4200000000000000e+02   7.9952880740165710e-02
   2.4300000000000000e+02   7.9951792955398560e-02
   2.4400000000000000e+02   7.9923309385776520e-02
   2.4500000000000000e+02   7.9881727695465088e-02
   2.4600000000000000e+02   7.9830832779407501e-02
   2.4700000000000000e+02   7.9768911004066467e-02
   2.4800000000000000e+02   7.9688206315040588e-02
   2.4900000000000000e+02   7.9588599503040314e-02
   2.5000000000000000e+02   7.9459071159362793e-02
   2.5100000000000000e+02   7.9306103289127350e-02
   2.5200000000000000e+02   7.9129502177238464e-02
   2.5300000000000000e+02   7.8941136598587036e-02
   2.5400000000000000e+02   7.8751802444458008e-02
   2.5500000000000000e+02   7.8569963574409485e-02
   2.5600000000000000e+02   7.8398078680038452e-02
   2.5700000000000000e+02   7.8234277665615082e-02
   2.5800000000000000e+02   7.8085780143737793e-02
   2.5900000000000000e+02   7.7960945665836334e-02
   2.6000000000000000e+02   7.7868111431598663e-02
   2.6100000000000000e+02   7.7812023460865021e-02
   2.6200000000000000e+02   7.7778212726116180e-02
   2.6300000000000000e+02   7.7749066054821014e-02
   2.6400000000000000e+02   7.7705644071102142e-02
   2.6500000000000000e+02   7.7645033597946167e-02
   2.6600000000000000e+02   7.7569484710693359e-02
   2.6700000000000000e+02   7.7485822141170502e-02
   2.6800000000000000e+02   7.7394545078277588e-02
   2.6900000000000000e+02   7.7298104763031006e-02
   2.7000000000000000e+02   7.7203966677188873e-02
   2.7100000000000000e+02   7.7119819819927216e-02
   2.7200000000000000e+02   7.7045425772666931e-02
   2.7300000000000000e+02   7.6969601213932037e-02
   2.7400000000000000e+02   7.6871439814567566e-02
   2.7500000000000000e+02   7.6737433671951294e-02
   2.7600000000000000e+02   7.6559580862522125e-02
   2.7700000000000000e+02   7.6343864202499390e-02
   2.7800000000000000e+02   7.6103463768959045e-02
   2.7900000000000000e+02   7.5860321521759033e-02
   2.8000000000000000e+02   7.5628876686096191e-02
   2.8100000000000000e+02   7.5419038534164429e-02
   2.8200000000000000e+02   7.5236037373542786e-02
   2.8300000000000000e+02   7.5081475079059601e-02
   2.8400000000000000e+02   7.4945271015167236e-02
   2.8500000000000000e+02   7.4814707040786743e-02
   2.8600000000000000e+02   7.4664384126663208e-02
   2.8700000000000000e+02   7.4476391077041626e-02
   2.8800000000000000e+02   7.4241772294044495e-02
   2.8900000000000000e+02   7.3971763253211975e-02
   2.9000000000000000e+02   7.3681041598320007e-02
   2.9100000000000000e+02   7.3393598198890686e-02
   2.9200000000000000e+02   7.3129817843437195e-02
   2.9300000000000000e+02   7.2905808687210083e-02
   2.9400000000000000e+02   7.2721421718597412e-02
   2.9500000000000000e+02   7.2564385831356049e-02
   2.9600000000000000e+02   7.2424568235874176e-02
   2.9700000000000000e+02   7.2286464273929596e-02
   2.9800000000000000e+02   7.2150960564613342e-02
   2.9900000000000000e+02   7.2025611996650696e-02
   3.0000000000000000e+02   7.1911439299583435e-02
