   1.0000000000000000e+00   2.4589916574768722e-04
   2.0000000000000000e+00   2.1909756469540298e-04
   3.0000000000000000e+00   1.9718783732969314e-04
   4.0000000000000000e+00   1.7926168220583349e-04
   5.0000000000000000e+00   1.6432338452432305e-04
   6.0000000000000000e+00   1.5168313984759152e-04
   7.0000000000000000e+00   1.4084883150644600e-04
   8.0000000000000000e+00   1.3145901903044432e-04
   9.0000000000000000e+00   1.0795914568006992e-04
   1.0000000000000000e+01   9.2176800535526127e-05
   1.1000000000000000e+01   7.6982541941106319e-05
   1.2000000000000000e+01   6.0341899370541796e-05
   1.3000000000000000e+01   4.4492357119452208e-05
   1.4000000000000000e+01   2.8659876988967881e-05
   1.5000000000000000e+01   1.5805646398803219e-05
   1.6000000000000000e+01   3.2136813388206065e-07
   1.7000000000000000e+01   9.0552125797671579e-09
   1.8000000000000000e+01   3.5245452068011218e-07
   1.9000000000000000e+01   3.5872193393515772e-07
   2.0000000000000000e+01   3.9100825688365148e-07
   2.1000000000000000e+01   3.9119291272982082e-07
   2.2000000000000000e+01   3.9102124560486118e-07
   2.3000000000000000e+01   3.9091290204851248e-07
   2.4000000000000000e+01   3.9091929693313432e-07
   2.5000000000000000e+01   3.9173599475361698e-07
   2.6000000000000000e+01   3.8517254097314435e-07
   2.7000000000000000e+01   4.3252737214061199e-07
   2.8000000000000000e+01   4.0686278225621209e-05
   2.9000000000000000e+01   1.8995042773894966e-04
   3.0000000000000000e+01   3.8107825093902647e-04
   3.1000000000000000e+01   5.7469791499897838e-04
   3.2000000000000000e+01   8.1634975504130125e-04
   3.3000000000000000e+01   1.0091736912727356e-03
   3.4000000000000000e+01   1.1395227629691362e-03
   3.5000000000000000e+01   1.2937487335875630e-03
   3.6000000000000000e+01   1.4519428368657827e-03
   3.7000000000000000e+01   1.5815548831596971e-03
   3.8000000000000000e+01   1.7403287347406149e-03
   3.9000000000000000e+01   1.9339300924912095e-03
   4.0000000000000000e+01   2.0833718590438366e-03
   4.1000000000000000e+01   2.4197539314627647e-03
   4.2000000000000000e+01   3.0796409118920565e-03
   4.3000000000000000e+01   3.5085538402199745e-03
   4.4000000000000000e+01   3.6810727324336767e-03
   4.5000000000000000e+01   3.6576623097062111e-03
   4.6000000000000000e+01   3.5535278730094433e-03
   4.7000000000000000e+01   3.3628277014940977e-03
   4.8000000000000000e+01   3.2420207280665636e-03
   4.9000000000000000e+01   3.1832503154873848e-03
   5.0000000000000000e+01   3.0807133298367262e-03
   5.1000000000000000e+01   2.9807975515723228e-03
   5.2000000000000000e+01   2.9084233101457357e-03
   5.3000000000000000e+01   2.8288611210882664e-03
   5.4000000000000000e+01   2.6991241611540318e-03
   5.5000000000000000e+01   2.6317699812352657e-03
   5.6000000000000000e+01   2.3794658482074738e-03
   5.7000000000000000e+01   1.7888391157612205e-03
   5.8000000000000000e+01   1.3721365248784423e-03
   5.9000000000000000e+01   1.0873550781980157e-03
   6.0000000000000000e+01   9.4425573479384184e-04
   6.1000000000000000e+01   8.7729020742699504e-04
   6.2000000000000000e+01   8.6730282055214047e-04
   6.3000000000000000e+01   8.2263565855100751e-04
   6.4000000000000000e+01   7.7259575482457876e-04
   6.5000000000000000e+01   7.3823990533128381e-04
   6.6000000000000000e+01   7.0607505040243268e-04
   6.7000000000000000e+01   6.8410689709708095e-04
   6.8000000000000000e+01   6.2576308846473694e-04
   6.9000000000000000e+01   5.8683712268248200e-04
   7.0000000000000000e+01   5.1304267253726721e-04
   7.1000000000000000e+01   4.3044128688052297e-04
   7.2000000000000000e+01   3.6199882742948830e-04
   7.3000000000000000e+01   3.1004360062070191e-04
   7.4000000000000000e+01   2.7425398002378643e-04
   7.5000000000000000e+01   2.4998685694299638e-04
   7.6000000000000000e+01   2.2939634800422937e-04
   7.7000000000000000e+01   1.9613135373219848e-04
   7.8000000000000000e+01   1.8910673679783940e-04
   7.9000000000000000e+01   1.9422330660745502e-04
   8.0000000000000000e+01   2.1101017773617059e-04
   8.1000000000000000e+01   2.1467903570737690e-04
   8.2000000000000000e+01   2.0353237050585449e-04
   8.3000000000000000e+01   1.9249694014433771e-04
   8.4000000000000000e+01   1.8140747852157801e-04
   8.5000000000000000e+01   1.9867536320816725e-04
   8.6000000000000000e+01   2.2697924578096718e-04
   8.7000000000000000e+01   2.6161997811868787e-04
   8.8000000000000000e+01   2.7856940869241953e-04
   8.9000000000000000e+01   2.9853900196030736e-04
   9.0000000000000000e+01   3.2310248934663832e-04
   9.1000000000000000e+01   3.4906651126220822e-04
   9.2000000000000000e+01   3.8356415461748838e-04
   9.3000000000000000e+01   3.9445553557015955e-04
   9.4000000000000000e+01   3.7998770130798221e-04
   9.5000000000000000e+01   3.6788886063732207e-04
   9.6000000000000000e+01   3.6276414175517857e-04
   9.7000000000000000e+01   3.5854612360708416e-04
   9.8000000000000000e+01   3.7715406506322324e-04
   9.9000000000000000e+01   3.9367712452076375e-04
   1.0000000000000000e+02   3.9547478081658483e-04
   1.0100000000000000e+02   3.9499744889326394e-04
   1.0200000000000000e+02   3.7899066228419542e-04
   1.0300000000000000e+02   3.8787489756941795e-04
   1.0400000000000000e+02   3.9335872861556709e-04
   1.0500000000000000e+02   3.7851725937798619e-04
   1.0600000000000000e+02   3.6066473694518209e-04
   1.0700000000000000e+02   3.2591909985058010e-04
   1.0800000000000000e+02   2.9849429847672582e-04
   1.0900000000000000e+02   2.9347240342758596e-04
   1.1000000000000000e+02   2.8055548318661749e-04
   1.1100000000000000e+02   2.6402587536722422e-04
   1.1200000000000000e+02   2.6012308080680668e-04
   1.1300000000000000e+02   2.5822251336649060e-04
   1.1400000000000000e+02   2.4613237474113703e-04
   1.1500000000000000e+02   2.4260899226646870e-04
   1.1600000000000000e+02   2.3527900339104235e-04
   1.1700000000000000e+02   2.3958826204761863e-04
   1.1800000000000000e+02   2.4445797316730022e-04
   1.1900000000000000e+02   2.5149781140498817e-04
   1.2000000000000000e+02   2.6528121088631451e-04
   1.2100000000000000e+02   2.7946953196078539e-04
   1.2200000000000000e+02   2.9148362227715552e-04
   1.2300000000000000e+02   3.0942872399464250e-04
   1.2400000000000000e+02   3.4014650736935437e-04
   1.2500000000000000e+02   3.6708364496007562e-04
   1.2600000000000000e+02   3.8188954931683838e-04
   1.2700000000000000e+02   4.0486102807335556e-04
   1.2800000000000000e+02   4.1904571116901934e-04
   1.2900000000000000e+02   4.3484740308485925e-04
   1.3000000000000000e+02   4.3732303311116993e-04
   1.3100000000000000e+02   4.5138190034776926e-04
   1.3200000000000000e+02   4.6857836423441768e-04
   1.3300000000000000e+02   4.7336553689092398e-04
   1.3400000000000000e+02   4.7774796257726848e-04
   1.3500000000000000e+02   5.3265230963006616e-04
   1.3600000000000000e+02   5.7579216081649065e-04
   1.3700000000000000e+02   7.1375817060470581e-04
   1.3800000000000000e+02   1.0602104011923075e-03
   1.3900000000000000e+02   1.5730491140857339e-03
   1.4000000000000000e+02   2.4378756061196327e-03
   1.4100000000000000e+02   3.7252036854624748e-03
   1.4200000000000000e+02   5.5911489762365818e-03
   1.4300000000000000e+02   7.9435911029577255e-03
   1.4400000000000000e+02   1.0916027240455151e-02
   1.4500000000000000e+02   1.4929028227925301e-02
   1.4600000000000000e+02   2.0288217812776566e-02
   1.4700000000000000e+02   2.7361094951629639e-02
   1.4800000000000000e+02   3.6064028739929199e-02
   1.4900000000000000e+02   4.6739887446165085e-02
   1.5000000000000000e+02   5.9639867395162582e-02
   1.5100000000000000e+02   7.5099319219589233e-02
   1.5200000000000000e+02   9.3949161469936371e-02
   1.5300000000000000e+02   1.1629177629947662e-01
   1.5400000000000000e+02   1.4194445312023163e-01
   1.5500000000000000e+02   1.7100515961647034e-01
   1.5600000000000000e+02   2.0312288403511047e-01
   1.5700000000000000e+02   2.3783974349498749e-01
   1.5800000000000000e+02   2.7494567632675171e-01
   1.5900000000000000e+02   3.1271609663963318e-01
   1.6000000000000000e+02   3.5026103258132935e-01
   1.6100000000000000e+02   3.8659673929214478e-01
   1.6200000000000000e+02   4.2134028673171997e-01
   1.6300000000000000e+02   4.5420944690704346e-01
   1.6400000000000000e+02   4.8458358645439148e-01
   1.6500000000000000e+02   5.1179236173629761e-01
   1.6600000000000000e+02   5.3508639335632324e-01
   1.6700000000000000e+02   5.5248075723648071e-01
   1.6800000000000000e+02   5.6334179639816284e-01
   1.6900000000000000e+02   5.6727242469787598e-01
   1.7000000000000000e+02   5.6403994560241699e-01
   1.7100000000000000e+02   5.5393832921981812e-01
   1.7200000000000000e+02   5.3683656454086304e-01
   1.7300000000000000e+02   5.1355320215225220e-01
   1.7400000000000000e+02   4.8634916543960571e-01
   1.7500000000000000e+02   4.5598000288009644e-01
   1.7600000000000000e+02   4.2396456003189087e-01
   1.7700000000000000e+02   3.9037942886352539e-01
   1.7800000000000000e+02   3.5585883259773254e-01
   1.7900000000000000e+02   3.2086351513862610e-01
   1.8000000000000000e+02   2.8524717688560486e-01
   1.8100000000000000e+02   2.5017204880714417e-01
   1.8200000000000000e+02   2.1675643324851990e-01
   1.8300000000000000e+02   1.8564443290233612e-01
   1.8400000000000000e+02   1.5766145288944244e-01
   1.8500000000000000e+02   1.3256163895130157e-01
   1.8600000000000000e+02   1.1049804091453552e-01
   1.8700000000000000e+02   9.1848775744438171e-02
   1.8800000000000000e+02   7.6266422867774963e-02
   1.8900000000000000e+02   6.3109837472438812e-02
   1.9000000000000000e+02   5.2156608551740646e-02
   1.9100000000000000e+02   4.2594440281391144e-02
   1.9200000000000000e+02   3.4443750977516174e-02
   1.9300000000000000e+02   2.7418835088610649e-02
   1.9400000000000000e+02   2.1379072219133377e-02
   1.9500000000000000e+02   1.6851972788572311e-02
   1.9600000000000000e+02   1.3143802061676979e-02
   1.9700000000000000e+02   1.0176123119890690e-02
   1.9800000000000000e+02   7.7362591400742531e-03
   1.9900000000000000e+02   5.6062797084450722e-03
   2.0000000000000000e+02   3.9945784956216812e-03
   2.0100000000000000e+02   2.7459233533591032e-03
   2.0200000000000000e+02   1.8922578310593963e-03
   2.0300000000000000e+02   1.2788731837645173e-03
   2.0400000000000000e+02   8.8006054284051061e-04
   2.0500000000000000e+02   6.3915218925103545e-04
   2.0600000000000000e+02   4.9856479745358229e-04
   2.0700000000000000e+02   3.9410343742929399e-04
   2.0800000000000000e+02   3.4530751872807741e-04
   2.0900000000000000e+02   3.1215662602335215e-04
   2.1000000000000000e+02   2.8711705817840993e-04
   2.1100000000000000e+02   2.6365247322246432e-04
   2.1200000000000000e+02   2.7037144172936678e-04
   2.1300000000000000e+02   2.6605470338836312e-04
   2.1400000000000000e+02   2.5985244428738952e-04
   2.1500000000000000e+02   2.4949992075562477e-04
   2.1600000000000000e+02   2.4189191753976047e-04
   2.1700000000000000e+02   2.2874592104926705e-04
   2.1800000000000000e+02   2.1188003302086145e-04
   2.1900000000000000e+02   1.9621316459961236e-04
   2.2000000000000000e+02   1.7671828391030431e-04
   2.2100000000000000e+02   1.6504744417034090e-04
   2.2200000000000000e+02   1.4870702580083162e-04
   2.2300000000000000e+02   1.3538777420762926e-04
   2.2400000000000000e+02   1.1591087240958586e-04
   2.2500000000000000e+02   9.7539123089518398e-05
   2.2600000000000000e+02   8.3714498032350093e-05
   2.2700000000000000e+02   5.8886147598968819e-05
   2.2800000000000000e+02   4.3015996197937056e-05
   2.2900000000000000e+02   2.8271133487578481e-05
   2.3000000000000000e+02   2.1112900867592543e-05
   2.3100000000000000e+02   1.4608663150283974e-05
   2.3200000000000000e+02   1.0734239367593545e-05
   2.3300000000000000e+02   7.7217891885084100e-06
   2.3400000000000000e+02   5.9042790780949872e-06
   2.3500000000000000e+02   4.5597330426971894e-06
   2.3600000000000000e+02   3.6236133382772096e-06
   2.3700000000000000e+02   2.8469305561884539e-06
   2.3800000000000000e+02   2.4154078346327879e-06
   2.3900000000000000e+02   2.0775019038410392e-06
   2.4000000000000000e+02   1.4219089052858180e-06
   2.4100000000000000e+02   1.2371464208627003e-06
   2.4200000000000000e+02   1.0233876537313336e-06
   2.4300000000000000e+02   9.2998419631840079e-07
   2.4400000000000000e+02   8.7257137693086406e-07
   2.4500000000000000e+02   8.4329275296113337e-07
   2.4600000000000000e+02   8.2555067137946025e-07
   2.4700000000000000e+02   8.2784094956878107e-07
   2.4800000000000000e+02   8.2182822325194138e-07
   2.4900000000000000e+02   8.8495119143772172e-07
   2.5000000000000000e+02   8.6877241756155854e-07
   2.5100000000000000e+02   8.3650229498744011e-07
   2.5200000000000000e+02   8.7875167764650541e-07
   2.5300000000000000e+02   9.4236270342662465e-07
   2.5400000000000000e+02   1.0011960966949118e-06
   2.5500000000000000e+02   1.1015521295121289e-06
   2.5600000000000000e+02   1.1504190524647129e-06
   2.5700000000000000e+02   1.2503863899837597e-06
   2.5800000000000000e+02   1.3033348977842252e-06
   2.5900000000000000e+02   1.4824283880443545e-06
   2.6000000000000000e+02   1.8185336330134305e-06
   2.6100000000000000e+02   2.3751219941914314e-06
   2.6200000000000000e+02   3.2683171866665361e-06
   2.6300000000000000e+02   4.1893945308402181e-06
   2.6400000000000000e+02   5.3865337577008177e-06
   2.6500000000000000e+02   6.7941791712655686e-06
   2.6600000000000000e+02   8.1631769717205316e-06
   2.6700000000000000e+02   1.2465941836126149e-05
   2.6800000000000000e+02   1.6555311958654784e-05
   2.6900000000000000e+02   2.3027709175948985e-05
   2.7000000000000000e+02   2.8273625503061339e-05
   2.7100000000000000e+02   3.3327192795695737e-05
   2.7200000000000000e+02   4.1203813452739269e-05
   2.7300000000000000e+02   5.2550982218235731e-05
   2.7400000000000000e+02   6.2283477745950222e-05
   2.7500000000000000e+02   7.3046983743552119e-05
   2.7600000000000000e+02   8.4234729001764208e-05
   2.7700000000000000e+02   9.5401788712479174e-05
   2.7800000000000000e+02   1.0904992814175785e-04
   2.7900000000000000e+02   1.1954869114561006e-04
   2.8000000000000000e+02   1.3134606706444174e-04
   2.8100000000000000e+02   1.4450111484620720e-04
   2.8200000000000000e+02   1.5433832595590502e-04
   2.8300000000000000e+02   1.6854520072229207e-04
   2.8400000000000000e+02   1.8510066729504615e-04
   2.8500000000000000e+02   2.0088239398319274e-04
   2.8600000000000000e+02   2.0695228886324912e-04
   2.8700000000000000e+02   2.1296617342159152e-04
   2.8800000000000000e+02   2.1762700635008514e-04
   2.8900000000000000e+02   2.2404422634281218e-04
   2.9000000000000000e+02   2.3104542924556881e-04
   2.9100000000000000e+02   2.3787656391505152e-04
   2.9200000000000000e+02   2.4303096870426089e-04
   2.9300000000000000e+02   2.4387164739891887e-04
   2.9400000000000000e+02   2.4861688143573701e-04
   2.9500000000000000e+02   2.5243460549972951e-04
   2.9600000000000000e+02   2.5521244970150292e-04
   2.9700000000000000e+02   2.5904126232489944e-04
   2.9800000000000000e+02   2.5731563800945878e-04
   2.9900000000000000e+02   2.4735828628763556e-04
   3.0000000000000000e+02   2.3860175861045718e-04
