   1.0000000000000000e+00   1.5736207365989685e-02
   2.0000000000000000e+00   1.6219539567828178e-02
   3.0000000000000000e+00   1.7156876623630524e-02
   4.0000000000000000e+00   1.7752122133970261e-02
   5.0000000000000000e+00   1.7927212640643120e-02
   6.0000000000000000e+00   1.8193608149886131e-02
   7.0000000000000000e+00   1.9088592380285263e-02
   8.0000000000000000e+00   1.9622258841991425e-02
   9.0000000000000000e+00   2.0820932462811470e-02
   1.0000000000000000e+01   2.2223997861146927e-02
   1.1000000000000000e+01   2.3463960736989975e-02
   1.2000000000000000e+01   2.4453695863485336e-02
   1.3000000000000000e+01   2.5005199015140533e-02
   1.4000000000000000e+01   2.5764999911189079e-02
   1.5000000000000000e+01   2.7271090075373650e-02
   1.6000000000000000e+01   2.8267625719308853e-02
   1.7000000000000000e+01   2.9166270047426224e-02
   1.8000000000000000e+01   2.9874796047806740e-02
   1.9000000000000000e+01   3.0386846512556076e-02
   2.0000000000000000e+01   3.0947025865316391e-02
   2.1000000000000000e+01   3.1410038471221924e-02
   2.2000000000000000e+01   3.1522024422883987e-02
   2.3000000000000000e+01   3.1894225627183914e-02
   2.4000000000000000e+01   3.2686546444892883e-02
   2.5000000000000000e+01   3.3095531165599823e-02
   2.6000000000000000e+01   3.2951544970273972e-02
   2.7000000000000000e+01   3.2703716307878494e-02
   2.8000000000000000e+01   3.3389136195182800e-02
   2.9000000000000000e+01   3.3153202384710312e-02
   3.0000000000000000e+01   3.3111073076725006e-02
   3.1000000000000000e+01   3.2790169119834900e-02
   3.2000000000000000e+01   3.2524362206459045e-02
   3.3000000000000000e+01   3.2146580517292023e-02
   3.4000000000000000e+01   3.2411977648735046e-02
   3.5000000000000000e+01   3.3310409635305405e-02
   3.6000000000000000e+01   3.3791359513998032e-02
   3.7000000000000000e+01   3.3353593200445175e-02
   3.8000000000000000e+01   3.3034332096576691e-02
   3.9000000000000000e+01   3.2360211014747620e-02
   4.0000000000000000e+01   3.2250724732875824e-02
   4.1000000000000000e+01   3.2150447368621826e-02
   4.2000000000000000e+01   3.2892834395170212e-02
   4.3000000000000000e+01   3.3139612525701523e-02
   4.4000000000000000e+01   3.3896114677190781e-02
   4.5000000000000000e+01   3.3766277134418488e-02
   4.6000000000000000e+01   3.4057106822729111e-02
   4.7000000000000000e+01   3.5253442823886871e-02
   4.8000000000000000e+01   3.6194980144500732e-02
   4.9000000000000000e+01   3.6797836422920227e-02
   5.0000000000000000e+01   3.7139944732189178e-02
   5.1000000000000000e+01   3.7822782993316650e-02
   5.2000000000000000e+01   3.9190221577882767e-02
   5.3000000000000000e+01   4.0677599608898163e-02
   5.4000000000000000e+01   4.2165216058492661e-02
   5.5000000000000000e+01   4.3414924293756485e-02
   5.6000000000000000e+01   4.5003719627857208e-02
   5.7000000000000000e+01   4.5819573104381561e-02
   5.8000000000000000e+01   4.6538390219211578e-02
   5.9000000000000000e+01   4.7570478171110153e-02
   6.0000000000000000e+01   4.9113612622022629e-02
   6.1000000000000000e+01   5.0309207290410995e-02
   6.2000000000000000e+01   5.0764728337526321e-02
   6.3000000000000000e+01   5.1579866558313370e-02
   6.4000000000000000e+01   5.2428338676691055e-02
   6.5000000000000000e+01   5.3108297288417816e-02
   6.6000000000000000e+01   5.3849827498197556e-02
   6.7000000000000000e+01   5.4604578763246536e-02
   6.8000000000000000e+01   5.5444490164518356e-02
   6.9000000000000000e+01   5.6071862578392029e-02
   7.0000000000000000e+01   5.6501373648643494e-02
   7.1000000000000000e+01   5.6913733482360840e-02
   7.2000000000000000e+01   5.7439327239990234e-02
   7.3000000000000000e+01   5.8334775269031525e-02
   7.4000000000000000e+01   5.8760501444339752e-02
   7.5000000000000000e+01   5.8892987668514252e-02
   7.6000000000000000e+01   5.9317093342542648e-02
   7.7000000000000000e+01   5.9654004871845245e-02
   7.8000000000000000e+01   5.9725582599639893e-02
   7.9000000000000000e+01   5.9862859547138214e-02
   8.0000000000000000e+01   6.0011524707078934e-02
   8.1000000000000000e+01   6.0116410255432129e-02
   8.2000000000000000e+01   5.9829369187355042e-02
   8.3000000000000000e+01   5.9500690549612045e-02
   8.4000000000000000e+01   5.9168957173824310e-02
   8.5000000000000000e+01   5.8804996311664581e-02
   8.6000000000000000e+01   5.9028729796409607e-02
   8.7000000000000000e+01   5.8550082147121429e-02
   8.8000000000000000e+01   5.7780828326940536e-02
   8.9000000000000000e+01   5.6896962225437164e-02
   9.0000000000000000e+01   5.6586027145385742e-02
   9.1000000000000000e+01   5.5841863155364990e-02
   9.2000000000000000e+01   5.5449329316616058e-02
   9.3000000000000000e+01   5.5048219859600067e-02
   9.4000000000000000e+01   5.4440815001726151e-02
   9.5000000000000000e+01   5.3869102150201797e-02
   9.6000000000000000e+01   5.3448688238859177e-02
   9.7000000000000000e+01   5.3103242069482803e-02
   9.8000000000000000e+01   5.2531737834215164e-02
   9.9000000000000000e+01   5.1942881196737289e-02
   1.0000000000000000e+02   5.1531333476305008e-02
   1.0100000000000000e+02   5.0617653876543045e-02
   1.0200000000000000e+02   5.0170492380857468e-02
   1.0300000000000000e+02   4.9769330769777298e-02
   1.0400000000000000e+02   4.9761999398469925e-02
   1.0500000000000000e+02   4.9066673964262009e-02
   1.0600000000000000e+02   4.8749044537544250e-02
   1.0700000000000000e+02   4.8221729695796967e-02
   1.0800000000000000e+02   4.7785773873329163e-02
   1.0900000000000000e+02   4.7493994235992432e-02
   1.1000000000000000e+02   4.7193434089422226e-02
   1.1100000000000000e+02   4.6866152435541153e-02
   1.1200000000000000e+02   4.6694733202457428e-02
   1.1300000000000000e+02   4.6421490609645844e-02
   1.1400000000000000e+02   4.6392176300287247e-02
   1.1500000000000000e+02   4.6509351581335068e-02
   1.1600000000000000e+02   4.6389024704694748e-02
   1.1700000000000000e+02   4.6399045735597610e-02
   1.1800000000000000e+02   4.6329680830240250e-02
   1.1900000000000000e+02   4.6130836009979248e-02
   1.2000000000000000e+02   4.6336729079484940e-02
   1.2100000000000000e+02   4.6174850314855576e-02
   1.2200000000000000e+02   4.6229954808950424e-02
   1.2300000000000000e+02   4.6350181102752686e-02
   1.2400000000000000e+02   4.6254202723503113e-02
   1.2500000000000000e+02   4.6139765530824661e-02
   1.2600000000000000e+02   4.6221300959587097e-02
   1.2700000000000000e+02   4.6304699033498764e-02
   1.2800000000000000e+02   4.6649973839521408e-02
   1.2900000000000000e+02   4.6937298029661179e-02
   1.3000000000000000e+02   4.6998318284749985e-02
   1.3100000000000000e+02   4.7125801444053650e-02
   1.3200000000000000e+02   4.7562636435031891e-02
   1.3300000000000000e+02   4.7998916357755661e-02
   1.3400000000000000e+02   4.8538532108068466e-02
   1.3500000000000000e+02   4.8747744411230087e-02
   1.3600000000000000e+02   4.9342695623636246e-02
   1.3700000000000000e+02   4.9554757773876190e-02
   1.3800000000000000e+02   4.9942262470722198e-02
   1.3900000000000000e+02   5.0758015364408493e-02
   1.4000000000000000e+02   5.1400024443864822e-02
   1.4100000000000000e+02   5.1934842020273209e-02
   1.4200000000000000e+02   5.2504457533359528e-02
   1.4300000000000000e+02   5.2877973765134811e-02
   1.4400000000000000e+02   5.3168013691902161e-02
   1.4500000000000000e+02   5.3420994430780411e-02
   1.4600000000000000e+02   5.3967583924531937e-02
   1.4700000000000000e+02   5.4269842803478241e-02
   1.4800000000000000e+02   5.4798085242509842e-02
   1.4900000000000000e+02   5.4928716272115707e-02
   1.5000000000000000e+02   5.5454812943935394e-02
   1.5100000000000000e+02   5.5813435465097427e-02
   1.5200000000000000e+02   5.6359395384788513e-02
   1.5300000000000000e+02   5.6771967560052872e-02
   1.5400000000000000e+02   5.6649699807167053e-02
   1.5500000000000000e+02   5.6780681014060974e-02
   1.5600000000000000e+02   5.6537553668022156e-02
   1.5700000000000000e+02   5.6593198329210281e-02
   1.5800000000000000e+02   5.6373383849859238e-02
   1.5900000000000000e+02   5.6227110326290131e-02
   1.6000000000000000e+02   5.5880982428789139e-02
   1.6100000000000000e+02   5.5828727781772614e-02
   1.6200000000000000e+02   5.5540811270475388e-02
   1.6300000000000000e+02   5.4753683507442474e-02
   1.6400000000000000e+02   5.4512213915586472e-02
   1.6500000000000000e+02   5.3889598697423935e-02
   1.6600000000000000e+02   5.3449533879756927e-02
   1.6700000000000000e+02   5.3204081952571869e-02
   1.6800000000000000e+02   5.2564740180969238e-02
   1.6900000000000000e+02   5.2175767719745636e-02
   1.7000000000000000e+02   5.1677357405424118e-02
   1.7100000000000000e+02   5.1470637321472168e-02
   1.7200000000000000e+02   5.1224716007709503e-02
   1.7300000000000000e+02   5.1195017993450165e-02
   1.7400000000000000e+02   5.0997566431760788e-02
   1.7500000000000000e+02   5.1015309989452362e-02
   1.7600000000000000e+02   5.0873365253210068e-02
   1.7700000000000000e+02   5.0655744969844818e-02
   1.7800000000000000e+02   5.0659961998462677e-02
   1.7900000000000000e+02   5.0276994705200195e-02
   1.8000000000000000e+02   4.9987792968750000e-02
   1.8100000000000000e+02   4.9673907458782196e-02
   1.8200000000000000e+02   4.9038168042898178e-02
   1.8300000000000000e+02   4.8941429704427719e-02
   1.8400000000000000e+02   4.8632897436618805e-02
   1.8500000000000000e+02   4.8248887062072754e-02
   1.8600000000000000e+02   4.7802545130252838e-02
   1.8700000000000000e+02   4.7263875603675842e-02
   1.8800000000000000e+02   4.6518672257661819e-02
   1.8900000000000000e+02   4.6044584363698959e-02
   1.9000000000000000e+02   4.5748885720968246e-02
   1.9100000000000000e+02   4.5137710869312286e-02
   1.9200000000000000e+02   4.4837120920419693e-02
   1.9300000000000000e+02   4.4608388096094131e-02
   1.9400000000000000e+02   4.4375646859407425e-02
   1.9500000000000000e+02   4.4157288968563080e-02
   1.9600000000000000e+02   4.3606173247098923e-02
   1.9700000000000000e+02   4.3222405016422272e-02
   1.9800000000000000e+02   4.2666979134082794e-02
   1.9900000000000000e+02   4.2553260922431946e-02
   2.0000000000000000e+02   4.2410831898450851e-02
   2.0100000000000000e+02   4.2200978845357895e-02
   2.0200000000000000e+02   4.1891504079103470e-02
   2.0300000000000000e+02   4.1944339871406555e-02
   2.0400000000000000e+02   4.1731476783752441e-02
   2.0500000000000000e+02   4.1439410299062729e-02
   2.0600000000000000e+02   4.1198629885911942e-02
   2.0700000000000000e+02   4.0516424924135208e-02
   2.0800000000000000e+02   3.9903562515974045e-02
   2.0900000000000000e+02   3.9492312818765640e-02
   2.1000000000000000e+02   3.9085678756237030e-02
   2.1100000000000000e+02   3.8965679705142975e-02
   2.1200000000000000e+02   3.9102640002965927e-02
   2.1300000000000000e+02   3.9111301302909851e-02
   2.1400000000000000e+02   3.8689009845256805e-02
   2.1500000000000000e+02   3.8252916187047958e-02
   2.1600000000000000e+02   3.7949331104755402e-02
   2.1700000000000000e+02   3.7809770554304123e-02
   2.1800000000000000e+02   3.7659846246242523e-02
   2.1900000000000000e+02   3.7396036088466644e-02
   2.2000000000000000e+02   3.6913875490427017e-02
   2.2100000000000000e+02   3.6773540079593658e-02
   2.2200000000000000e+02   3.6650821566581726e-02
   2.2300000000000000e+02   3.6673076450824738e-02
   2.2400000000000000e+02   3.6797769367694855e-02
   2.2500000000000000e+02   3.6882016807794571e-02
   2.2600000000000000e+02   3.6683175712823868e-02
   2.2700000000000000e+02   3.6453608423471451e-02
   2.2800000000000000e+02   3.6244068294763565e-02
   2.2900000000000000e+02   3.6260381340980530e-02
   2.3000000000000000e+02   3.6452170461416245e-02
   2.3100000000000000e+02   3.6454509943723679e-02
   2.3200000000000000e+02   3.6378178745508194e-02
   2.3300000000000000e+02   3.5915873944759369e-02
   2.3400000000000000e+02   3.5900745540857315e-02
   2.3500000000000000e+02   3.5948161035776138e-02
   2.3600000000000000e+02   3.5746455192565918e-02
   2.3700000000000000e+02   3.5868924111127853e-02
   2.3800000000000000e+02   3.5657599568367004e-02
   2.3900000000000000e+02   3.5373467952013016e-02
   2.4000000000000000e+02   3.5367045551538467e-02
   2.4100000000000000e+02   3.5407863557338715e-02
   2.4200000000000000e+02   3.5306349396705627e-02
   2.4300000000000000e+02   3.5352636128664017e-02
   2.4400000000000000e+02   3.5188697278499603e-02
   2.4500000000000000e+02   3.5059437155723572e-02
   2.4600000000000000e+02   3.4953046590089798e-02
   2.4700000000000000e+02   3.4867644309997559e-02
   2.4800000000000000e+02   3.5045932978391647e-02
   2.4900000000000000e+02   3.4983262419700623e-02
   2.5000000000000000e+02   3.4964449703693390e-02
   2.5100000000000000e+02   3.4893162548542023e-02
   2.5200000000000000e+02   3.4878261387348175e-02
   2.5300000000000000e+02   3.4886565059423447e-02
   2.5400000000000000e+02   3.4955400973558426e-02
   2.5500000000000000e+02   3.4794971346855164e-02
   2.5600000000000000e+02   3.4938268363475800e-02
   2.5700000000000000e+02   3.4777939319610596e-02
   2.5800000000000000e+02   3.4743741154670715e-02
   2.5900000000000000e+02   3.4894235432147980e-02
   2.6000000000000000e+02   3.4869894385337830e-02
   2.6100000000000000e+02   3.4821603447198868e-02
   2.6200000000000000e+02   3.4861691296100616e-02
   2.6300000000000000e+02   3.4590460360050201e-02
   2.6400000000000000e+02   3.4377038478851318e-02
   2.6500000000000000e+02   3.4274108707904816e-02
   2.6600000000000000e+02   3.4174017608165741e-02
   2.6700000000000000e+02   3.3899314701557159e-02
   2.6800000000000000e+02   3.3770982176065445e-02
   2.6900000000000000e+02   3.3567346632480621e-02
   2.7000000000000000e+02   3.3582761883735657e-02
   2.7100000000000000e+02   3.3523429185152054e-02
   2.7200000000000000e+02   3.3444013446569443e-02
   2.7300000000000000e+02   3.3055093139410019e-02
   2.7400000000000000e+02   3.2798387110233307e-02
   2.7500000000000000e+02   3.2600972801446915e-02
   2.7600000000000000e+02   3.2462034374475479e-02
   2.7700000000000000e+02   3.2257594168186188e-02
   2.7800000000000000e+02   3.2323163002729416e-02
   2.7900000000000000e+02   3.2460425049066544e-02
   2.8000000000000000e+02   3.2535519450902939e-02
   2.8100000000000000e+02   3.2622061669826508e-02
   2.8200000000000000e+02   3.2874558120965958e-02
   2.8300000000000000e+02   3.2947991043329239e-02
   2.8400000000000000e+02   3.2887507230043411e-02
   2.8500000000000000e+02   3.2610096037387848e-02
   2.8600000000000000e+02   3.2375238835811615e-02
   2.8700000000000000e+02   3.2428476959466934e-02
   2.8800000000000000e+02   3.2598588615655899e-02
   2.8900000000000000e+02   3.2439492642879486e-02
   2.9000000000000000e+02   3.2565630972385406e-02
   2.9100000000000000e+02   3.2890804111957550e-02
   2.9200000000000000e+02   3.2679535448551178e-02
   2.9300000000000000e+02   3.2824721187353134e-02
   2.9400000000000000e+02   3.2752383500337601e-02
   2.9500000000000000e+02   3.2722491770982742e-02
   2.9600000000000000e+02   3.2679330557584763e-02
   2.9700000000000000e+02   3.2487507909536362e-02
   2.9800000000000000e+02   3.2449956983327866e-02
   2.9900000000000000e+02   3.2595142722129822e-02
   3.0000000000000000e+02   3.2800544053316116e-02
