   1.0000000000000000e+00   4.1716179111972451e-04
   2.0000000000000000e+00   4.0258897934108973e-04
   3.0000000000000000e+00   4.3450930388644338e-04
   4.0000000000000000e+00   4.2616622522473335e-04
   5.0000000000000000e+00   4.0136964526027441e-04
   6.0000000000000000e+00   3.8346878136508167e-04
   7.0000000000000000e+00   4.0637262281961739e-04
   8.0000000000000000e+00   4.0134051232598722e-04
   9.0000000000000000e+00   4.0905055357143283e-04
   1.0000000000000000e+01   4.3706188444048166e-04
   1.1000000000000000e+01   4.5136673725210130e-04
   1.2000000000000000e+01   4.4924468966200948e-04
   1.3000000000000000e+01   4.0739483665674925e-04
   1.4000000000000000e+01   4.0316948434337974e-04
   1.5000000000000000e+01   4.4881421490572393e-04
   1.6000000000000000e+01   4.4292930397205055e-04
   1.7000000000000000e+01   4.5263880747370422e-04
   1.8000000000000000e+01   4.3999284389428794e-04
   1.9000000000000000e+01   4.3166495743207633e-04
   2.0000000000000000e+01   4.3420257861725986e-04
   2.1000000000000000e+01   4.3471404933370650e-04
   2.2000000000000000e+01   4.0356896352022886e-04
   2.3000000000000000e+01   3.9972059312276542e-04
   2.4000000000000000e+01   4.1873933514580131e-04
   2.5000000000000000e+01   4.1971958125941455e-04
   2.6000000000000000e+01   4.0505712968297303e-04
   2.7000000000000000e+01   3.8672273512929678e-04
   2.8000000000000000e+01   4.1913226596079767e-04
   2.9000000000000000e+01   3.9747831760905683e-04
   3.0000000000000000e+01   4.0800884016789496e-04
   3.1000000000000000e+01   3.8224371382966638e-04
   3.2000000000000000e+01   3.7041312316432595e-04
   3.3000000000000000e+01   3.5680670407600701e-04
   3.4000000000000000e+01   3.7791172508150339e-04
   3.5000000000000000e+01   4.6652150922454894e-04
   3.6000000000000000e+01   5.2353437058627605e-04
   3.7000000000000000e+01   5.2343006245791912e-04
   3.8000000000000000e+01   5.2902143215760589e-04
   3.9000000000000000e+01   5.1675434224307537e-04
   4.0000000000000000e+01   5.2462163148447871e-04
   4.1000000000000000e+01   5.3274061065167189e-04
   4.2000000000000000e+01   6.3094106735661626e-04
   4.3000000000000000e+01   6.6414161119610071e-04
   4.4000000000000000e+01   7.5700698653236032e-04
   4.5000000000000000e+01   7.5195491081103683e-04
   4.6000000000000000e+01   8.1826443783938885e-04
   4.7000000000000000e+01   9.7324262605980039e-04
   4.8000000000000000e+01   1.1244006454944611e-03
   4.9000000000000000e+01   1.2319915695115924e-03
   5.0000000000000000e+01   1.3237014645710588e-03
   5.1000000000000000e+01   1.4817283954471350e-03
   5.2000000000000000e+01   1.6279104165732861e-03
   5.3000000000000000e+01   1.8529649823904037e-03
   5.4000000000000000e+01   2.1018078550696373e-03
   5.5000000000000000e+01   2.3418765049427748e-03
   5.6000000000000000e+01   2.5721958372741938e-03
   5.7000000000000000e+01   2.7403908316046000e-03
   5.8000000000000000e+01   2.8997363988310099e-03
   5.9000000000000000e+01   3.0487328767776489e-03
   6.0000000000000000e+01   3.2791316043585539e-03
   6.1000000000000000e+01   3.4765331074595451e-03
   6.2000000000000000e+01   3.5359265748411417e-03
   6.3000000000000000e+01   3.5962839610874653e-03
   6.4000000000000000e+01   3.7274421192705631e-03
   6.5000000000000000e+01   3.7658349610865116e-03
   6.6000000000000000e+01   3.7426699418574572e-03
   6.7000000000000000e+01   3.7938291206955910e-03
   6.8000000000000000e+01   3.7844434846192598e-03
   6.9000000000000000e+01   3.7813179660588503e-03
   7.0000000000000000e+01   3.7155714817345142e-03
   7.1000000000000000e+01   3.6447495222091675e-03
   7.2000000000000000e+01   3.5855101887136698e-03
   7.3000000000000000e+01   3.6112205125391483e-03
   7.4000000000000000e+01   3.5660730209201574e-03
   7.5000000000000000e+01   3.4750690683722496e-03
   7.6000000000000000e+01   3.3960740547627211e-03
   7.7000000000000000e+01   3.3774201292544603e-03
   7.8000000000000000e+01   3.3625415526330471e-03
   7.9000000000000000e+01   3.2813677098602057e-03
   8.0000000000000000e+01   3.2622267026454210e-03
   8.1000000000000000e+01   3.2675734255462885e-03
   8.2000000000000000e+01   3.2199523411691189e-03
   8.3000000000000000e+01   3.1514768488705158e-03
   8.4000000000000000e+01   3.0407321173697710e-03
   8.5000000000000000e+01   2.9840699862688780e-03
   8.6000000000000000e+01   3.0190674588084221e-03
   8.7000000000000000e+01   2.9551112093031406e-03
   8.8000000000000000e+01   2.8743755538016558e-03
   8.9000000000000000e+01   2.8048355598002672e-03
   9.0000000000000000e+01   2.7545867487788200e-03
   9.1000000000000000e+01   2.6971746701747179e-03
   9.2000000000000000e+01   2.6447526179254055e-03
   9.3000000000000000e+01   2.5753225199878216e-03
   9.4000000000000000e+01   2.5380202569067478e-03
   9.5000000000000000e+01   2.4718900676816702e-03
   9.6000000000000000e+01   2.4406902957707644e-03
   9.7000000000000000e+01   2.4346255231648684e-03
   9.8000000000000000e+01   2.3969316389411688e-03
   9.9000000000000000e+01   2.3769284598529339e-03
   1.0000000000000000e+02   2.3618543054908514e-03
   1.0100000000000000e+02   2.2698217071592808e-03
   1.0200000000000000e+02   2.2423102054744959e-03
   1.0300000000000000e+02   2.2074331063777208e-03
   1.0400000000000000e+02   2.2114820312708616e-03
   1.0500000000000000e+02   2.1956444252282381e-03
   1.0600000000000000e+02   2.2007147781550884e-03
   1.0700000000000000e+02   2.1873475052416325e-03
   1.0800000000000000e+02   2.1657512988895178e-03
   1.0900000000000000e+02   2.1487616468220949e-03
   1.1000000000000000e+02   2.1421730052679777e-03
   1.1100000000000000e+02   2.1100796293467283e-03
   1.1200000000000000e+02   2.0889940205961466e-03
   1.1300000000000000e+02   2.1102027967572212e-03
   1.1400000000000000e+02   2.1280699875205755e-03
   1.1500000000000000e+02   2.1457506809383631e-03
   1.1600000000000000e+02   2.1722014062106609e-03
   1.1700000000000000e+02   2.1817206870764494e-03
   1.1800000000000000e+02   2.2202304098755121e-03
   1.1900000000000000e+02   2.2289410699158907e-03
   1.2000000000000000e+02   2.2951404098421335e-03
   1.2100000000000000e+02   2.3234421387314796e-03
   1.2200000000000000e+02   2.3419433273375034e-03
   1.2300000000000000e+02   2.3920054081827402e-03
   1.2400000000000000e+02   2.4363088887184858e-03
   1.2500000000000000e+02   2.5081315543502569e-03
   1.2600000000000000e+02   2.6128387544304132e-03
   1.2700000000000000e+02   2.7205517981201410e-03
   1.2800000000000000e+02   2.8423594776540995e-03
   1.2900000000000000e+02   3.0094168614596128e-03
   1.3000000000000000e+02   3.1868857331573963e-03
   1.3100000000000000e+02   3.3906360622495413e-03
   1.3200000000000000e+02   3.6575649864971638e-03
   1.3300000000000000e+02   3.9031789638102055e-03
   1.3400000000000000e+02   4.2502102442085743e-03
   1.3500000000000000e+02   4.5763980597257614e-03
   1.3600000000000000e+02   4.9565327353775501e-03
   1.3700000000000000e+02   5.3822221234440804e-03
   1.3800000000000000e+02   5.8488743379712105e-03
   1.3900000000000000e+02   6.3373153097927570e-03
   1.4000000000000000e+02   6.8583032116293907e-03
   1.4100000000000000e+02   7.4229086749255657e-03
   1.4200000000000000e+02   8.0805560573935509e-03
   1.4300000000000000e+02   8.8217845186591148e-03
   1.4400000000000000e+02   9.4944238662719727e-03
   1.4500000000000000e+02   1.0222275741398335e-02
   1.4600000000000000e+02   1.1120142415165901e-02
   1.4700000000000000e+02   1.1885222047567368e-02
   1.4800000000000000e+02   1.2678118422627449e-02
   1.4900000000000000e+02   1.3471912592649460e-02
   1.5000000000000000e+02   1.4405976980924606e-02
   1.5100000000000000e+02   1.5210865065455437e-02
   1.5200000000000000e+02   1.6164802014827728e-02
   1.5300000000000000e+02   1.7077511176466942e-02
   1.5400000000000000e+02   1.8023515120148659e-02
   1.5500000000000000e+02   1.8970409408211708e-02
   1.5600000000000000e+02   1.9915428012609482e-02
   1.5700000000000000e+02   2.0846929401159286e-02
   1.5800000000000000e+02   2.1646255627274513e-02
   1.5900000000000000e+02   2.2580510005354881e-02
   1.6000000000000000e+02   2.3596823215484619e-02
   1.6100000000000000e+02   2.4401597678661346e-02
   1.6200000000000000e+02   2.5310670956969261e-02
   1.6300000000000000e+02   2.6131907477974892e-02
   1.6400000000000000e+02   2.6943223550915718e-02
   1.6500000000000000e+02   2.7738910168409348e-02
   1.6600000000000000e+02   2.8674082830548286e-02
   1.6700000000000000e+02   2.9455505311489105e-02
   1.6800000000000000e+02   3.0396657064557076e-02
   1.6900000000000000e+02   3.1130541115999222e-02
   1.7000000000000000e+02   3.2008726149797440e-02
   1.7100000000000000e+02   3.2860551029443741e-02
   1.7200000000000000e+02   3.3752854913473129e-02
   1.7300000000000000e+02   3.4646194428205490e-02
   1.7400000000000000e+02   3.5441581159830093e-02
   1.7500000000000000e+02   3.6125782877206802e-02
   1.7600000000000000e+02   3.6968149244785309e-02
   1.7700000000000000e+02   3.7885922938585281e-02
   1.7800000000000000e+02   3.8856659084558487e-02
   1.7900000000000000e+02   3.9804589003324509e-02
   1.8000000000000000e+02   4.0620993822813034e-02
   1.8100000000000000e+02   4.1552342474460602e-02
   1.8200000000000000e+02   4.2554978281259537e-02
   1.8300000000000000e+02   4.3288674205541611e-02
   1.8400000000000000e+02   4.4338352978229523e-02
   1.8500000000000000e+02   4.5251835137605667e-02
   1.8600000000000000e+02   4.6038482338190079e-02
   1.8700000000000000e+02   4.6919573098421097e-02
   1.8800000000000000e+02   4.7955460846424103e-02
   1.8900000000000000e+02   4.8928443342447281e-02
   1.9000000000000000e+02   5.0026927143335342e-02
   1.9100000000000000e+02   5.0847824662923813e-02
   1.9200000000000000e+02   5.1783584058284760e-02
   1.9300000000000000e+02   5.2744295448064804e-02
   1.9400000000000000e+02   5.3743235766887665e-02
   1.9500000000000000e+02   5.4629284888505936e-02
   1.9600000000000000e+02   5.5475212633609772e-02
   1.9700000000000000e+02   5.6314408779144287e-02
   1.9800000000000000e+02   5.7250037789344788e-02
   1.9900000000000000e+02   5.8116689324378967e-02
   2.0000000000000000e+02   5.9001486748456955e-02
   2.0100000000000000e+02   5.9749286621809006e-02
   2.0200000000000000e+02   6.0598749667406082e-02
   2.0300000000000000e+02   6.1342827975749969e-02
   2.0400000000000000e+02   6.2111984938383102e-02
   2.0500000000000000e+02   6.2652833759784698e-02
   2.0600000000000000e+02   6.3521727919578552e-02
   2.0700000000000000e+02   6.4130626618862152e-02
   2.0800000000000000e+02   6.4658537507057190e-02
   2.0900000000000000e+02   6.5230771899223328e-02
   2.1000000000000000e+02   6.5820582211017609e-02
   2.1100000000000000e+02   6.6622480750083923e-02
   2.1200000000000000e+02   6.7292205989360809e-02
   2.1300000000000000e+02   6.8033576011657715e-02
   2.1400000000000000e+02   6.8527244031429291e-02
   2.1500000000000000e+02   6.8830564618110657e-02
   2.1600000000000000e+02   6.9619096815586090e-02
   2.1700000000000000e+02   6.9909721612930298e-02
   2.1800000000000000e+02   7.0438809692859650e-02
   2.1900000000000000e+02   7.0793390274047852e-02
   2.2000000000000000e+02   7.1208976209163666e-02
   2.2100000000000000e+02   7.1462787687778473e-02
   2.2200000000000000e+02   7.1813635528087616e-02
   2.2300000000000000e+02   7.2207085788249969e-02
   2.2400000000000000e+02   7.2590142488479614e-02
   2.2500000000000000e+02   7.3055520653724670e-02
   2.2600000000000000e+02   7.3216959834098816e-02
   2.2700000000000000e+02   7.3402926325798035e-02
   2.2800000000000000e+02   7.3726676404476166e-02
   2.2900000000000000e+02   7.4009150266647339e-02
   2.3000000000000000e+02   7.4571654200553894e-02
   2.3100000000000000e+02   7.4558943510055542e-02
   2.3200000000000000e+02   7.4880577623844147e-02
   2.3300000000000000e+02   7.4957355856895447e-02
   2.3400000000000000e+02   7.5191691517829895e-02
   2.3500000000000000e+02   7.5516700744628906e-02
   2.3600000000000000e+02   7.5763724744319916e-02
   2.3700000000000000e+02   7.6121300458908081e-02
   2.3800000000000000e+02   7.6555863022804260e-02
   2.3900000000000000e+02   7.6585359871387482e-02
   2.4000000000000000e+02   7.6803915202617645e-02
   2.4100000000000000e+02   7.6839603483676910e-02
   2.4200000000000000e+02   7.6850280165672302e-02
   2.4300000000000000e+02   7.6686672866344452e-02
   2.4400000000000000e+02   7.6854124665260315e-02
   2.4500000000000000e+02   7.6746329665184021e-02
   2.4600000000000000e+02   7.6834045350551605e-02
   2.4700000000000000e+02   7.6799370348453522e-02
   2.4800000000000000e+02   7.6729603111743927e-02
   2.4900000000000000e+02   7.6758354902267456e-02
   2.5000000000000000e+02   7.6656356453895569e-02
   2.5100000000000000e+02   7.6685890555381775e-02
   2.5200000000000000e+02   7.6540328562259674e-02
   2.5300000000000000e+02   7.6182208955287933e-02
   2.5400000000000000e+02   7.6287344098091125e-02
   2.5500000000000000e+02   7.6098948717117310e-02
   2.5600000000000000e+02   7.6093815267086029e-02
   2.5700000000000000e+02   7.5979970395565033e-02
   2.5800000000000000e+02   7.5870409607887268e-02
   2.5900000000000000e+02   7.5631476938724518e-02
   2.6000000000000000e+02   7.5463250279426575e-02
   2.6100000000000000e+02   7.5517699122428894e-02
   2.6200000000000000e+02   7.5601883232593536e-02
   2.6300000000000000e+02   7.5665302574634552e-02
   2.6400000000000000e+02   7.5555153191089630e-02
   2.6500000000000000e+02   7.5443789362907410e-02
   2.6600000000000000e+02   7.5228109955787659e-02
   2.6700000000000000e+02   7.5177937746047974e-02
   2.6800000000000000e+02   7.5217522680759430e-02
   2.6900000000000000e+02   7.4909880757331848e-02
   2.7000000000000000e+02   7.4775226414203644e-02
   2.7100000000000000e+02   7.4563264846801758e-02
   2.7200000000000000e+02   7.4512049555778503e-02
   2.7300000000000000e+02   7.4360631406307220e-02
   2.7400000000000000e+02   7.4354484677314758e-02
   2.7500000000000000e+02   7.4178904294967651e-02
   2.7600000000000000e+02   7.3981679975986481e-02
   2.7700000000000000e+02   7.3706381022930145e-02
   2.7800000000000000e+02   7.3481075465679169e-02
   2.7900000000000000e+02   7.3217906057834625e-02
   2.8000000000000000e+02   7.3082096874713898e-02
   2.8100000000000000e+02   7.2933346033096313e-02
   2.8200000000000000e+02   7.2593845427036285e-02
   2.8300000000000000e+02   7.2310715913772583e-02
   2.8400000000000000e+02   7.2411350905895233e-02
   2.8500000000000000e+02   7.2167389094829559e-02
   2.8600000000000000e+02   7.2023235261440277e-02
   2.8700000000000000e+02   7.1933098137378693e-02
   2.8800000000000000e+02   7.1914024651050568e-02
   2.8900000000000000e+02   7.1513652801513672e-02
   2.9000000000000000e+02   7.1462988853454590e-02
   2.9100000000000000e+02   7.1249596774578094e-02
   2.9200000000000000e+02   7.1033395826816559e-02
   2.9300000000000000e+02   7.0706062018871307e-02
   2.9400000000000000e+02   7.0707455277442932e-02
   2.9500000000000000e+02   7.0608235895633698e-02
   2.9600000000000000e+02   7.0545487105846405e-02
   2.9700000000000000e+02   7.0521064102649689e-02
   2.9800000000000000e+02   7.0482388138771057e-02
   2.9900000000000000e+02   7.0089407265186310e-02
   3.0000000000000000e+02   7.0100001990795135e-02
