   1.0000000000000000e+00   3.8512148421432357e-06
   2.0000000000000000e+00   3.8252292142715305e-06
   3.0000000000000000e+00   3.7854476886423072e-06
   4.0000000000000000e+00   3.7331506064219866e-06
   5.0000000000000000e+00   3.6792616810998879e-06
   6.0000000000000000e+00   3.6394674225448398e-06
   7.0000000000000000e+00   3.6256303701520665e-06
   8.0000000000000000e+00   3.6375724903336959e-06
   9.0000000000000000e+00   3.6575120248016901e-06
   1.0000000000000000e+01   3.6718240608024644e-06
   1.1000000000000000e+01   3.6596247809939086e-06
   1.2000000000000000e+01   3.6212693430570653e-06
   1.3000000000000000e+01   3.5708917494048364e-06
   1.4000000000000000e+01   3.5349507925275248e-06
   1.5000000000000000e+01   3.5217490221839398e-06
   1.6000000000000000e+01   3.5208825011068257e-06
   1.7000000000000000e+01   3.5114996990159852e-06
   1.8000000000000000e+01   3.4815507206076290e-06
   1.9000000000000000e+01   3.4323720683460124e-06
   2.0000000000000000e+01   3.3642113521636929e-06
   2.1000000000000000e+01   3.2852071853994858e-06
   2.2000000000000000e+01   3.2109678613778669e-06
   2.3000000000000000e+01   3.1540155305265216e-06
   2.4000000000000000e+01   3.1154754651652183e-06
   2.5000000000000000e+01   3.0937737847125391e-06
   2.6000000000000000e+01   3.0798146326560527e-06
   2.7000000000000000e+01   3.0715677894477267e-06
   2.8000000000000000e+01   3.0657633942610119e-06
   2.9000000000000000e+01   3.0537416932929773e-06
   3.0000000000000000e+01   3.0459241315838881e-06
   3.1000000000000000e+01   3.0683240765938535e-06
   3.2000000000000000e+01   3.1611170925316401e-06
   3.3000000000000000e+01   3.3700187032081885e-06
   3.4000000000000000e+01   3.7006811908213422e-06
   3.5000000000000000e+01   4.1160510590998456e-06
   3.6000000000000000e+01   4.5322508412937168e-06
   3.7000000000000000e+01   4.9130699153465685e-06
   3.8000000000000000e+01   5.2533250709529966e-06
   3.9000000000000000e+01   5.6347771533182822e-06
   4.0000000000000000e+01   6.1427249420376029e-06
   4.1000000000000000e+01   6.8516642386384774e-06
   4.2000000000000000e+01   7.8333205237868242e-06
   4.3000000000000000e+01   9.1348201749497093e-06
   4.4000000000000000e+01   1.0824153832800221e-05
   4.5000000000000000e+01   1.3062193829682656e-05
   4.6000000000000000e+01   1.6032805433496833e-05
   4.7000000000000000e+01   1.9872619304805994e-05
   4.8000000000000000e+01   2.4713299353606999e-05
   4.9000000000000000e+01   3.0748313292860985e-05
   5.0000000000000000e+01   3.8207184843486175e-05
   5.1000000000000000e+01   4.7378576709888875e-05
   5.2000000000000000e+01   5.8473087847232819e-05
   5.3000000000000000e+01   7.1456648583989590e-05
   5.4000000000000000e+01   8.6055530118755996e-05
   5.5000000000000000e+01   1.0187922453042120e-04
   5.6000000000000000e+01   1.1852104944409803e-04
   5.7000000000000000e+01   1.3567051792051643e-04
   5.8000000000000000e+01   1.5312555478885770e-04
   5.9000000000000000e+01   1.7052816110663116e-04
   6.0000000000000000e+01   1.8724723486229777e-04
   6.1000000000000000e+01   2.0261234021745622e-04
   6.2000000000000000e+01   2.1616711455862969e-04
   6.3000000000000000e+01   2.2771483054384589e-04
   6.4000000000000000e+01   2.3728655651211739e-04
   6.5000000000000000e+01   2.4495166144333780e-04
   6.6000000000000000e+01   2.5076037854887545e-04
   6.7000000000000000e+01   2.5483302306383848e-04
   6.8000000000000000e+01   2.5733449729159474e-04
   6.9000000000000000e+01   2.5836704298853874e-04
   7.0000000000000000e+01   2.5809320504777133e-04
   7.1000000000000000e+01   2.5682058185338974e-04
   7.2000000000000000e+01   2.5480781914666295e-04
   7.3000000000000000e+01   2.5220835232175887e-04
   7.4000000000000000e+01   2.4919240968301892e-04
   7.5000000000000000e+01   2.4616401060484350e-04
   7.6000000000000000e+01   2.4361522810067981e-04
   7.7000000000000000e+01   2.4186362861655653e-04
   7.8000000000000000e+01   2.4093298998195678e-04
   7.9000000000000000e+01   2.4057038535829633e-04
   8.0000000000000000e+01   2.4042585573624820e-04
   8.1000000000000000e+01   2.4026275787036866e-04
   8.2000000000000000e+01   2.3974575742613524e-04
   8.3000000000000000e+01   2.3882428649812937e-04
   8.4000000000000000e+01   2.3767701350152493e-04
   8.5000000000000000e+01   2.3650654475204647e-04
   8.6000000000000000e+01   2.3520180548075587e-04
   8.7000000000000000e+01   2.3356714518740773e-04
   8.8000000000000000e+01   2.3147964384406805e-04
   8.9000000000000000e+01   2.2906389494892210e-04
   9.0000000000000000e+01   2.2659816022496670e-04
   9.1000000000000000e+01   2.2434419952332973e-04
   9.2000000000000000e+01   2.2235179494600743e-04
   9.3000000000000000e+01   2.2068168618716300e-04
   9.4000000000000000e+01   2.1924306929577142e-04
   9.5000000000000000e+01   2.1802530682180077e-04
   9.6000000000000000e+01   2.1687294065486640e-04
   9.7000000000000000e+01   2.1573762933257967e-04
   9.8000000000000000e+01   2.1446950268000364e-04
   9.9000000000000000e+01   2.1299569925758988e-04
   1.0000000000000000e+02   2.1130577079020441e-04
   1.0100000000000000e+02   2.0962824055459350e-04
   1.0200000000000000e+02   2.0823901286348701e-04
   1.0300000000000000e+02   2.0733317069243640e-04
   1.0400000000000000e+02   2.0690145902335644e-04
   1.0500000000000000e+02   2.0666465570684522e-04
   1.0600000000000000e+02   2.0632259838748723e-04
   1.0700000000000000e+02   2.0583088917192072e-04
   1.0800000000000000e+02   2.0521236001513898e-04
   1.0900000000000000e+02   2.0466781279537827e-04
   1.1000000000000000e+02   2.0438453066162765e-04
   1.1100000000000000e+02   2.0453355682548136e-04
   1.1200000000000000e+02   2.0521780243143439e-04
   1.1300000000000000e+02   2.0656660490203649e-04
   1.1400000000000000e+02   2.0863009558524936e-04
   1.1500000000000000e+02   2.1144315542187542e-04
   1.1600000000000000e+02   2.1499648573808372e-04
   1.1700000000000000e+02   2.1928329078946263e-04
   1.1800000000000000e+02   2.2433526464737952e-04
   1.1900000000000000e+02   2.3020603111945093e-04
   1.2000000000000000e+02   2.3695777053944767e-04
   1.2100000000000000e+02   2.4465823662467301e-04
   1.2200000000000000e+02   2.5336802355013788e-04
   1.2300000000000000e+02   2.6328457170166075e-04
   1.2400000000000000e+02   2.7482103905640543e-04
   1.2500000000000000e+02   2.8863787883892655e-04
   1.2600000000000000e+02   3.0559062724933028e-04
   1.2700000000000000e+02   3.2677539275027812e-04
   1.2800000000000000e+02   3.5313048283569515e-04
   1.2900000000000000e+02   3.8562007830478251e-04
   1.3000000000000000e+02   4.2507893522270024e-04
   1.3100000000000000e+02   4.7241573338396847e-04
   1.3200000000000000e+02   5.2831636276096106e-04
   1.3300000000000000e+02   5.9346511261537671e-04
   1.3400000000000000e+02   6.6887866705656052e-04
   1.3500000000000000e+02   7.5587077299132943e-04
   1.3600000000000000e+02   8.5660454351454973e-04
   1.3700000000000000e+02   9.7348907729610801e-04
   1.3800000000000000e+02   1.1089774779975414e-03
   1.3900000000000000e+02   1.2651251163333654e-03
   1.4000000000000000e+02   1.4434308977797627e-03
   1.4100000000000000e+02   1.6450252151116729e-03
   1.4200000000000000e+02   1.8706213450059295e-03
   1.4300000000000000e+02   2.1211160346865654e-03
   1.4400000000000000e+02   2.3976680822670460e-03
   1.4500000000000000e+02   2.7014026418328285e-03
   1.4600000000000000e+02   3.0335928313434124e-03
   1.4700000000000000e+02   3.3953303936868906e-03
   1.4800000000000000e+02   3.7879173178225756e-03
   1.4900000000000000e+02   4.2112306691706181e-03
   1.5000000000000000e+02   4.6654026955366135e-03
   1.5100000000000000e+02   5.1493290811777115e-03
   1.5200000000000000e+02   5.6617185473442078e-03
   1.5300000000000000e+02   6.2025398947298527e-03
   1.5400000000000000e+02   6.7718760110437870e-03
   1.5500000000000000e+02   7.3698158375918865e-03
   1.5600000000000000e+02   7.9952664673328400e-03
   1.5700000000000000e+02   8.6461054161190987e-03
   1.5800000000000000e+02   9.3203149735927582e-03
   1.5900000000000000e+02   1.0016112588346004e-02
   1.6000000000000000e+02   1.0733639821410179e-02
   1.6100000000000000e+02   1.1474240571260452e-02
   1.6200000000000000e+02   1.2241414748132229e-02
   1.6300000000000000e+02   1.3036406598985195e-02
   1.6400000000000000e+02   1.3858875259757042e-02
   1.6500000000000000e+02   1.4704494737088680e-02
   1.6600000000000000e+02   1.5567770227789879e-02
   1.6700000000000000e+02   1.6444511711597443e-02
   1.6800000000000000e+02   1.7331991344690323e-02
   1.6900000000000000e+02   1.8229331821203232e-02
   1.7000000000000000e+02   1.9138719886541367e-02
   1.7100000000000000e+02   2.0064102485775948e-02
   1.7200000000000000e+02   2.1008057519793510e-02
   1.7300000000000000e+02   2.1970206871628761e-02
   1.7400000000000000e+02   2.2945774719119072e-02
   1.7500000000000000e+02   2.3928275331854820e-02
   1.7600000000000000e+02   2.4911163374781609e-02
   1.7700000000000000e+02   2.5890348479151726e-02
   1.7800000000000000e+02   2.6868076995015144e-02
   1.7900000000000000e+02   2.7847722172737122e-02
   1.8000000000000000e+02   2.8834441676735878e-02
   1.8100000000000000e+02   2.9831528663635254e-02
   1.8200000000000000e+02   3.0837785452604294e-02
   1.8300000000000000e+02   3.1850554049015045e-02
   1.8400000000000000e+02   3.2863847911357880e-02
   1.8500000000000000e+02   3.3868115395307541e-02
   1.8600000000000000e+02   3.4852202981710434e-02
   1.8700000000000000e+02   3.5812929272651672e-02
   1.8800000000000000e+02   3.6751400679349899e-02
   1.8900000000000000e+02   3.7676844745874405e-02
   1.9000000000000000e+02   3.8602069020271301e-02
   1.9100000000000000e+02   3.9533481001853943e-02
   1.9200000000000000e+02   4.0465719997882843e-02
   1.9300000000000000e+02   4.1387036442756653e-02
   1.9400000000000000e+02   4.2284030467271805e-02
   1.9500000000000000e+02   4.3148070573806763e-02
   1.9600000000000000e+02   4.3979451060295105e-02
   1.9700000000000000e+02   4.4783562421798706e-02
   1.9800000000000000e+02   4.5564454048871994e-02
   1.9900000000000000e+02   4.6326607465744019e-02
   2.0000000000000000e+02   4.7070443630218506e-02
   2.0100000000000000e+02   4.7794710844755173e-02
   2.0200000000000000e+02   4.8494171351194382e-02
   2.0300000000000000e+02   4.9164965748786926e-02
   2.0400000000000000e+02   4.9795288592576981e-02
   2.0500000000000000e+02   5.0370436161756516e-02
   2.0600000000000000e+02   5.0883106887340546e-02
   2.0700000000000000e+02   5.1339510828256607e-02
   2.0800000000000000e+02   5.1751635968685150e-02
   2.0900000000000000e+02   5.2136156708002090e-02
   2.1000000000000000e+02   5.2505258470773697e-02
   2.1100000000000000e+02   5.2861738950014114e-02
   2.1200000000000000e+02   5.3201701492071152e-02
   2.1300000000000000e+02   5.3513806313276291e-02
   2.1400000000000000e+02   5.3786888718605042e-02
   2.1500000000000000e+02   5.4021142423152924e-02
   2.1600000000000000e+02   5.4227434098720551e-02
   2.1700000000000000e+02   5.4416075348854065e-02
   2.1800000000000000e+02   5.4595276713371277e-02
   2.1900000000000000e+02   5.4774086922407150e-02
   2.2000000000000000e+02   5.4958887398242950e-02
   2.2100000000000000e+02   5.5149964988231659e-02
   2.2200000000000000e+02   5.5342018604278564e-02
   2.2300000000000000e+02   5.5521659553050995e-02
   2.2400000000000000e+02   5.5674742907285690e-02
   2.2500000000000000e+02   5.5788137018680573e-02
   2.2600000000000000e+02   5.5856004357337952e-02
   2.2700000000000000e+02   5.5881451815366745e-02
   2.2800000000000000e+02   5.5883601307868958e-02
   2.2900000000000000e+02   5.5881310254335403e-02
   2.3000000000000000e+02   5.5883310735225677e-02
   2.3100000000000000e+02   5.5882934480905533e-02
   2.3200000000000000e+02   5.5870614945888519e-02
   2.3300000000000000e+02   5.5834118276834488e-02
   2.3400000000000000e+02   5.5767729878425598e-02
   2.3500000000000000e+02   5.5669344961643219e-02
   2.3600000000000000e+02   5.5543549358844757e-02
   2.3700000000000000e+02   5.5399626493453979e-02
   2.3800000000000000e+02   5.5254206061363220e-02
   2.3900000000000000e+02   5.5120676755905151e-02
   2.4000000000000000e+02   5.5011067539453506e-02
   2.4100000000000000e+02   5.4928034543991089e-02
   2.4200000000000000e+02   5.4864343255758286e-02
   2.4300000000000000e+02   5.4802294820547104e-02
   2.4400000000000000e+02   5.4725285619497299e-02
   2.4500000000000000e+02   5.4622914642095566e-02
   2.4600000000000000e+02   5.4494507610797882e-02
   2.4700000000000000e+02   5.4343804717063904e-02
   2.4800000000000000e+02   5.4178804159164429e-02
   2.4900000000000000e+02   5.4007336497306824e-02
   2.5000000000000000e+02   5.3841147571802139e-02
   2.5100000000000000e+02   5.3689084947109222e-02
   2.5200000000000000e+02   5.3551848977804184e-02
   2.5300000000000000e+02   5.3422365337610245e-02
   2.5400000000000000e+02   5.3290162235498428e-02
   2.5500000000000000e+02   5.3143046796321869e-02
   2.5600000000000000e+02   5.2971437573432922e-02
   2.5700000000000000e+02   5.2772756665945053e-02
   2.5800000000000000e+02   5.2548225969076157e-02
   2.5900000000000000e+02   5.2303969860076904e-02
   2.6000000000000000e+02   5.2049033343791962e-02
   2.6100000000000000e+02   5.1791183650493622e-02
   2.6200000000000000e+02   5.1536615937948227e-02
   2.6300000000000000e+02   5.1289051771163940e-02
   2.6400000000000000e+02   5.1045935600996017e-02
   2.6500000000000000e+02   5.0799056887626648e-02
   2.6600000000000000e+02   5.0540730357170105e-02
   2.6700000000000000e+02   5.0267308950424194e-02
   2.6800000000000000e+02   4.9980681389570236e-02
   2.6900000000000000e+02   4.9687284976243973e-02
   2.7000000000000000e+02   4.9389533698558807e-02
   2.7100000000000000e+02   4.9090303480625153e-02
   2.7200000000000000e+02   4.8792272806167603e-02
   2.7300000000000000e+02   4.8498619347810745e-02
   2.7400000000000000e+02   4.8211950808763504e-02
   2.7500000000000000e+02   4.7928687185049057e-02
   2.7600000000000000e+02   4.7648262232542038e-02
   2.7700000000000000e+02   4.7370649874210358e-02
   2.7800000000000000e+02   4.7097895294427872e-02
   2.7900000000000000e+02   4.6830777078866959e-02
   2.8000000000000000e+02   4.6567730605602264e-02
   2.8100000000000000e+02   4.6304166316986084e-02
   2.8200000000000000e+02   4.6032626181840897e-02
   2.8300000000000000e+02   4.5748583972454071e-02
   2.8400000000000000e+02   4.5452281832695007e-02
   2.8500000000000000e+02   4.5151419937610626e-02
   2.8600000000000000e+02   4.4859837740659714e-02
   2.8700000000000000e+02   4.4584054499864578e-02
   2.8800000000000000e+02   4.4327061623334885e-02
   2.8900000000000000e+02   4.4086746871471405e-02
   2.9000000000000000e+02   4.3862119317054749e-02
   2.9100000000000000e+02   4.3650187551975250e-02
   2.9200000000000000e+02   4.3451707810163498e-02
   2.9300000000000000e+02   4.3267738074064255e-02
   2.9400000000000000e+02   4.3101180344820023e-02
   2.9500000000000000e+02   4.2952381074428558e-02
   2.9600000000000000e+02   4.2828056961297989e-02
   2.9700000000000000e+02   4.2726986110210419e-02
   2.9800000000000000e+02   4.2650278657674789e-02
   2.9900000000000000e+02   4.2594913393259048e-02
   3.0000000000000000e+02   4.2556867003440857e-02
