   1.0000000000000000e+00   1.2760894373059273e-02
   2.0000000000000000e+00   1.2443675659596920e-02
   3.0000000000000000e+00   1.2138837017118931e-02
   4.0000000000000000e+00   1.1839798651635647e-02
   5.0000000000000000e+00   1.1512598022818565e-02
   6.0000000000000000e+00   1.1125114746391773e-02
   7.0000000000000000e+00   1.0769875720143318e-02
   8.0000000000000000e+00   1.0328491218388081e-02
   9.0000000000000000e+00   9.9827684462070465e-03
   1.0000000000000000e+01   9.6357129514217377e-03
   1.1000000000000000e+01   9.3704881146550179e-03
   1.2000000000000000e+01   9.1296024620532990e-03
   1.3000000000000000e+01   8.8345604017376900e-03
   1.4000000000000000e+01   8.6738560348749161e-03
   1.5000000000000000e+01   8.3706583827733994e-03
   1.6000000000000000e+01   7.9431999474763870e-03
   1.7000000000000000e+01   7.6101943850517273e-03
   1.8000000000000000e+01   7.2838230989873409e-03
   1.9000000000000000e+01   7.0587610825896263e-03
   2.0000000000000000e+01   6.7451531067490578e-03
   2.1000000000000000e+01   6.5192370675504208e-03
   2.2000000000000000e+01   6.2219663523137569e-03
   2.3000000000000000e+01   6.0520218685269356e-03
   2.4000000000000000e+01   5.8329743333160877e-03
   2.5000000000000000e+01   5.5936486460268497e-03
   2.6000000000000000e+01   5.3328745998442173e-03
   2.7000000000000000e+01   5.0872727297246456e-03
   2.8000000000000000e+01   4.8687676899135113e-03
   2.9000000000000000e+01   4.6233935281634331e-03
   3.0000000000000000e+01   4.4593508355319500e-03
   3.1000000000000000e+01   4.3592629954218864e-03
   3.2000000000000000e+01   4.2228456586599350e-03
   3.3000000000000000e+01   4.0630837902426720e-03
   3.4000000000000000e+01   3.9006611332297325e-03
   3.5000000000000000e+01   3.8184174336493015e-03
   3.6000000000000000e+01   3.6456787493079901e-03
   3.7000000000000000e+01   3.5630897618830204e-03
   3.8000000000000000e+01   3.4537552855908871e-03
   3.9000000000000000e+01   3.3620907925069332e-03
   4.0000000000000000e+01   3.2899538055062294e-03
   4.1000000000000000e+01   3.2237425912171602e-03
   4.2000000000000000e+01   3.1865041237324476e-03
   4.3000000000000000e+01   3.0999819282442331e-03
   4.4000000000000000e+01   2.9864131938666105e-03
   4.5000000000000000e+01   2.9250055085867643e-03
   4.6000000000000000e+01   2.8279453981667757e-03
   4.7000000000000000e+01   2.7646045200526714e-03
   4.8000000000000000e+01   2.6938149239867926e-03
   4.9000000000000000e+01   2.6409400161355734e-03
   5.0000000000000000e+01   2.5709765031933784e-03
   5.1000000000000000e+01   2.5233379565179348e-03
   5.2000000000000000e+01   2.5036111474037170e-03
   5.3000000000000000e+01   2.4804400745779276e-03
   5.4000000000000000e+01   2.4770975578576326e-03
   5.5000000000000000e+01   2.4257886689156294e-03
   5.6000000000000000e+01   2.3663232568651438e-03
   5.7000000000000000e+01   2.2893394343554974e-03
   5.8000000000000000e+01   2.3377118632197380e-03
   5.9000000000000000e+01   2.3398685734719038e-03
   6.0000000000000000e+01   2.3331828415393829e-03
   6.1000000000000000e+01   2.3311853874474764e-03
   6.2000000000000000e+01   2.3110699839890003e-03
   6.3000000000000000e+01   2.2749828640371561e-03
   6.4000000000000000e+01   2.2623247932642698e-03
   6.5000000000000000e+01   2.2805221378803253e-03
   6.6000000000000000e+01   2.2578290663659573e-03
   6.7000000000000000e+01   2.2272174246609211e-03
   6.8000000000000000e+01   2.1926502231508493e-03
   6.9000000000000000e+01   2.1494205575436354e-03
   7.0000000000000000e+01   2.1739040967077017e-03
   7.1000000000000000e+01   2.1929596550762653e-03
   7.2000000000000000e+01   2.2128133568912745e-03
   7.3000000000000000e+01   2.1747834980487823e-03
   7.4000000000000000e+01   2.1741040982306004e-03
   7.5000000000000000e+01   2.1248185075819492e-03
   7.6000000000000000e+01   2.1253628656268120e-03
   7.7000000000000000e+01   2.1099054720252752e-03
   7.8000000000000000e+01   2.1425236482173204e-03
   7.9000000000000000e+01   2.1753537002950907e-03
   8.0000000000000000e+01   2.1487553603947163e-03
   8.1000000000000000e+01   2.1535863634198904e-03
   8.2000000000000000e+01   2.1662113722413778e-03
   8.3000000000000000e+01   2.1640248596668243e-03
   8.4000000000000000e+01   2.1687822882086039e-03
   8.5000000000000000e+01   2.1842676214873791e-03
   8.6000000000000000e+01   2.1745956037193537e-03
   8.7000000000000000e+01   2.1814154461026192e-03
   8.8000000000000000e+01   2.1957210265100002e-03
   8.9000000000000000e+01   2.2188513539731503e-03
   9.0000000000000000e+01   2.2330337669700384e-03
   9.1000000000000000e+01   2.2288253530859947e-03
   9.2000000000000000e+01   2.2311692591756582e-03
   9.3000000000000000e+01   2.2143730893731117e-03
   9.4000000000000000e+01   2.1737958304584026e-03
   9.5000000000000000e+01   2.1921389270573854e-03
   9.6000000000000000e+01   2.1792559418827295e-03
   9.7000000000000000e+01   2.1558401640504599e-03
   9.8000000000000000e+01   2.1834492217749357e-03
   9.9000000000000000e+01   2.1769742015749216e-03
   1.0000000000000000e+02   2.1218587644398212e-03
   1.0100000000000000e+02   2.1157336886972189e-03
   1.0200000000000000e+02   2.0815937314182520e-03
   1.0300000000000000e+02   2.0644471514970064e-03
   1.0400000000000000e+02   2.0632857922464609e-03
   1.0500000000000000e+02   2.0734858699142933e-03
   1.0600000000000000e+02   2.1161877084523439e-03
   1.0700000000000000e+02   2.1269840653985739e-03
   1.0800000000000000e+02   2.1657103206962347e-03
   1.0900000000000000e+02   2.1596690639853477e-03
   1.1000000000000000e+02   2.1307293791323900e-03
   1.1100000000000000e+02   2.1666116081178188e-03
   1.1200000000000000e+02   2.1988647058606148e-03
   1.1300000000000000e+02   2.1719662472605705e-03
   1.1400000000000000e+02   2.1773807238787413e-03
   1.1500000000000000e+02   2.2177172359079123e-03
   1.1600000000000000e+02   2.2093413863331079e-03
   1.1700000000000000e+02   2.2318002302199602e-03
   1.1800000000000000e+02   2.2373641841113567e-03
   1.1900000000000000e+02   2.2244367282837629e-03
   1.2000000000000000e+02   2.2203505504876375e-03
   1.2100000000000000e+02   2.1748521830886602e-03
   1.2200000000000000e+02   2.1680861245840788e-03
   1.2300000000000000e+02   2.1346295252442360e-03
   1.2400000000000000e+02   2.1597947925329208e-03
   1.2500000000000000e+02   6.2576100230216980e-02
   1.2600000000000000e+02   6.6517718136310577e-02
   1.2700000000000000e+02   7.0673063397407532e-02
   1.2800000000000000e+02   7.4432782828807831e-02
   1.2900000000000000e+02   7.7692233026027679e-02
   1.3000000000000000e+02   8.0856904387474060e-02
   1.3100000000000000e+02   8.4277212619781494e-02
   1.3200000000000000e+02   8.7278343737125397e-02
   1.3300000000000000e+02   9.4149388372898102e-02
   1.3400000000000000e+02   1.0170297324657440e-01
   1.3500000000000000e+02   1.0867568850517273e-01
   1.3600000000000000e+02   1.1492403596639633e-01
   1.3700000000000000e+02   1.2049004435539246e-01
   1.3800000000000000e+02   1.2587021291255951e-01
   1.3900000000000000e+02   1.3101184368133545e-01
   1.4000000000000000e+02   1.3517181575298309e-01
   1.4100000000000000e+02   1.3909664750099182e-01
   1.4200000000000000e+02   1.4234414696693420e-01
   1.4300000000000000e+02   1.4549402892589569e-01
   1.4400000000000000e+02   1.4804933965206146e-01
   1.4500000000000000e+02   1.5039317309856415e-01
   1.4600000000000000e+02   1.5221332013607025e-01
   1.4700000000000000e+02   1.5415200591087341e-01
   1.4800000000000000e+02   1.5534783899784088e-01
   1.4900000000000000e+02   1.5617017447948456e-01
   1.5000000000000000e+02   1.5601895749568939e-01
   1.5100000000000000e+02   1.5519714355468750e-01
   1.5200000000000000e+02   1.5493735671043396e-01
   1.5300000000000000e+02   1.5429463982582092e-01
   1.5400000000000000e+02   1.5333072841167450e-01
   1.5500000000000000e+02   1.5247063338756561e-01
   1.5600000000000000e+02   1.5136615931987762e-01
   1.5700000000000000e+02   1.4987261593341827e-01
   1.5800000000000000e+02   1.4863584935665131e-01
   1.5900000000000000e+02   1.4786787331104279e-01
   1.6000000000000000e+02   1.4638356864452362e-01
   1.6100000000000000e+02   1.4460018277168274e-01
   1.6200000000000000e+02   1.4220736920833588e-01
   1.6300000000000000e+02   1.3950914144515991e-01
   1.6400000000000000e+02   1.3714586198329926e-01
   1.6500000000000000e+02   1.3518646359443665e-01
   1.6600000000000000e+02   1.3440616428852081e-01
   1.6700000000000000e+02   1.3263081014156342e-01
   1.6800000000000000e+02   1.3133150339126587e-01
   1.6900000000000000e+02   1.2918750941753387e-01
   1.7000000000000000e+02   1.2701800465583801e-01
   1.7100000000000000e+02   1.2543383240699768e-01
   1.7200000000000000e+02   1.2435248494148254e-01
   1.7300000000000000e+02   1.2263505905866623e-01
   1.7400000000000000e+02   1.2056913971900940e-01
   1.7500000000000000e+02   1.1925972253084183e-01
   1.7600000000000000e+02   1.1767900735139847e-01
   1.7700000000000000e+02   1.1657722294330597e-01
   1.7800000000000000e+02   1.1561468243598938e-01
   1.7900000000000000e+02   1.1435521394014359e-01
   1.8000000000000000e+02   1.1324080079793930e-01
   1.8100000000000000e+02   1.1146704852581024e-01
   1.8200000000000000e+02   1.0996048897504807e-01
   1.8300000000000000e+02   1.0782523453235626e-01
   1.8400000000000000e+02   1.0662364214658737e-01
   1.8500000000000000e+02   1.0517331212759018e-01
   1.8600000000000000e+02   1.0331984609365463e-01
   1.8700000000000000e+02   1.0173954069614410e-01
   1.8800000000000000e+02   9.9996477365493774e-02
   1.8900000000000000e+02   9.8358258605003357e-02
   1.9000000000000000e+02   9.6628479659557343e-02
   1.9100000000000000e+02   9.5173262059688568e-02
   1.9200000000000000e+02   9.3679398298263550e-02
   1.9300000000000000e+02   9.2130146920681000e-02
   1.9400000000000000e+02   9.0365804731845856e-02
   1.9500000000000000e+02   8.8622443377971649e-02
   1.9600000000000000e+02   8.6824968457221985e-02
   1.9700000000000000e+02   8.5369788110256195e-02
   1.9800000000000000e+02   8.3929978311061859e-02
   1.9900000000000000e+02   8.2488194108009338e-02
   2.0000000000000000e+02   8.1156656146049500e-02
   2.0100000000000000e+02   7.9998753964900970e-02
   2.0200000000000000e+02   7.8314527869224548e-02
   2.0300000000000000e+02   7.6880283653736115e-02
   2.0400000000000000e+02   7.5516700744628906e-02
   2.0500000000000000e+02   7.4104994535446167e-02
   2.0600000000000000e+02   7.2694823145866394e-02
   2.0700000000000000e+02   7.1020863950252533e-02
   2.0800000000000000e+02   6.9560773670673370e-02
   2.0900000000000000e+02   6.8132728338241577e-02
   2.1000000000000000e+02   6.6692702472209930e-02
   2.1100000000000000e+02   6.5271548926830292e-02
   2.1200000000000000e+02   6.3675388693809509e-02
   2.1300000000000000e+02   6.2507174909114838e-02
   2.1400000000000000e+02   6.1540249735116959e-02
   2.1500000000000000e+02   6.0267351567745209e-02
   2.1600000000000000e+02   5.8906037360429764e-02
   2.1700000000000000e+02   5.7733643800020218e-02
   2.1800000000000000e+02   5.6589562445878983e-02
   2.1900000000000000e+02   5.5483110249042511e-02
   2.2000000000000000e+02   5.4531749337911606e-02
   2.2100000000000000e+02   5.3561303764581680e-02
   2.2200000000000000e+02   5.2810136228799820e-02
   2.2300000000000000e+02   5.2028641104698181e-02
   2.2400000000000000e+02   5.1318649202585220e-02
   2.2500000000000000e+02   5.0504907965660095e-02
   2.2600000000000000e+02   4.9824777990579605e-02
   2.2700000000000000e+02   4.9028810113668442e-02
   2.2800000000000000e+02   4.8222582787275314e-02
   2.2900000000000000e+02   4.7114610671997070e-02
   2.3000000000000000e+02   4.6522583812475204e-02
   2.3100000000000000e+02   4.5747697353363037e-02
   2.3200000000000000e+02   4.4991217553615570e-02
   2.3300000000000000e+02   4.4179741293191910e-02
   2.3400000000000000e+02   4.3735578656196594e-02
   2.3500000000000000e+02   4.2863193899393082e-02
   2.3600000000000000e+02   4.1966177523136139e-02
   2.3700000000000000e+02   4.1295621544122696e-02
   2.3800000000000000e+02   4.0526576340198517e-02
   2.3900000000000000e+02   3.9786744862794876e-02
   2.4000000000000000e+02   3.9036083966493607e-02
   2.4100000000000000e+02   3.8454223424196243e-02
   2.4200000000000000e+02   3.8128297775983810e-02
   2.4300000000000000e+02   3.7452228367328644e-02
   2.4400000000000000e+02   3.6828938871622086e-02
   2.4500000000000000e+02   3.6068085581064224e-02
   2.4600000000000000e+02   3.5494301468133926e-02
   2.4700000000000000e+02   3.5092029720544815e-02
   2.4800000000000000e+02   3.4677967429161072e-02
   2.4900000000000000e+02   3.3950813114643097e-02
   2.5000000000000000e+02   3.3361356705427170e-02
   2.5100000000000000e+02   3.3076521009206772e-02
   2.5200000000000000e+02   3.2565068453550339e-02
   2.5300000000000000e+02   3.2264407724142075e-02
   2.5400000000000000e+02   3.1778436154127121e-02
   2.5500000000000000e+02   3.1660947948694229e-02
   2.5600000000000000e+02   3.1295996159315109e-02
   2.5700000000000000e+02   3.0577775090932846e-02
   2.5800000000000000e+02   3.0290221795439720e-02
   2.5900000000000000e+02   3.0241135507822037e-02
   2.6000000000000000e+02   3.0124746263027191e-02
   2.6100000000000000e+02   2.9919765889644623e-02
   2.6200000000000000e+02   2.9520286247134209e-02
   2.6300000000000000e+02   2.9278043657541275e-02
   2.6400000000000000e+02   2.9027488082647324e-02
   2.6500000000000000e+02   2.8859931975603104e-02
   2.6600000000000000e+02   2.8631914407014847e-02
   2.6700000000000000e+02   2.8392994776368141e-02
   2.6800000000000000e+02   2.8050115332007408e-02
   2.6900000000000000e+02   2.7939630672335625e-02
   2.7000000000000000e+02   2.7357472106814384e-02
   2.7100000000000000e+02   2.6852283626794815e-02
   2.7200000000000000e+02   2.6794681325554848e-02
   2.7300000000000000e+02   2.6431785896420479e-02
   2.7400000000000000e+02   2.5848126038908958e-02
   2.7500000000000000e+02   2.5317139923572540e-02
   2.7600000000000000e+02   2.4901466444134712e-02
   2.7700000000000000e+02   2.4424098432064056e-02
   2.7800000000000000e+02   2.4182729423046112e-02
   2.7900000000000000e+02   2.3851774632930756e-02
   2.8000000000000000e+02   2.3345170542597771e-02
   2.8100000000000000e+02   2.2788994014263153e-02
   2.8200000000000000e+02   2.2275274619460106e-02
   2.8300000000000000e+02   2.1723389625549316e-02
   2.8400000000000000e+02   2.1036555990576744e-02
   2.8500000000000000e+02   2.0782511681318283e-02
   2.8600000000000000e+02   2.0576797425746918e-02
   2.8700000000000000e+02   1.9919864833354950e-02
   2.8800000000000000e+02   1.9424587488174438e-02
   2.8900000000000000e+02   1.8762262538075447e-02
   2.9000000000000000e+02   1.8264120444655418e-02
   2.9100000000000000e+02   1.7821490764617920e-02
   2.9200000000000000e+02   1.7341790720820427e-02
   2.9300000000000000e+02   1.6622234135866165e-02
   2.9400000000000000e+02   1.6036661341786385e-02
   2.9500000000000000e+02   1.5624047257006168e-02
   2.9600000000000000e+02   1.5177111141383648e-02
   2.9700000000000000e+02   1.4699215069413185e-02
   2.9800000000000000e+02   1.4261621981859207e-02
   2.9900000000000000e+02   1.3781269080936909e-02
   3.0000000000000000e+02   1.3262214139103889e-02
