   1.0000000000000000e+00   1.3965275138616562e-04
   2.0000000000000000e+00   1.3002571358811110e-04
   3.0000000000000000e+00   1.1702314805006608e-04
   4.0000000000000000e+00   1.0892378486460075e-04
   5.0000000000000000e+00   9.9846911325585097e-05
   6.0000000000000000e+00   9.2166425019968301e-05
   7.0000000000000000e+00   2.7834932552650571e-04
   8.0000000000000000e+00   2.6114479987882078e-04
   9.0000000000000000e+00   2.5426471256650984e-04
   1.0000000000000000e+01   2.3245728516485542e-04
   1.1000000000000000e+01   9.3704648315906525e-04
   1.2000000000000000e+01   1.5967667102813721e-02
   1.3000000000000000e+01   3.2010231167078018e-02
   1.4000000000000000e+01   5.1555141806602478e-02
   1.5000000000000000e+01   7.0922136306762695e-02
   1.6000000000000000e+01   1.0195465385913849e-01
   1.7000000000000000e+01   1.4402066171169281e-01
   1.8000000000000000e+01   2.0368041098117828e-01
   1.9000000000000000e+01   2.6965010166168213e-01
   2.0000000000000000e+01   3.3632817864418030e-01
   2.1000000000000000e+01   4.0374267101287842e-01
   2.2000000000000000e+01   4.7106447815895081e-01
   2.3000000000000000e+01   5.3855806589126587e-01
   2.4000000000000000e+01   6.0575968027114868e-01
   2.5000000000000000e+01   6.6345471143722534e-01
   2.6000000000000000e+01   7.1991568803787231e-01
   2.7000000000000000e+01   7.5927460193634033e-01
   2.8000000000000000e+01   7.8826642036437988e-01
   2.9000000000000000e+01   8.1045931577682495e-01
   3.0000000000000000e+01   8.3063954114913940e-01
   3.1000000000000000e+01   8.2017481327056885e-01
   3.2000000000000000e+01   7.8233355283737183e-01
   3.3000000000000000e+01   7.2276937961578369e-01
   3.4000000000000000e+01   6.5680807828903198e-01
   3.5000000000000000e+01   5.9013456106185913e-01
   3.6000000000000000e+01   5.2272504568099976e-01
   3.7000000000000000e+01   4.5522767305374146e-01
   3.8000000000000000e+01   3.8773775100708008e-01
   3.9000000000000000e+01   3.2054138183593750e-01
   4.0000000000000000e+01   2.6285615563392639e-01
   4.1000000000000000e+01   2.0573115348815918e-01
   4.2000000000000000e+01   1.5176133811473846e-01
   4.3000000000000000e+01   1.0704571753740311e-01
   4.4000000000000000e+01   6.5352886915206909e-02
   4.5000000000000000e+01   2.5797763839364052e-02
   4.6000000000000000e+01   5.2299653179943562e-03
   4.7000000000000000e+01   1.0019306791946292e-03
   4.8000000000000000e+01   9.0651161735877395e-04
   4.9000000000000000e+01   8.9636229677125812e-04
   5.0000000000000000e+01   8.9194200700148940e-04
   5.1000000000000000e+01   8.8702066568657756e-04
   5.2000000000000000e+01   8.8279263582080603e-04
   5.3000000000000000e+01   8.7793701095506549e-04
   5.4000000000000000e+01   8.7218242697417736e-04
   5.5000000000000000e+01   8.6182705126702785e-04
   5.6000000000000000e+01   8.1930274609476328e-04
   5.7000000000000000e+01   3.9414162165485322e-04
   5.8000000000000000e+01   7.3427094321232289e-05
   5.9000000000000000e+01   2.7629426767816767e-05
   6.0000000000000000e+01   2.6182668079854921e-05
   6.1000000000000000e+01   1.0481621575308964e-04
   6.2000000000000000e+01   2.1946875494904816e-04
   6.3000000000000000e+01   2.4636031594127417e-04
   6.4000000000000000e+01   2.4782956461422145e-04
   6.5000000000000000e+01   2.4845724692568183e-04
   6.6000000000000000e+01   2.4899543495848775e-04
   6.7000000000000000e+01   2.4992527323774993e-04
   6.8000000000000000e+01   2.5040144100785255e-04
   6.9000000000000000e+01   2.5079591432586312e-04
   7.0000000000000000e+01   2.5028616073541343e-04
   7.1000000000000000e+01   2.4854225921444595e-04
   7.2000000000000000e+01   2.4543673498556018e-04
   7.3000000000000000e+01   2.3955115466378629e-04
   7.4000000000000000e+01   2.3225533368531615e-04
   7.5000000000000000e+01   2.2682835697196424e-04
   7.6000000000000000e+01   1.4734530122950673e-04
   7.7000000000000000e+01   3.2533800549572334e-05
   7.8000000000000000e+01   5.8826071835937910e-06
   7.9000000000000000e+01   6.2192953009798657e-06
   8.0000000000000000e+01   6.4729738369351253e-06
   8.1000000000000000e+01   6.3851280174276326e-06
   8.2000000000000000e+01   7.4143272286164574e-06
   8.3000000000000000e+01   7.0953892645775340e-06
   8.4000000000000000e+01   2.0728937670355663e-05
   8.5000000000000000e+01   4.0745322621660307e-05
   8.6000000000000000e+01   8.7203370640054345e-05
   8.7000000000000000e+01   4.7134971828199923e-04
   8.8000000000000000e+01   5.0304015167057514e-04
   8.9000000000000000e+01   5.0693278899416327e-04
   9.0000000000000000e+01   5.1356316544115543e-04
   9.1000000000000000e+01   5.8177247410640121e-04
   9.2000000000000000e+01   5.8311072643846273e-04
   9.3000000000000000e+01   5.8373832143843174e-04
   9.4000000000000000e+01   5.8425503084436059e-04
   9.5000000000000000e+01   5.8335001813247800e-04
   9.6000000000000000e+01   5.8402767172083259e-04
   9.7000000000000000e+01   5.8219261700287461e-04
   9.8000000000000000e+01   5.8192136930301785e-04
   9.9000000000000000e+01   5.6790874805301428e-04
   1.0000000000000000e+02   5.4786301916465163e-04
   1.0100000000000000e+02   5.0553184701129794e-04
   1.0200000000000000e+02   1.2140742910560220e-04
   1.0300000000000000e+02   8.9712375483941287e-05
   1.0400000000000000e+02   8.5927284089848399e-05
   1.0500000000000000e+02   7.9297678894363344e-05
   1.0600000000000000e+02   1.1060993529099505e-05
   1.0700000000000000e+02   9.6370322353322990e-06
   1.0800000000000000e+02   8.6243617261061445e-06
   1.0900000000000000e+02   6.2001249716558959e-06
   1.1000000000000000e+02   6.1301957430259790e-06
   1.1100000000000000e+02   4.8882934606808703e-06
   1.1200000000000000e+02   4.7144790187303443e-06
   1.1300000000000000e+02   4.6985951485112309e-06
   1.1400000000000000e+02   4.4391645133146085e-06
   1.1500000000000000e+02   4.4321991481410805e-06
   1.1600000000000000e+02   3.5405611242822488e-07
   1.1700000000000000e+02   3.4067525689351896e-07
   1.1800000000000000e+02   5.2586534593501710e-07
   1.1900000000000000e+02   5.8547720982460305e-07
   1.2000000000000000e+02   1.4299700978881447e-06
   1.2100000000000000e+02   1.6646529275021749e-06
   1.2200000000000000e+02   5.8883601923298556e-06
   1.2300000000000000e+02   6.4109890445251949e-06
   1.2400000000000000e+02   8.2888554970850237e-06
   1.2500000000000000e+02   2.7553234758670442e-05
   1.2600000000000000e+02   3.1682389817433432e-05
   1.2700000000000000e+02   4.9669350119074807e-05
   1.2800000000000000e+02   5.1298644393682480e-05
   1.2900000000000000e+02   6.2587576394435018e-05
   1.3000000000000000e+02   6.4872729126363993e-05
   1.3100000000000000e+02   9.0535431809257716e-05
   1.3200000000000000e+02   9.2875241534784436e-05
   1.3300000000000000e+02   1.0589753946987912e-04
   1.3400000000000000e+02   1.1040512617910281e-04
   1.3500000000000000e+02   1.1311085108900443e-04
   1.3600000000000000e+02   1.3380691234488040e-04
   1.3700000000000000e+02   1.5140291361603886e-04
   1.3800000000000000e+02   1.5344041457865387e-04
   1.3900000000000000e+02   1.5317370707634836e-04
   1.4000000000000000e+02   1.3661198318004608e-04
   1.4100000000000000e+02   1.3857045269105583e-04
   1.4200000000000000e+02   1.2124796194257215e-04
   1.4300000000000000e+02   1.1991393694188446e-04
   1.4400000000000000e+02   1.0899679182330146e-04
   1.4500000000000000e+02   1.0711250070016831e-04
   1.4600000000000000e+02   8.1641672295518219e-05
   1.4700000000000000e+02   7.9585493949707597e-05
   1.4800000000000000e+02   6.6480963141657412e-05
   1.4900000000000000e+02   6.1884908063802868e-05
   1.5000000000000000e+02   5.8351575717097148e-05
   1.5100000000000000e+02   3.7438941944856197e-05
   1.5200000000000000e+02   1.5648192857042886e-05
   1.5300000000000000e+02   1.3122348718752619e-05
   1.5400000000000000e+02   1.1538219041540287e-05
   1.5500000000000000e+02   8.8387068899464794e-06
   1.5600000000000000e+02   2.7646337912301533e-06
   1.5700000000000000e+02   2.0961892914783675e-06
   1.5800000000000000e+02   1.7986403690883890e-06
   1.5900000000000000e+02   1.4637214462709380e-06
   1.6000000000000000e+02   1.0244615396004519e-06
   1.6100000000000000e+02   7.8898301580920815e-07
   1.6200000000000000e+02   5.0552233687994885e-07
   1.6300000000000000e+02   4.0133389234142669e-07
   1.6400000000000000e+02   3.5792697872238932e-07
   1.6500000000000000e+02   3.6196425412526878e-07
   1.6600000000000000e+02   3.6031605077369022e-07
   1.6700000000000000e+02   3.5131745335093001e-07
   1.6800000000000000e+02   3.4612506283338007e-07
   1.6900000000000000e+02   3.4146722782679717e-07
   1.7000000000000000e+02   3.7293222021617112e-07
   1.7100000000000000e+02   4.2833397628783132e-07
   1.7200000000000000e+02   4.3247189296380384e-07
   1.7300000000000000e+02   5.0168199550171266e-07
   1.7400000000000000e+02   5.1946705070804455e-07
   1.7500000000000000e+02   7.2494196956540691e-07
   1.7600000000000000e+02   9.7917541097558569e-07
   1.7700000000000000e+02   1.1957358765357640e-06
   1.7800000000000000e+02   1.3013764146307949e-06
   1.7900000000000000e+02   1.6306115639963537e-06
   1.8000000000000000e+02   1.7490780237494619e-06
   1.8100000000000000e+02   2.5501781237835530e-06
   1.8200000000000000e+02   4.1865996536216699e-06
   1.8300000000000000e+02   4.9410173232899979e-06
   1.8400000000000000e+02   5.4841907513036858e-06
   1.8500000000000000e+02   6.8664571699628141e-06
   1.8600000000000000e+02   8.1444686657050624e-06
   1.8700000000000000e+02   1.0442441634950228e-05
   1.8800000000000000e+02   1.4684072993986774e-05
   1.8900000000000000e+02   1.9637629520730115e-05
   1.9000000000000000e+02   2.6915078706224449e-05
   1.9100000000000000e+02   3.8023394154151902e-05
   1.9200000000000000e+02   4.0767565224086866e-05
   1.9300000000000000e+02   5.0389258831273764e-05
   1.9400000000000000e+02   5.6503620726289228e-05
   1.9500000000000000e+02   5.9274399973219261e-05
   1.9600000000000000e+02   8.4038976638112217e-05
   1.9700000000000000e+02   9.4476257800124586e-05
   1.9800000000000000e+02   1.0094272147398442e-04
   1.9900000000000000e+02   1.0364349873270839e-04
   2.0000000000000000e+02   1.1360448115738109e-04
   2.0100000000000000e+02   1.2876481923740357e-04
   2.0200000000000000e+02   1.3551620941143483e-04
   2.0300000000000000e+02   1.3704693992622197e-04
   2.0400000000000000e+02   1.4538611867465079e-04
   2.0500000000000000e+02   1.8142531916964799e-04
   2.0600000000000000e+02   1.8346759316045791e-04
   2.0700000000000000e+02   2.8006482170894742e-04
   2.0800000000000000e+02   4.7081868979148567e-04
   2.0900000000000000e+02   6.2285590684041381e-04
   2.1000000000000000e+02   6.9293816341087222e-04
   2.1100000000000000e+02   7.9180480679497123e-04
   2.1200000000000000e+02   1.0491205612197518e-03
   2.1300000000000000e+02   1.2602662900462747e-03
   2.1400000000000000e+02   1.3955805916339159e-03
   2.1500000000000000e+02   1.6924123046919703e-03
   2.1600000000000000e+02   1.8915047403424978e-03
   2.1700000000000000e+02   2.1096768323332071e-03
   2.1800000000000000e+02   2.3372070863842964e-03
   2.1900000000000000e+02   2.6533573400229216e-03
   2.2000000000000000e+02   2.7952988166362047e-03
   2.2100000000000000e+02   2.9454000759869814e-03
   2.2200000000000000e+02   3.0027455650269985e-03
   2.2300000000000000e+02   3.0331849120557308e-03
   2.2400000000000000e+02   3.0410888139158487e-03
   2.2500000000000000e+02   3.1319751869887114e-03
   2.2600000000000000e+02   3.2045540865510702e-03
   2.2700000000000000e+02   3.0925306491553783e-03
   2.2800000000000000e+02   3.0177361331880093e-03
   2.2900000000000000e+02   3.1041870824992657e-03
   2.3000000000000000e+02   3.0115644913166761e-03
   2.3100000000000000e+02   2.9770017135888338e-03
   2.3200000000000000e+02   2.9210534412413836e-03
   2.3300000000000000e+02   2.9063071124255657e-03
   2.3400000000000000e+02   2.7911972720175982e-03
   2.3500000000000000e+02   2.8398409485816956e-03
   2.3600000000000000e+02   2.8861532919108868e-03
   2.3700000000000000e+02   2.9492923058569431e-03
   2.3800000000000000e+02   2.9521537944674492e-03
   2.3900000000000000e+02   3.0428110621869564e-03
   2.4000000000000000e+02   3.0830183532088995e-03
   2.4100000000000000e+02   3.1327928882092237e-03
   2.4200000000000000e+02   3.1983011867851019e-03
   2.4300000000000000e+02   3.2703806646168232e-03
   2.4400000000000000e+02   3.2237072009593248e-03
   2.4500000000000000e+02   3.2168175093829632e-03
   2.4600000000000000e+02   3.2046821434050798e-03
   2.4700000000000000e+02   3.2154957298189402e-03
   2.4800000000000000e+02   3.1696429941803217e-03
   2.4900000000000000e+02   3.1787860207259655e-03
   2.5000000000000000e+02   3.0976298730820417e-03
   2.5100000000000000e+02   3.0985353514552116e-03
   2.5200000000000000e+02   3.0514379031956196e-03
   2.5300000000000000e+02   3.0014952644705772e-03
   2.5400000000000000e+02   2.9320167377591133e-03
   2.5500000000000000e+02   2.8754689265042543e-03
   2.5600000000000000e+02   2.7769170701503754e-03
   2.5700000000000000e+02   2.6973986532539129e-03
   2.5800000000000000e+02   2.6818802580237389e-03
   2.5900000000000000e+02   2.6914288755506277e-03
   2.6000000000000000e+02   2.6432920712977648e-03
   2.6100000000000000e+02   2.6810280978679657e-03
   2.6200000000000000e+02   2.7141920290887356e-03
   2.6300000000000000e+02   2.6977474335581064e-03
   2.6400000000000000e+02   2.6276251301169395e-03
   2.6500000000000000e+02   2.6643429882824421e-03
   2.6600000000000000e+02   2.7064711321145296e-03
   2.6700000000000000e+02   2.6851471047848463e-03
   2.6800000000000000e+02   2.6786357630044222e-03
   2.6900000000000000e+02   2.6515934150665998e-03
   2.7000000000000000e+02   2.7046522591263056e-03
   2.7100000000000000e+02   2.7746974956244230e-03
   2.7200000000000000e+02   2.8124675154685974e-03
   2.7300000000000000e+02   2.8206079732626677e-03
   2.7400000000000000e+02   2.8063908684998751e-03
   2.7500000000000000e+02   2.7936710976064205e-03
   2.7600000000000000e+02   2.7631898410618305e-03
   2.7700000000000000e+02   2.7952184900641441e-03
   2.7800000000000000e+02   2.8988479170948267e-03
   2.7900000000000000e+02   2.9791381675750017e-03
   2.8000000000000000e+02   3.0020319391041994e-03
   2.8100000000000000e+02   2.8905624058097601e-03
   2.8200000000000000e+02   2.7488954365253448e-03
   2.8300000000000000e+02   2.5742815341800451e-03
   2.8400000000000000e+02   2.4350357707589865e-03
   2.8500000000000000e+02   2.2591510787606239e-03
   2.8600000000000000e+02   2.0454116165637970e-03
   2.8700000000000000e+02   1.8733716569840908e-03
   2.8800000000000000e+02   1.6731142532080412e-03
   2.8900000000000000e+02   1.5019535785540938e-03
   2.9000000000000000e+02   1.3566546840593219e-03
   2.9100000000000000e+02   1.1872474569827318e-03
   2.9200000000000000e+02   9.4876752700656652e-04
   2.9300000000000000e+02   7.2974647628143430e-04
   2.9400000000000000e+02   5.3147680591791868e-04
   2.9500000000000000e+02   3.2708124490454793e-04
   2.9600000000000000e+02   1.7757540626917034e-04
   2.9700000000000000e+02   1.8012498912867159e-04
   2.9800000000000000e+02   1.9404402701184154e-04
   2.9900000000000000e+02   1.8008034385275096e-04
   3.0000000000000000e+02   1.5623812214471400e-04
