   1.0000000000000000e+00   1.8568357452750206e-02
   2.0000000000000000e+00   1.8200974911451340e-02
   3.0000000000000000e+00   1.8007637932896614e-02
   4.0000000000000000e+00   1.7717383801937103e-02
   5.0000000000000000e+00   1.7461465671658516e-02
   6.0000000000000000e+00   1.7069788649678230e-02
   7.0000000000000000e+00   1.6728941351175308e-02
   8.0000000000000000e+00   1.6370551660656929e-02
   9.0000000000000000e+00   1.6156626865267754e-02
   1.0000000000000000e+01   1.5820443630218506e-02
   1.1000000000000000e+01   1.5474393963813782e-02
   1.2000000000000000e+01   1.4973665587604046e-02
   1.3000000000000000e+01   1.4621673151850700e-02
   1.4000000000000000e+01   1.4327357523143291e-02
   1.5000000000000000e+01   1.4242891222238541e-02
   1.6000000000000000e+01   1.3910695910453796e-02
   1.7000000000000000e+01   1.3634943403303623e-02
   1.8000000000000000e+01   1.3373476453125477e-02
   1.9000000000000000e+01   1.3138218782842159e-02
   2.0000000000000000e+01   1.2860150076448917e-02
   2.1000000000000000e+01   1.2673328630626202e-02
   2.2000000000000000e+01   1.2385796755552292e-02
   2.3000000000000000e+01   1.2074798345565796e-02
   2.4000000000000000e+01   1.1889833025634289e-02
   2.5000000000000000e+01   1.1755917221307755e-02
   2.6000000000000000e+01   1.1478952132165432e-02
   2.7000000000000000e+01   1.1356263421475887e-02
   2.8000000000000000e+01   1.1150678619742393e-02
   2.9000000000000000e+01   1.0929732583463192e-02
   3.0000000000000000e+01   1.0528385639190674e-02
   3.1000000000000000e+01   1.0443395003676414e-02
   3.2000000000000000e+01   1.0170186869800091e-02
   3.3000000000000000e+01   9.9664879962801933e-03
   3.4000000000000000e+01   9.6803018823266029e-03
   3.5000000000000000e+01   9.5088947564363480e-03
   3.6000000000000000e+01   9.3679251149296761e-03
   3.7000000000000000e+01   9.2688398435711861e-03
   3.8000000000000000e+01   9.1386977583169937e-03
   3.9000000000000000e+01   8.9034689590334892e-03
   4.0000000000000000e+01   8.6622834205627441e-03
   4.1000000000000000e+01   8.5659241303801537e-03
   4.2000000000000000e+01   8.3372294902801514e-03
   4.3000000000000000e+01   8.3357589319348335e-03
   4.4000000000000000e+01   8.2112830132246017e-03
   4.5000000000000000e+01   8.1030009314417839e-03
   4.6000000000000000e+01   7.9822959378361702e-03
   4.7000000000000000e+01   7.8822644427418709e-03
   4.8000000000000000e+01   7.8655043616890907e-03
   4.9000000000000000e+01   7.8951260074973106e-03
   5.0000000000000000e+01   7.9608373343944550e-03
   5.1000000000000000e+01   7.8830802813172340e-03
   5.2000000000000000e+01   7.8041688539087772e-03
   5.3000000000000000e+01   7.7453451231122017e-03
   5.4000000000000000e+01   7.7550038695335388e-03
   5.5000000000000000e+01   7.8205615282058716e-03
   5.6000000000000000e+01   7.7462503686547279e-03
   5.7000000000000000e+01   7.7338186092674732e-03
   5.8000000000000000e+01   7.5852302834391594e-03
   5.9000000000000000e+01   7.6226685196161270e-03
   6.0000000000000000e+01   7.6145054772496223e-03
   6.1000000000000000e+01   7.5170798227190971e-03
   6.2000000000000000e+01   7.5299306772649288e-03
   6.3000000000000000e+01   7.4900644831359386e-03
   6.4000000000000000e+01   7.3783202096819878e-03
   6.5000000000000000e+01   7.3369238525629044e-03
   6.6000000000000000e+01   7.3052123188972473e-03
   6.7000000000000000e+01   7.2263777256011963e-03
   6.8000000000000000e+01   7.2215097025036812e-03
   6.9000000000000000e+01   7.1693151257932186e-03
   7.0000000000000000e+01   7.0915003307163715e-03
   7.1000000000000000e+01   7.1228849701583385e-03
   7.2000000000000000e+01   7.1629085578024387e-03
   7.3000000000000000e+01   7.2309407405555248e-03
   7.4000000000000000e+01   7.1712802164256573e-03
   7.5000000000000000e+01   7.2406125254929066e-03
   7.6000000000000000e+01   7.3306011036038399e-03
   7.7000000000000000e+01   7.3620635084807873e-03
   7.8000000000000000e+01   7.3043922893702984e-03
   7.9000000000000000e+01   7.3981438763439655e-03
   8.0000000000000000e+01   7.4271024204790592e-03
   8.1000000000000000e+01   7.4871685355901718e-03
   8.2000000000000000e+01   7.4784555472433567e-03
   8.3000000000000000e+01   7.5607565231621265e-03
   8.4000000000000000e+01   7.5703486800193787e-03
   8.5000000000000000e+01   7.5244880281388760e-03
   8.6000000000000000e+01   7.5646881014108658e-03
   8.7000000000000000e+01   7.5806346721947193e-03
   8.8000000000000000e+01   7.5508002191781998e-03
   8.9000000000000000e+01   7.5335772708058357e-03
   9.0000000000000000e+01   7.5398278422653675e-03
   9.1000000000000000e+01   7.4495375156402588e-03
   9.2000000000000000e+01   7.4061653576791286e-03
   9.3000000000000000e+01   7.4364943429827690e-03
   9.4000000000000000e+01   7.3573929257690907e-03
   9.5000000000000000e+01   7.2607896290719509e-03
   9.6000000000000000e+01   7.2267255745828152e-03
   9.7000000000000000e+01   7.2250617668032646e-03
   9.8000000000000000e+01   7.0613133721053600e-03
   9.9000000000000000e+01   7.1993018500506878e-03
   1.0000000000000000e+02   7.1758427657186985e-03
   1.0100000000000000e+02   7.0387041196227074e-03
   1.0200000000000000e+02   6.9920020177960396e-03
   1.0300000000000000e+02   6.9094775244593620e-03
   1.0400000000000000e+02   7.0295790210366249e-03
   1.0500000000000000e+02   6.9705205969512463e-03
   1.0600000000000000e+02   7.0003801956772804e-03
   1.0700000000000000e+02   7.0064654573798180e-03
   1.0800000000000000e+02   6.9858659990131855e-03
   1.0900000000000000e+02   7.0791905745863914e-03
   1.1000000000000000e+02   7.0717558264732361e-03
   1.1100000000000000e+02   6.9817802868783474e-03
   1.1200000000000000e+02   7.0962337777018547e-03
   1.1300000000000000e+02   7.2014546021819115e-03
   1.1400000000000000e+02   7.0957182906568050e-03
   1.1500000000000000e+02   7.1396306157112122e-03
   1.1600000000000000e+02   7.3069389909505844e-03
   1.1700000000000000e+02   7.2570573538541794e-03
   1.1800000000000000e+02   7.3255752213299274e-03
   1.1900000000000000e+02   7.2485590353608131e-03
   1.2000000000000000e+02   7.2898119688034058e-03
   1.2100000000000000e+02   7.2891642339527607e-03
   1.2200000000000000e+02   7.2972299531102180e-03
   1.2300000000000000e+02   7.3306560516357422e-03
   1.2400000000000000e+02   7.2544002905488014e-03
   1.2500000000000000e+02   7.3294173926115036e-03
   1.2600000000000000e+02   7.0297494530677795e-02
   1.2700000000000000e+02   7.2218962013721466e-02
   1.2800000000000000e+02   7.5251527130603790e-02
   1.2900000000000000e+02   7.7168345451354980e-02
   1.3000000000000000e+02   7.9109705984592438e-02
   1.3100000000000000e+02   8.0811344087123871e-02
   1.3200000000000000e+02   8.3149127662181854e-02
   1.3300000000000000e+02   8.4984079003334045e-02
   1.3400000000000000e+02   8.9444607496261597e-02
   1.3500000000000000e+02   9.4321854412555695e-02
   1.3600000000000000e+02   9.8868109285831451e-02
   1.3700000000000000e+02   1.0263410210609436e-01
   1.3800000000000000e+02   1.0548696666955948e-01
   1.3900000000000000e+02   1.0887379199266434e-01
   1.4000000000000000e+02   1.1272625625133514e-01
   1.4100000000000000e+02   1.1533240973949432e-01
   1.4200000000000000e+02   1.1796186119318008e-01
   1.4300000000000000e+02   1.2013955414295197e-01
   1.4400000000000000e+02   1.2225374579429626e-01
   1.4500000000000000e+02   1.2352711707353592e-01
   1.4600000000000000e+02   1.2505452334880829e-01
   1.4700000000000000e+02   1.2576729059219360e-01
   1.4800000000000000e+02   1.2702485918998718e-01
   1.4900000000000000e+02   1.2766835093498230e-01
   1.5000000000000000e+02   1.2829950451850891e-01
   1.5100000000000000e+02   1.2761898338794708e-01
   1.5200000000000000e+02   1.2672501802444458e-01
   1.5300000000000000e+02   1.2669637799263000e-01
   1.5400000000000000e+02   1.2597586214542389e-01
   1.5500000000000000e+02   1.2502323091030121e-01
   1.5600000000000000e+02   1.2392404675483704e-01
   1.5700000000000000e+02   1.2275521457195282e-01
   1.5800000000000000e+02   1.2076152861118317e-01
   1.5900000000000000e+02   1.1969439685344696e-01
   1.6000000000000000e+02   1.1948182433843613e-01
   1.6100000000000000e+02   1.1834272742271423e-01
   1.6200000000000000e+02   1.1698988825082779e-01
   1.6300000000000000e+02   1.1521892249584198e-01
   1.6400000000000000e+02   1.1295338720083237e-01
   1.6500000000000000e+02   1.1091497540473938e-01
   1.6600000000000000e+02   1.0964100807905197e-01
   1.6700000000000000e+02   1.0928918421268463e-01
   1.6800000000000000e+02   1.0827956348657608e-01
   1.6900000000000000e+02   1.0751299560070038e-01
   1.7000000000000000e+02   1.0554058104753494e-01
   1.7100000000000000e+02   1.0422087460756302e-01
   1.7200000000000000e+02   1.0359290987253189e-01
   1.7300000000000000e+02   1.0326579213142395e-01
   1.7400000000000000e+02   1.0237888246774673e-01
   1.7500000000000000e+02   1.0084691643714905e-01
   1.7600000000000000e+02   9.9975399672985077e-02
   1.7700000000000000e+02   9.8884351551532745e-02
   1.7800000000000000e+02   9.7872011363506317e-02
   1.7900000000000000e+02   9.7734518349170685e-02
   1.8000000000000000e+02   9.6906922757625580e-02
   1.8100000000000000e+02   9.6208848059177399e-02
   1.8200000000000000e+02   9.4854258000850677e-02
   1.8300000000000000e+02   9.3451827764511108e-02
   1.8400000000000000e+02   9.1698326170444489e-02
   1.8500000000000000e+02   9.1023348271846771e-02
   1.8600000000000000e+02   8.9956082403659821e-02
   1.8700000000000000e+02   8.8491715490818024e-02
   1.8800000000000000e+02   8.7149903178215027e-02
   1.8900000000000000e+02   8.5667327046394348e-02
   1.9000000000000000e+02   8.4340520203113556e-02
   1.9100000000000000e+02   8.2942433655261993e-02
   1.9200000000000000e+02   8.2190982997417450e-02
   1.9300000000000000e+02   8.1032164394855499e-02
   1.9400000000000000e+02   7.9816468060016632e-02
   1.9500000000000000e+02   7.8317657113075256e-02
   1.9600000000000000e+02   7.6811961829662323e-02
   1.9700000000000000e+02   7.5444594025611877e-02
   1.9800000000000000e+02   7.4599012732505798e-02
   1.9900000000000000e+02   7.3409236967563629e-02
   2.0000000000000000e+02   7.2207994759082794e-02
   2.0100000000000000e+02   7.0902094244956970e-02
   2.0200000000000000e+02   6.9949202239513397e-02
   2.0300000000000000e+02   6.8630091845989227e-02
   2.0400000000000000e+02   6.7544624209403992e-02
   2.0500000000000000e+02   6.6495403647422791e-02
   2.0600000000000000e+02   6.5537802875041962e-02
   2.0700000000000000e+02   6.4017385244369507e-02
   2.0800000000000000e+02   6.2817893922328949e-02
   2.0900000000000000e+02   6.1342433094978333e-02
   2.1000000000000000e+02   6.0189351439476013e-02
   2.1100000000000000e+02   5.9309702366590500e-02
   2.1200000000000000e+02   5.8142423629760742e-02
   2.1300000000000000e+02   5.6928992271423340e-02
   2.1400000000000000e+02   5.6062243878841400e-02
   2.1500000000000000e+02   5.5308915674686432e-02
   2.1600000000000000e+02   5.4510001093149185e-02
   2.1700000000000000e+02   5.3321458399295807e-02
   2.1800000000000000e+02   5.2350305020809174e-02
   2.1900000000000000e+02   5.1514830440282822e-02
   2.2000000000000000e+02   5.0650041550397873e-02
   2.2100000000000000e+02   4.9757596105337143e-02
   2.2200000000000000e+02   4.9070551991462708e-02
   2.2300000000000000e+02   4.8383876681327820e-02
   2.2400000000000000e+02   4.7787658870220184e-02
   2.2500000000000000e+02   4.7146327793598175e-02
   2.2600000000000000e+02   4.6172346919775009e-02
   2.2700000000000000e+02   4.5638766139745712e-02
   2.2800000000000000e+02   4.4967714697122574e-02
   2.2900000000000000e+02   4.4281933456659317e-02
   2.3000000000000000e+02   4.3366558849811554e-02
   2.3100000000000000e+02   4.2897794395685196e-02
   2.3200000000000000e+02   4.2391337454319000e-02
   2.3300000000000000e+02   4.1846144944429398e-02
   2.3400000000000000e+02   4.1028853505849838e-02
   2.3500000000000000e+02   4.0562011301517487e-02
   2.3600000000000000e+02   3.9941158145666122e-02
   2.3700000000000000e+02   3.9197374135255814e-02
   2.3800000000000000e+02   3.8786966353654861e-02
   2.3900000000000000e+02   3.8242015987634659e-02
   2.4000000000000000e+02   3.7681184709072113e-02
   2.4100000000000000e+02   3.7156958132982254e-02
   2.4200000000000000e+02   3.6611016839742661e-02
   2.4300000000000000e+02   3.6095615476369858e-02
   2.4400000000000000e+02   3.5546138882637024e-02
   2.4500000000000000e+02   3.5097610205411911e-02
   2.4600000000000000e+02   3.4476701170206070e-02
   2.4700000000000000e+02   3.3880896866321564e-02
   2.4800000000000000e+02   3.3502094447612762e-02
   2.4900000000000000e+02   3.3093892037868500e-02
   2.5000000000000000e+02   3.2564155757427216e-02
   2.5100000000000000e+02   3.2278753817081451e-02
   2.5200000000000000e+02   3.2262340188026428e-02
   2.5300000000000000e+02   3.1823813915252686e-02
   2.5400000000000000e+02   3.1582407653331757e-02
   2.5500000000000000e+02   3.1370181590318680e-02
   2.5600000000000000e+02   3.1351462006568909e-02
   2.5700000000000000e+02   3.1211055815219879e-02
   2.5800000000000000e+02   3.0888522043824196e-02
   2.5900000000000000e+02   3.0910927802324295e-02
   2.6000000000000000e+02   3.0732452869415283e-02
   2.6100000000000000e+02   3.0546026304364204e-02
   2.6200000000000000e+02   3.0481377616524696e-02
   2.6300000000000000e+02   3.0341301113367081e-02
   2.6400000000000000e+02   3.0271727591753006e-02
   2.6500000000000000e+02   3.0120840296149254e-02
   2.6600000000000000e+02   2.9997378587722778e-02
   2.6700000000000000e+02   2.9804365709424019e-02
   2.6800000000000000e+02   2.9775055125355721e-02
   2.6900000000000000e+02   2.9526591300964355e-02
   2.7000000000000000e+02   2.9395280405879021e-02
   2.7100000000000000e+02   2.9062429443001747e-02
   2.7200000000000000e+02   2.8773676604032516e-02
   2.7300000000000000e+02   2.8693908825516701e-02
   2.7400000000000000e+02   2.8301166370511055e-02
   2.7500000000000000e+02   2.8133243322372437e-02
   2.7600000000000000e+02   2.7906697243452072e-02
   2.7700000000000000e+02   2.7691300958395004e-02
   2.7800000000000000e+02   2.7291659265756607e-02
   2.7900000000000000e+02   2.7095939964056015e-02
   2.8000000000000000e+02   2.6913035660982132e-02
   2.8100000000000000e+02   2.6458207517862320e-02
   2.8200000000000000e+02   2.6112705469131470e-02
   2.8300000000000000e+02   2.5644402951002121e-02
   2.8400000000000000e+02   2.5232167914509773e-02
   2.8500000000000000e+02   2.4815561249852180e-02
   2.8600000000000000e+02   2.4578478187322617e-02
   2.8700000000000000e+02   2.4267086759209633e-02
   2.8800000000000000e+02   2.3621918633580208e-02
   2.8900000000000000e+02   2.3218210786581039e-02
   2.9000000000000000e+02   2.2567201405763626e-02
   2.9100000000000000e+02   2.2154459729790688e-02
   2.9200000000000000e+02   2.1786103025078773e-02
   2.9300000000000000e+02   2.1536612883210182e-02
   2.9400000000000000e+02   2.0976694300770760e-02
   2.9500000000000000e+02   2.0550707355141640e-02
   2.9600000000000000e+02   2.0243354141712189e-02
   2.9700000000000000e+02   1.9990077242255211e-02
   2.9800000000000000e+02   1.9721077755093575e-02
   2.9900000000000000e+02   1.9416475668549538e-02
   3.0000000000000000e+02   1.8980223685503006e-02
