   1.0000000000000000e+00   1.2300062226131558e-03
   2.0000000000000000e+00   1.1772542493417859e-03
   3.0000000000000000e+00   1.1148919584229589e-03
   4.0000000000000000e+00   1.0441514896228909e-03
   5.0000000000000000e+00   9.6730823861435056e-04
   6.0000000000000000e+00   8.8744622189551592e-04
   7.0000000000000000e+00   8.0243987031280994e-04
   8.0000000000000000e+00   7.1682396810501814e-04
   9.0000000000000000e+00   6.2999519286677241e-04
   1.0000000000000000e+01   5.4443051340058446e-04
   1.1000000000000000e+01   4.6390641364268959e-04
   1.2000000000000000e+01   3.9059619302861392e-04
   1.3000000000000000e+01   4.1414695442654192e-04
   1.4000000000000000e+01   7.3611311381682754e-04
   1.5000000000000000e+01   1.7570035997778177e-03
   1.6000000000000000e+01   4.1102333925664425e-03
   1.7000000000000000e+01   8.5783526301383972e-03
   1.8000000000000000e+01   1.5864945948123932e-02
   1.9000000000000000e+01   2.6358421891927719e-02
   2.0000000000000000e+01   4.0010083466768265e-02
   2.1000000000000000e+01   5.6413188576698303e-02
   2.2000000000000000e+01   7.5114145874977112e-02
   2.3000000000000000e+01   9.5933467149734497e-02
   2.4000000000000000e+01   1.1925505101680756e-01
   2.5000000000000000e+01   1.4604499936103821e-01
   2.6000000000000000e+01   1.7746320366859436e-01
   2.7000000000000000e+01   2.1432287991046906e-01
   2.8000000000000000e+01   2.5655314326286316e-01
   2.9000000000000000e+01   3.0297023057937622e-01
   3.0000000000000000e+01   3.5137739777565002e-01
   3.1000000000000000e+01   3.9897555112838745e-01
   3.2000000000000000e+01   4.4306731224060059e-01
   3.3000000000000000e+01   4.8173713684082031e-01
   3.4000000000000000e+01   5.1426368951797485e-01
   3.5000000000000000e+01   5.4091680049896240e-01
   3.6000000000000000e+01   5.6248342990875244e-01
   3.7000000000000000e+01   5.7957822084426880e-01
   3.8000000000000000e+01   5.9208285808563232e-01
   3.9000000000000000e+01   5.9892082214355469e-01
   4.0000000000000000e+01   5.9834957122802734e-01
   4.1000000000000000e+01   5.8860152959823608e-01
   4.2000000000000000e+01   5.6864047050476074e-01
   4.3000000000000000e+01   5.3863620758056641e-01
   4.4000000000000000e+01   5.0014686584472656e-01
   4.5000000000000000e+01   4.5581617951393127e-01
   4.6000000000000000e+01   4.0877059102058411e-01
   4.7000000000000000e+01   3.6177772283554077e-01
   4.8000000000000000e+01   3.1666380167007446e-01
   4.9000000000000000e+01   2.7416095137596130e-01
   5.0000000000000000e+01   2.3426236212253571e-01
   5.1000000000000000e+01   1.9667637348175049e-01
   5.2000000000000000e+01   1.6128170490264893e-01
   5.3000000000000000e+01   1.2840397655963898e-01
   5.4000000000000000e+01   9.8757542669773102e-02
   5.5000000000000000e+01   7.3129877448081970e-02
   5.6000000000000000e+01   5.2118133753538132e-02
   5.7000000000000000e+01   3.5918053239583969e-02
   5.8000000000000000e+01   2.4296110495924950e-02
   5.9000000000000000e+01   1.6627492383122444e-02
   6.0000000000000000e+01   1.2027434073388577e-02
   6.1000000000000000e+01   9.5157241448760033e-03
   6.2000000000000000e+01   8.2358606159687042e-03
   6.3000000000000000e+01   7.5863399542868137e-03
   6.4000000000000000e+01   7.1865385398268700e-03
   6.5000000000000000e+01   6.8449163809418678e-03
   6.6000000000000000e+01   6.4928811043500900e-03
   6.7000000000000000e+01   6.1061982996761799e-03
   6.8000000000000000e+01   5.6636496447026730e-03
   6.9000000000000000e+01   5.1480690017342567e-03
   7.0000000000000000e+01   4.5494302175939083e-03
   7.1000000000000000e+01   3.8781545590609312e-03
   7.2000000000000000e+01   3.1626455020159483e-03
   7.3000000000000000e+01   2.4504463654011488e-03
   7.4000000000000000e+01   1.7936610383912921e-03
   7.5000000000000000e+01   1.2339418753981590e-03
   7.6000000000000000e+01   7.9452671343460679e-04
   7.7000000000000000e+01   4.7915338655002415e-04
   7.8000000000000000e+01   2.7334378683008254e-04
   7.9000000000000000e+01   1.5465592150576413e-04
   8.0000000000000000e+01   9.8461801826488227e-05
   8.1000000000000000e+01   8.5519190179184079e-05
   8.2000000000000000e+01   1.0963448585243896e-04
   8.3000000000000000e+01   1.7433041648473591e-04
   8.4000000000000000e+01   2.8534707962535322e-04
   8.5000000000000000e+01   4.4649763731285930e-04
   8.6000000000000000e+01   6.5218657255172729e-04
   8.7000000000000000e+01   8.7989529129117727e-04
   8.8000000000000000e+01   1.1042066616937518e-03
   8.9000000000000000e+01   1.3060707133263350e-03
   9.0000000000000000e+01   1.4760901685804129e-03
   9.1000000000000000e+01   1.6111016739159822e-03
   9.2000000000000000e+01   1.7102498095482588e-03
   9.3000000000000000e+01   1.7733388813212514e-03
   9.4000000000000000e+01   1.8082335591316223e-03
   9.5000000000000000e+01   1.8207187531515956e-03
   9.6000000000000000e+01   1.8139421008527279e-03
   9.7000000000000000e+01   1.7801290377974510e-03
   9.8000000000000000e+01   1.7135324887931347e-03
   9.9000000000000000e+01   1.6032158164307475e-03
   1.0000000000000000e+02   1.4441179810091853e-03
   1.0100000000000000e+02   1.2413525255396962e-03
   1.0200000000000000e+02   1.0165814310312271e-03
   1.0300000000000000e+02   7.9462985740974545e-04
   1.0400000000000000e+02   5.9409538516774774e-04
   1.0500000000000000e+02   4.2416513315401971e-04
   1.0600000000000000e+02   2.8786214534193277e-04
   1.0700000000000000e+02   1.8569710664451122e-04
   1.0800000000000000e+02   1.1785329115809873e-04
   1.0900000000000000e+02   7.5716307037509978e-05
   1.1000000000000000e+02   5.1410828746156767e-05
   1.1100000000000000e+02   3.8027334085199982e-05
   1.1200000000000000e+02   3.1480969482799992e-05
   1.1300000000000000e+02   2.6387535399408080e-05
   1.1400000000000000e+02   2.2074296794016846e-05
   1.1500000000000000e+02   1.8273945897817612e-05
   1.1600000000000000e+02   1.5193876606645063e-05
   1.1700000000000000e+02   1.3615576790471096e-05
   1.1800000000000000e+02   1.3930857676314190e-05
   1.1900000000000000e+02   1.6678439351380803e-05
   1.2000000000000000e+02   2.3487484213546850e-05
   1.2100000000000000e+02   3.5213059163652360e-05
   1.2200000000000000e+02   5.4403222748078406e-05
   1.2300000000000000e+02   8.2689803093671799e-05
   1.2400000000000000e+02   1.2199741468066350e-04
   1.2500000000000000e+02   1.7150498752016574e-04
   1.2600000000000000e+02   2.3138710821513087e-04
   1.2700000000000000e+02   3.0057979165576398e-04
   1.2800000000000000e+02   3.7949808756820858e-04
   1.2900000000000000e+02   4.6805263264104724e-04
   1.3000000000000000e+02   5.6423380738124251e-04
   1.3100000000000000e+02   6.6531414631754160e-04
   1.3200000000000000e+02   7.7135593164712191e-04
   1.3300000000000000e+02   8.8201544713228941e-04
   1.3400000000000000e+02   1.0001662885770202e-03
   1.3500000000000000e+02   1.1273854179307818e-03
   1.3600000000000000e+02   1.2647132389247417e-03
   1.3700000000000000e+02   1.4043876435607672e-03
   1.3800000000000000e+02   1.5389112522825599e-03
   1.3900000000000000e+02   1.6597741050645709e-03
   1.4000000000000000e+02   1.7633707029744983e-03
   1.4100000000000000e+02   1.8462274456396699e-03
   1.4200000000000000e+02   1.9063915824517608e-03
   1.4300000000000000e+02   1.9415003480389714e-03
   1.4400000000000000e+02   1.9536339677870274e-03
   1.4500000000000000e+02   1.9469873514026403e-03
   1.4600000000000000e+02   1.9266178132966161e-03
   1.4700000000000000e+02   1.8942095339298248e-03
   1.4800000000000000e+02   1.8519160803407431e-03
   1.4900000000000000e+02   1.7970269545912743e-03
   1.5000000000000000e+02   1.7272282857447863e-03
   1.5100000000000000e+02   1.6422921326011419e-03
   1.5200000000000000e+02   1.5488744247704744e-03
   1.5300000000000000e+02   1.4534088550135493e-03
   1.5400000000000000e+02   1.3629387831315398e-03
   1.5500000000000000e+02   1.2813438661396503e-03
   1.5600000000000000e+02   1.2118585873395205e-03
   1.5700000000000000e+02   1.1572841322049499e-03
   1.5800000000000000e+02   1.1192283127456903e-03
   1.5900000000000000e+02   1.0952961165457964e-03
   1.6000000000000000e+02   1.0825621429830790e-03
   1.6100000000000000e+02   1.0784628102555871e-03
   1.6200000000000000e+02   1.0812646942213178e-03
   1.6300000000000000e+02   1.0895096929743886e-03
   1.6400000000000000e+02   1.1024273699149489e-03
   1.6500000000000000e+02   1.1181611334905028e-03
   1.6600000000000000e+02   1.1343123624101281e-03
   1.6700000000000000e+02   1.1487081646919250e-03
   1.6800000000000000e+02   1.1609377106651664e-03
   1.6900000000000000e+02   1.1706385994330049e-03
   1.7000000000000000e+02   1.1782210785895586e-03
   1.7100000000000000e+02   1.1836395133286715e-03
   1.7200000000000000e+02   1.1873714393004775e-03
   1.7300000000000000e+02   1.1902417754754424e-03
   1.7400000000000000e+02   1.1932271299883723e-03
   1.7500000000000000e+02   1.1965014273300767e-03
   1.7600000000000000e+02   1.1994991218671203e-03
   1.7700000000000000e+02   1.2024836614727974e-03
   1.7800000000000000e+02   1.2065549381077290e-03
   1.7900000000000000e+02   1.2153531424701214e-03
   1.8000000000000000e+02   1.2333561899140477e-03
   1.8100000000000000e+02   1.2626203242689371e-03
   1.8200000000000000e+02   1.3017369201406837e-03
   1.8300000000000000e+02   1.3474134029820561e-03
   1.8400000000000000e+02   1.3984988909214735e-03
   1.8500000000000000e+02   1.4564002631232142e-03
   1.8600000000000000e+02   1.5250842552632093e-03
   1.8700000000000000e+02   1.6058133915066719e-03
   1.8800000000000000e+02   1.6972804442048073e-03
   1.8900000000000000e+02   1.7944189021363854e-03
   1.9000000000000000e+02   1.8885195022448897e-03
   1.9100000000000000e+02   1.9722278229892254e-03
   1.9200000000000000e+02   2.0395170431584120e-03
   1.9300000000000000e+02   2.0903791300952435e-03
   1.9400000000000000e+02   2.1268622949719429e-03
   1.9500000000000000e+02   2.1505046170204878e-03
   1.9600000000000000e+02   2.1617519669234753e-03
   1.9700000000000000e+02   2.1600010804831982e-03
   1.9800000000000000e+02   2.1466810721904039e-03
   1.9900000000000000e+02   2.1238946355879307e-03
   2.0000000000000000e+02   2.0965384319424629e-03
   2.0100000000000000e+02   2.0659209694713354e-03
   2.0200000000000000e+02   2.0377549808472395e-03
   2.0300000000000000e+02   2.0235811825841665e-03
   2.0400000000000000e+02   2.0389007404446602e-03
   2.0500000000000000e+02   2.1033089142292738e-03
   2.0600000000000000e+02   2.2355108521878719e-03
   2.0700000000000000e+02   2.4462398141622543e-03
   2.0800000000000000e+02   2.7312638703733683e-03
   2.0900000000000000e+02   3.0773307662457228e-03
   2.1000000000000000e+02   3.4757170360535383e-03
   2.1100000000000000e+02   3.9236429147422314e-03
   2.1200000000000000e+02   4.4241989962756634e-03
   2.1300000000000000e+02   4.9713486805558205e-03
   2.1400000000000000e+02   5.5490643717348576e-03
   2.1500000000000000e+02   6.1341105028986931e-03
   2.1600000000000000e+02   6.7057413980364799e-03
   2.1700000000000000e+02   7.2403498925268650e-03
   2.1800000000000000e+02   7.7168461866676807e-03
   2.1900000000000000e+02   8.1176115199923515e-03
   2.2000000000000000e+02   8.4303533658385277e-03
   2.2100000000000000e+02   8.6451694369316101e-03
   2.2200000000000000e+02   8.7628997862339020e-03
   2.2300000000000000e+02   8.7913358584046364e-03
   2.2400000000000000e+02   8.7417345494031906e-03
   2.2500000000000000e+02   8.6191594600677490e-03
   2.2600000000000000e+02   8.4245558828115463e-03
   2.2700000000000000e+02   8.1590404734015465e-03
   2.2800000000000000e+02   7.8344903886318207e-03
   2.2900000000000000e+02   7.4690547771751881e-03
   2.3000000000000000e+02   7.0834932848811150e-03
   2.3100000000000000e+02   6.6943140700459480e-03
   2.3200000000000000e+02   6.3175144605338573e-03
   2.3300000000000000e+02   5.9627583250403404e-03
   2.3400000000000000e+02   5.6368485093116760e-03
   2.3500000000000000e+02   5.3431582637131214e-03
   2.3600000000000000e+02   5.0845444202423096e-03
   2.3700000000000000e+02   4.8581394366919994e-03
   2.3800000000000000e+02   4.6604643575847149e-03
   2.3900000000000000e+02   4.4888714328408241e-03
   2.4000000000000000e+02   4.3415441177785397e-03
   2.4100000000000000e+02   4.2174295522272587e-03
   2.4200000000000000e+02   4.1152453050017357e-03
   2.4300000000000000e+02   4.0310909971594810e-03
   2.4400000000000000e+02   3.9627379737794399e-03
   2.4500000000000000e+02   3.9074160158634186e-03
   2.4600000000000000e+02   3.8647181354463100e-03
   2.4700000000000000e+02   3.8352925330400467e-03
   2.4800000000000000e+02   3.8193329237401485e-03
   2.4900000000000000e+02   3.8167655002325773e-03
   2.5000000000000000e+02   3.8261793088167906e-03
   2.5100000000000000e+02   3.8448576815426350e-03
   2.5200000000000000e+02   3.8701968733221292e-03
   2.5300000000000000e+02   3.8997421506792307e-03
   2.5400000000000000e+02   3.9337961934506893e-03
   2.5500000000000000e+02   3.9733429439365864e-03
   2.5600000000000000e+02   4.0221964009106159e-03
   2.5700000000000000e+02   4.0817861445248127e-03
   2.5800000000000000e+02   4.1537866927683353e-03
   2.5900000000000000e+02   4.2375456541776657e-03
   2.6000000000000000e+02   4.3328520841896534e-03
   2.6100000000000000e+02   4.4417823664844036e-03
   2.6200000000000000e+02   4.5678485184907913e-03
   2.6300000000000000e+02   4.7177230007946491e-03
   2.6400000000000000e+02   4.8989881761372089e-03
   2.6500000000000000e+02   5.1166014745831490e-03
   2.6600000000000000e+02   5.3701507858932018e-03
   2.6700000000000000e+02   5.6525059044361115e-03
   2.6800000000000000e+02   5.9580975212156773e-03
   2.6900000000000000e+02   6.2819011509418488e-03
   2.7000000000000000e+02   6.6234706901013851e-03
   2.7100000000000000e+02   6.9766002707183361e-03
   2.7200000000000000e+02   7.3370016179978848e-03
   2.7300000000000000e+02   7.6917391270399094e-03
   2.7400000000000000e+02   8.0298241227865219e-03
   2.7500000000000000e+02   8.3430819213390350e-03
   2.7600000000000000e+02   8.6281374096870422e-03
   2.7700000000000000e+02   8.8776843622326851e-03
   2.7800000000000000e+02   9.0769259259104729e-03
   2.7900000000000000e+02   9.2003652825951576e-03
   2.8000000000000000e+02   9.2179086059331894e-03
   2.8100000000000000e+02   9.1083776205778122e-03
   2.8200000000000000e+02   8.8723497465252876e-03
   2.8300000000000000e+02   8.5231345146894455e-03
   2.8400000000000000e+02   8.0861374735832214e-03
   2.8500000000000000e+02   7.5800544582307339e-03
   2.8600000000000000e+02   7.0241228677332401e-03
   2.8700000000000000e+02   6.4318538643419743e-03
   2.8800000000000000e+02   5.8264853432774544e-03
   2.8900000000000000e+02   5.2265017293393612e-03
   2.9000000000000000e+02   4.6456879936158657e-03
   2.9100000000000000e+02   4.0901759639382362e-03
   2.9200000000000000e+02   3.5639395937323570e-03
   2.9300000000000000e+02   3.0698413029313087e-03
   2.9400000000000000e+02   2.6159582193940878e-03
   2.9500000000000000e+02   2.2196988575160503e-03
   2.9600000000000000e+02   1.9070911221206188e-03
   2.9700000000000000e+02   1.6779723810032010e-03
   2.9800000000000000e+02   1.5261523658409715e-03
   2.9900000000000000e+02   1.4287312515079975e-03
   3.0000000000000000e+02   1.3670234475284815e-03
