   1.0000000000000000e+00   5.3806281357537955e-05
   2.0000000000000000e+00   5.0433529395377263e-05
   3.0000000000000000e+00   5.4278083553072065e-05
   4.0000000000000000e+00   5.1869192247977480e-05
   5.0000000000000000e+00   4.8036363295977935e-05
   6.0000000000000000e+00   4.4992528273724020e-05
   7.0000000000000000e+00   4.7486322728218511e-05
   8.0000000000000000e+00   4.6011638914933428e-05
   9.0000000000000000e+00   4.6387274778680876e-05
   1.0000000000000000e+01   4.8958514526020736e-05
   1.1000000000000000e+01   4.9814076191978529e-05
   1.2000000000000000e+01   4.7442579671042040e-05
   1.3000000000000000e+01   4.0388611523667350e-05
   1.4000000000000000e+01   3.8099569792393595e-05
   1.5000000000000000e+01   4.3894920963793993e-05
   1.6000000000000000e+01   4.1662344301585108e-05
   1.7000000000000000e+01   4.2186402424704283e-05
   1.8000000000000000e+01   3.9479706174461171e-05
   1.9000000000000000e+01   3.8404334191000089e-05
   2.0000000000000000e+01   3.8567955925827846e-05
   2.1000000000000000e+01   3.8562193367397413e-05
   2.2000000000000000e+01   3.4113429137505591e-05
   2.3000000000000000e+01   3.3573545806575567e-05
   2.4000000000000000e+01   3.5692330129677430e-05
   2.5000000000000000e+01   3.5635162930702791e-05
   2.6000000000000000e+01   3.4117900213459507e-05
   2.7000000000000000e+01   3.1957475584931672e-05
   2.8000000000000000e+01   3.5549212043406442e-05
   2.9000000000000000e+01   3.3180251193698496e-05
   3.0000000000000000e+01   3.5021083022002131e-05
   3.1000000000000000e+01   3.1597512133885175e-05
   3.2000000000000000e+01   3.0559338483726606e-05
   3.3000000000000000e+01   2.8832180760218762e-05
   3.4000000000000000e+01   3.1174055038718507e-05
   3.5000000000000000e+01   4.5685454097110778e-05
   3.6000000000000000e+01   5.4087813623482361e-05
   3.7000000000000000e+01   5.4087333410279825e-05
   3.8000000000000000e+01   5.4616750276181847e-05
   3.9000000000000000e+01   5.3148545703152195e-05
   4.0000000000000000e+01   5.4349136917153373e-05
   4.1000000000000000e+01   5.5077707656892017e-05
   4.2000000000000000e+01   7.1949347329791635e-05
   4.3000000000000000e+01   7.6644952059723437e-05
   4.4000000000000000e+01   8.9960391051135957e-05
   4.5000000000000000e+01   8.7801177869550884e-05
   4.6000000000000000e+01   9.7177893621847034e-05
   4.7000000000000000e+01   1.2415474338922650e-04
   4.8000000000000000e+01   1.5057406562846154e-04
   4.9000000000000000e+01   1.6730611969251186e-04
   5.0000000000000000e+01   1.8382824782747775e-04
   5.1000000000000000e+01   2.1343259140849113e-04
   5.2000000000000000e+01   2.3475887428503484e-04
   5.3000000000000000e+01   2.7813311317004263e-04
   5.4000000000000000e+01   3.2976773218251765e-04
   5.5000000000000000e+01   3.7372743827290833e-04
   5.6000000000000000e+01   4.1168762254528701e-04
   5.7000000000000000e+01   4.4522617827169597e-04
   5.8000000000000000e+01   4.7168970922939479e-04
   5.9000000000000000e+01   4.9697293434292078e-04
   6.0000000000000000e+01   5.3975440096110106e-04
   6.1000000000000000e+01   5.7506340090185404e-04
   6.2000000000000000e+01   5.7825644034892321e-04
   6.3000000000000000e+01   5.8001826982945204e-04
   6.4000000000000000e+01   5.9905269881710410e-04
   6.5000000000000000e+01   5.9692136710509658e-04
   6.6000000000000000e+01   5.8141496265307069e-04
   6.7000000000000000e+01   5.8333040215075016e-04
   6.8000000000000000e+01   5.6716060498729348e-04
   6.9000000000000000e+01   5.4938899120315909e-04
   7.0000000000000000e+01   5.2533741109073162e-04
   7.1000000000000000e+01   5.0414277939125896e-04
   7.2000000000000000e+01   4.7837093006819487e-04
   7.3000000000000000e+01   4.7335526323877275e-04
   7.4000000000000000e+01   4.5607463107444346e-04
   7.5000000000000000e+01   4.2751140426844358e-04
   7.6000000000000000e+01   4.0242008981294930e-04
   7.7000000000000000e+01   3.9260386256501079e-04
   7.8000000000000000e+01   3.8534251507371664e-04
   7.9000000000000000e+01   3.6452710628509521e-04
   8.0000000000000000e+01   3.5641252179630101e-04
   8.1000000000000000e+01   3.5508291330188513e-04
   8.2000000000000000e+01   3.4520594635978341e-04
   8.3000000000000000e+01   3.3162307227030396e-04
   8.4000000000000000e+01   3.0996787245385349e-04
   8.5000000000000000e+01   2.9967768932692707e-04
   8.6000000000000000e+01   3.0421974952332675e-04
   8.7000000000000000e+01   2.9243482276797295e-04
   8.8000000000000000e+01   2.7867816970683634e-04
   8.9000000000000000e+01   2.6776301092468202e-04
   9.0000000000000000e+01   2.5937170721590519e-04
   9.1000000000000000e+01   2.5031546829268336e-04
   9.2000000000000000e+01   2.4350741296075284e-04
   9.3000000000000000e+01   2.3372635769192129e-04
   9.4000000000000000e+01   2.2891760454513133e-04
   9.5000000000000000e+01   2.1944270702078938e-04
   9.6000000000000000e+01   2.1451627253554761e-04
   9.7000000000000000e+01   2.1497496345546097e-04
   9.8000000000000000e+01   2.1073345851618797e-04
   9.9000000000000000e+01   2.0802546350751072e-04
   1.0000000000000000e+02   2.0666171621996909e-04
   1.0100000000000000e+02   1.9340895232744515e-04
   1.0200000000000000e+02   1.9014613644685596e-04
   1.0300000000000000e+02   1.8608140817377716e-04
   1.0400000000000000e+02   1.8739000370260328e-04
   1.0500000000000000e+02   1.8677489424590021e-04
   1.0600000000000000e+02   1.8880797142628580e-04
   1.0700000000000000e+02   1.8717501370701939e-04
   1.0800000000000000e+02   1.8473678210284561e-04
   1.0900000000000000e+02   1.8341492977924645e-04
   1.1000000000000000e+02   1.8306731362827122e-04
   1.1100000000000000e+02   1.7881841631606221e-04
   1.1200000000000000e+02   1.7624517204239964e-04
   1.1300000000000000e+02   1.7976398521568626e-04
   1.1400000000000000e+02   1.8283574900124222e-04
   1.1500000000000000e+02   1.8574341083876789e-04
   1.1600000000000000e+02   1.9011698896065354e-04
   1.1700000000000000e+02   1.9156919734086841e-04
   1.1800000000000000e+02   1.9664525461848825e-04
   1.1900000000000000e+02   1.9844328926410526e-04
   1.2000000000000000e+02   2.0862653036601841e-04
   1.2100000000000000e+02   2.1307957649696618e-04
   1.2200000000000000e+02   2.1613015269394964e-04
   1.2300000000000000e+02   2.2299880220089108e-04
   1.2400000000000000e+02   2.2892632114235312e-04
   1.2500000000000000e+02   2.4016384850256145e-04
   1.2600000000000000e+02   2.5855476269498467e-04
   1.2700000000000000e+02   2.7500576106831431e-04
   1.2800000000000000e+02   2.9705843189731240e-04
   1.2900000000000000e+02   3.2704311888664961e-04
   1.3000000000000000e+02   3.6164882476441562e-04
   1.3100000000000000e+02   4.0151987923309207e-04
   1.3200000000000000e+02   4.5822127140127122e-04
   1.3300000000000000e+02   5.1345629617571831e-04
   1.3400000000000000e+02   5.9221300762146711e-04
   1.3500000000000000e+02   6.6538742976263165e-04
   1.3600000000000000e+02   7.5667753117159009e-04
   1.3700000000000000e+02   8.6776079842820764e-04
   1.3800000000000000e+02   9.8560762125998735e-04
   1.3900000000000000e+02   1.1148635530844331e-03
   1.4000000000000000e+02   1.2542098993435502e-03
   1.4100000000000000e+02   1.4359230408445001e-03
   1.4200000000000000e+02   1.6531745204702020e-03
   1.4300000000000000e+02   1.8943235045298934e-03
   1.4400000000000000e+02   2.1290404256433249e-03
   1.4500000000000000e+02   2.3911895696073771e-03
   1.4600000000000000e+02   2.7621660847216845e-03
   1.4700000000000000e+02   3.0654275324195623e-03
   1.4800000000000000e+02   3.3817335497587919e-03
   1.4900000000000000e+02   3.7204073742032051e-03
   1.5000000000000000e+02   4.1383160278201103e-03
   1.5100000000000000e+02   4.4970149174332619e-03
   1.5200000000000000e+02   4.9496744759380817e-03
   1.5300000000000000e+02   5.4010688327252865e-03
   1.5400000000000000e+02   5.8557749725878239e-03
   1.5500000000000000e+02   6.3567990437150002e-03
   1.5600000000000000e+02   6.8844757042825222e-03
   1.5700000000000000e+02   7.3825786821544170e-03
   1.5800000000000000e+02   7.8760059550404549e-03
   1.5900000000000000e+02   8.4585333243012428e-03
   1.6000000000000000e+02   9.0918131172657013e-03
   1.6100000000000000e+02   9.5789888873696327e-03
   1.6200000000000000e+02   1.0129836387932301e-02
   1.6300000000000000e+02   1.0713438503444195e-02
   1.6400000000000000e+02   1.1274574324488640e-02
   1.6500000000000000e+02   1.1861965991556644e-02
   1.6600000000000000e+02   1.2549334205687046e-02
   1.6700000000000000e+02   1.3099830597639084e-02
   1.6800000000000000e+02   1.3796993531286716e-02
   1.6900000000000000e+02   1.4403717592358589e-02
   1.7000000000000000e+02   1.5084017068147659e-02
   1.7100000000000000e+02   1.5738505870103836e-02
   1.7200000000000000e+02   1.6449546441435814e-02
   1.7300000000000000e+02   1.7170451581478119e-02
   1.7400000000000000e+02   1.7818624153733253e-02
   1.7500000000000000e+02   1.8500903621315956e-02
   1.7600000000000000e+02   1.9251774996519089e-02
   1.7700000000000000e+02   2.0044894888997078e-02
   1.7800000000000000e+02   2.0883854478597641e-02
   1.7900000000000000e+02   2.1701270714402199e-02
   1.8000000000000000e+02   2.2562671452760696e-02
   1.8100000000000000e+02   2.3443553596735001e-02
   1.8200000000000000e+02   2.4470055475831032e-02
   1.8300000000000000e+02   2.5253700092434883e-02
   1.8400000000000000e+02   2.6341807097196579e-02
   1.8500000000000000e+02   2.7395458891987801e-02
   1.8600000000000000e+02   2.8315601870417595e-02
   1.8700000000000000e+02   2.9399687424302101e-02
   1.8800000000000000e+02   3.0583076179027557e-02
   1.8900000000000000e+02   3.1795650720596313e-02
   1.9000000000000000e+02   3.2929066568613052e-02
   1.9100000000000000e+02   3.3989764750003815e-02
   1.9200000000000000e+02   3.5235449671745300e-02
   1.9300000000000000e+02   3.6394383758306503e-02
   1.9400000000000000e+02   3.7663776427507401e-02
   1.9500000000000000e+02   3.8784246891736984e-02
   1.9600000000000000e+02   4.0011886507272720e-02
   1.9700000000000000e+02   4.1145738214254379e-02
   1.9800000000000000e+02   4.2398534715175629e-02
   1.9900000000000000e+02   4.3553285300731659e-02
   2.0000000000000000e+02   4.4721763581037521e-02
   2.0100000000000000e+02   4.5843109488487244e-02
   2.0200000000000000e+02   4.7000415623188019e-02
   2.0300000000000000e+02   4.8113901168107986e-02
   2.0400000000000000e+02   4.9165900796651840e-02
   2.0500000000000000e+02   5.0069231539964676e-02
   2.0600000000000000e+02   5.1211159676313400e-02
   2.0700000000000000e+02   5.2178826183080673e-02
   2.0800000000000000e+02   5.3062513470649719e-02
   2.0900000000000000e+02   5.4050944745540619e-02
   2.1000000000000000e+02   5.4971076548099518e-02
   2.1100000000000000e+02   5.5944375693798065e-02
   2.1200000000000000e+02   5.6912437081336975e-02
   2.1300000000000000e+02   5.7939831167459488e-02
   2.1400000000000000e+02   5.8832678943872452e-02
   2.1500000000000000e+02   5.9495039284229279e-02
   2.1600000000000000e+02   6.0618530958890915e-02
   2.1700000000000000e+02   6.1277646571397781e-02
   2.1800000000000000e+02   6.2022257596254349e-02
   2.1900000000000000e+02   6.2802940607070923e-02
   2.2000000000000000e+02   6.3630394637584686e-02
   2.2100000000000000e+02   6.4254835247993469e-02
   2.2200000000000000e+02   6.5034016966819763e-02
   2.2300000000000000e+02   6.5865695476531982e-02
   2.2400000000000000e+02   6.6677562892436981e-02
   2.2500000000000000e+02   6.7536436021327972e-02
   2.2600000000000000e+02   6.8086795508861542e-02
   2.2700000000000000e+02   6.8699523806571960e-02
   2.2800000000000000e+02   6.9269485771656036e-02
   2.2900000000000000e+02   6.9791994988918304e-02
   2.3000000000000000e+02   7.0488832890987396e-02
   2.3100000000000000e+02   7.0689819753170013e-02
   2.3200000000000000e+02   7.1154549717903137e-02
   2.3300000000000000e+02   7.1641393005847931e-02
   2.3400000000000000e+02   7.1938090026378632e-02
   2.3500000000000000e+02   7.2357542812824249e-02
   2.3600000000000000e+02   7.2765111923217773e-02
   2.3700000000000000e+02   7.3078908026218414e-02
   2.3800000000000000e+02   7.3542460799217224e-02
   2.3900000000000000e+02   7.3626950383186340e-02
   2.4000000000000000e+02   7.3771908879280090e-02
   2.4100000000000000e+02   7.4060410261154175e-02
   2.4200000000000000e+02   7.4186444282531738e-02
   2.4300000000000000e+02   7.4244305491447449e-02
   2.4400000000000000e+02   7.4570879340171814e-02
   2.4500000000000000e+02   7.4699006974697113e-02
   2.4600000000000000e+02   7.4896402657032013e-02
   2.4700000000000000e+02   7.5055271387100220e-02
   2.4800000000000000e+02   7.5078047811985016e-02
   2.4900000000000000e+02   7.5289219617843628e-02
   2.5000000000000000e+02   7.5461529195308685e-02
   2.5100000000000000e+02   7.5784459710121155e-02
   2.5200000000000000e+02   7.5939022004604340e-02
   2.5300000000000000e+02   7.5745418667793274e-02
   2.5400000000000000e+02   7.5926199555397034e-02
   2.5500000000000000e+02   7.5979523360729218e-02
   2.5600000000000000e+02   7.5954452157020569e-02
   2.5700000000000000e+02   7.5950667262077332e-02
   2.5800000000000000e+02   7.6040178537368774e-02
   2.5900000000000000e+02   7.5871370732784271e-02
   2.6000000000000000e+02   7.5676605105400085e-02
   2.6100000000000000e+02   7.5735449790954590e-02
   2.6200000000000000e+02   7.5839161872863770e-02
   2.6300000000000000e+02   7.5862921774387360e-02
   2.6400000000000000e+02   7.5812391936779022e-02
   2.6500000000000000e+02   7.5698688626289368e-02
   2.6600000000000000e+02   7.5372457504272461e-02
   2.6700000000000000e+02   7.5195223093032837e-02
   2.6800000000000000e+02   7.5230918824672699e-02
   2.6900000000000000e+02   7.5009822845458984e-02
   2.7000000000000000e+02   7.4983686208724976e-02
   2.7100000000000000e+02   7.4822857975959778e-02
   2.7200000000000000e+02   7.4663005769252777e-02
   2.7300000000000000e+02   7.4279464781284332e-02
   2.7400000000000000e+02   7.4173212051391602e-02
   2.7500000000000000e+02   7.4045203626155853e-02
   2.7600000000000000e+02   7.3946401476860046e-02
   2.7700000000000000e+02   7.3710843920707703e-02
   2.7800000000000000e+02   7.3445081710815430e-02
   2.7900000000000000e+02   7.3260560631752014e-02
   2.8000000000000000e+02   7.3059588670730591e-02
   2.8100000000000000e+02   7.2954528033733368e-02
   2.8200000000000000e+02   7.2577252984046936e-02
   2.8300000000000000e+02   7.2271816432476044e-02
   2.8400000000000000e+02   7.2142474353313446e-02
   2.8500000000000000e+02   7.1746006608009338e-02
   2.8600000000000000e+02   7.1565069258213043e-02
   2.8700000000000000e+02   7.1430295705795288e-02
   2.8800000000000000e+02   7.1535669267177582e-02
   2.8900000000000000e+02   7.1283623576164246e-02
   2.9000000000000000e+02   7.1138352155685425e-02
   2.9100000000000000e+02   7.0934854447841644e-02
   2.9200000000000000e+02   7.0727989077568054e-02
   2.9300000000000000e+02   7.0494681596755981e-02
   2.9400000000000000e+02   7.0357441902160645e-02
   2.9500000000000000e+02   7.0267051458358765e-02
   2.9600000000000000e+02   7.0136085152626038e-02
   2.9700000000000000e+02   7.0208519697189331e-02
   2.9800000000000000e+02   7.0200517773628235e-02
   2.9900000000000000e+02   7.0009440183639526e-02
   3.0000000000000000e+02   7.0066928863525391e-02
