   1.0000000000000000e+00   1.2752582551911473e-04
   2.0000000000000000e+00   1.2718184734694660e-04
   3.0000000000000000e+00   1.2659843196161091e-04
   4.0000000000000000e+00   1.2582712224684656e-04
   5.0000000000000000e+00   1.2514862464740872e-04
   6.0000000000000000e+00   1.2493095709942281e-04
   7.0000000000000000e+00   1.2550593237392604e-04
   8.0000000000000000e+00   1.2686355330515653e-04
   9.0000000000000000e+00   1.2868053454440087e-04
   1.0000000000000000e+01   1.3061691424809396e-04
   1.1000000000000000e+01   1.3219367247074842e-04
   1.2000000000000000e+01   1.3336085248738527e-04
   1.3000000000000000e+01   1.3437576126307249e-04
   1.4000000000000000e+01   1.3572111492976546e-04
   1.5000000000000000e+01   1.3753697567153722e-04
   1.6000000000000000e+01   1.3955809117760509e-04
   1.7000000000000000e+01   1.4133249351289123e-04
   1.8000000000000000e+01   1.4252377150114626e-04
   1.9000000000000000e+01   1.4310504775494337e-04
   2.0000000000000000e+01   1.4302882482297719e-04
   2.1000000000000000e+01   1.4249059313442558e-04
   2.2000000000000000e+01   1.4183064922690392e-04
   2.3000000000000000e+01   1.4133457443676889e-04
   2.4000000000000000e+01   1.4104477304499596e-04
   2.5000000000000000e+01   1.4095236838329583e-04
   2.6000000000000000e+01   1.4091744378674775e-04
   2.7000000000000000e+01   1.4090542390476912e-04
   2.8000000000000000e+01   1.4082399138715118e-04
   2.9000000000000000e+01   1.4050502795726061e-04
   3.0000000000000000e+01   1.4002247189637274e-04
   3.1000000000000000e+01   1.3986160047352314e-04
   3.2000000000000000e+01   1.4073935744818300e-04
   3.3000000000000000e+01   1.4347715477924794e-04
   3.4000000000000000e+01   1.4828745042905211e-04
   3.5000000000000000e+01   1.5480123693123460e-04
   3.6000000000000000e+01   1.6192751354537904e-04
   3.7000000000000000e+01   1.6921182395890355e-04
   3.8000000000000000e+01   1.7664302140474319e-04
   3.9000000000000000e+01   1.8551221000961959e-04
   4.0000000000000000e+01   1.9724550656974316e-04
   4.1000000000000000e+01   2.1340961393434554e-04
   4.2000000000000000e+01   2.3537885863333941e-04
   4.3000000000000000e+01   2.6444348623044789e-04
   4.4000000000000000e+01   3.0200585024431348e-04
   4.5000000000000000e+01   3.5045325057581067e-04
   4.6000000000000000e+01   4.1254359530285001e-04
   4.7000000000000000e+01   4.9096613656729460e-04
   4.8000000000000000e+01   5.8779324172064662e-04
   4.9000000000000000e+01   7.0550834061577916e-04
   5.0000000000000000e+01   8.4680039435625076e-04
   5.1000000000000000e+01   1.0150767629966140e-03
   5.2000000000000000e+01   1.2128284433856606e-03
   5.3000000000000000e+01   1.4412709278985858e-03
   5.4000000000000000e+01   1.6983539098873734e-03
   5.5000000000000000e+01   1.9797559361904860e-03
   5.6000000000000000e+01   2.2794606629759073e-03
   5.7000000000000000e+01   2.5922402273863554e-03
   5.8000000000000000e+01   2.9152897186577320e-03
   5.9000000000000000e+01   3.2469821162521839e-03
   6.0000000000000000e+01   3.5842279903590679e-03
   6.1000000000000000e+01   3.9226822555065155e-03
   6.2000000000000000e+01   4.2578717693686485e-03
   6.3000000000000000e+01   4.5866887085139751e-03
   6.4000000000000000e+01   4.9063754267990589e-03
   6.5000000000000000e+01   5.2155172452330589e-03
   6.6000000000000000e+01   5.5134478025138378e-03
   6.7000000000000000e+01   5.8004288002848625e-03
   6.8000000000000000e+01   6.0765878297388554e-03
   6.9000000000000000e+01   6.3413502648472786e-03
   7.0000000000000000e+01   6.5971002914011478e-03
   7.1000000000000000e+01   6.8495175801217556e-03
   7.2000000000000000e+01   7.1061938069760799e-03
   7.3000000000000000e+01   7.3716514743864536e-03
   7.4000000000000000e+01   7.6468335464596748e-03
   7.5000000000000000e+01   7.9325204715132713e-03
   7.6000000000000000e+01   8.2288105040788651e-03
   7.7000000000000000e+01   8.5341203957796097e-03
   7.8000000000000000e+01   8.8460855185985565e-03
   7.9000000000000000e+01   9.1607347130775452e-03
   8.0000000000000000e+01   9.4750216230750084e-03
   8.1000000000000000e+01   9.7887804731726646e-03
   8.2000000000000000e+01   1.0103399865329266e-02
   8.3000000000000000e+01   1.0422213934361935e-02
   8.4000000000000000e+01   1.0749233886599541e-02
   8.5000000000000000e+01   1.1084221303462982e-02
   8.6000000000000000e+01   1.1420839466154575e-02
   8.7000000000000000e+01   1.1749451048672199e-02
   8.8000000000000000e+01   1.2063064612448215e-02
   8.9000000000000000e+01   1.2360302731394768e-02
   9.0000000000000000e+01   1.2645159848034382e-02
   9.1000000000000000e+01   1.2922842055559158e-02
   9.2000000000000000e+01   1.3197187334299088e-02
   9.3000000000000000e+01   1.3471310958266258e-02
   9.4000000000000000e+01   1.3746678829193115e-02
   9.5000000000000000e+01   1.4022415503859520e-02
   9.6000000000000000e+01   1.4291180297732353e-02
   9.7000000000000000e+01   1.4545721001923084e-02
   9.8000000000000000e+01   1.4778550714254379e-02
   9.9000000000000000e+01   1.4986031688749790e-02
   1.0000000000000000e+02   1.5168073587119579e-02
   1.0100000000000000e+02   1.5328919515013695e-02
   1.0200000000000000e+02   1.5474873594939709e-02
   1.0300000000000000e+02   1.5610939823091030e-02
   1.0400000000000000e+02   1.5738498419523239e-02
   1.0500000000000000e+02   1.5853447839617729e-02
   1.0600000000000000e+02   1.5952173620462418e-02
   1.0700000000000000e+02   1.6034228727221489e-02
   1.0800000000000000e+02   1.6100006178021431e-02
   1.0900000000000000e+02   1.6154846176505089e-02
   1.1000000000000000e+02   1.6205010935664177e-02
   1.1100000000000000e+02   1.6259780153632164e-02
   1.1200000000000000e+02   1.6326334327459335e-02
   1.1300000000000000e+02   1.6410412266850471e-02
   1.1400000000000000e+02   1.6514008864760399e-02
   1.1500000000000000e+02   1.6638884320855141e-02
   1.1600000000000000e+02   1.6783948987722397e-02
   1.1700000000000000e+02   1.6945989802479744e-02
   1.1800000000000000e+02   1.7122080549597740e-02
   1.1900000000000000e+02   1.7308803275227547e-02
   1.2000000000000000e+02   1.7506824806332588e-02
   1.2100000000000000e+02   1.7719199880957603e-02
   1.2200000000000000e+02   1.7950916662812233e-02
   1.2300000000000000e+02   1.8207969143986702e-02
   1.2400000000000000e+02   1.8494129180908203e-02
   1.2500000000000000e+02   1.8814425915479660e-02
   1.2600000000000000e+02   1.9171373918652534e-02
   1.2700000000000000e+02   1.9569162279367447e-02
   1.2800000000000000e+02   2.0009623840451241e-02
   1.2900000000000000e+02   2.0494410768151283e-02
   1.3000000000000000e+02   2.1024757996201515e-02
   1.3100000000000000e+02   2.1604111418128014e-02
   1.3200000000000000e+02   2.2238342091441154e-02
   1.3300000000000000e+02   2.2933730855584145e-02
   1.3400000000000000e+02   2.3697791621088982e-02
   1.3500000000000000e+02   2.4535026401281357e-02
   1.3600000000000000e+02   2.5444079190492630e-02
   1.3700000000000000e+02   2.6420654729008675e-02
   1.3800000000000000e+02   2.7455782517790794e-02
   1.3900000000000000e+02   2.8540518134832382e-02
   1.4000000000000000e+02   2.9663156718015671e-02
   1.4100000000000000e+02   3.0814804136753082e-02
   1.4200000000000000e+02   3.1983908265829086e-02
   1.4300000000000000e+02   3.3162288367748260e-02
   1.4400000000000000e+02   3.4344322979450226e-02
   1.4500000000000000e+02   3.5529147833585739e-02
   1.4600000000000000e+02   3.6717299371957779e-02
   1.4700000000000000e+02   3.7910971790552139e-02
   1.4800000000000000e+02   3.9110321551561356e-02
   1.4900000000000000e+02   4.0315002202987671e-02
   1.5000000000000000e+02   4.1521407663822174e-02
   1.5100000000000000e+02   4.2724724858999252e-02
   1.5200000000000000e+02   4.3917492032051086e-02
   1.5300000000000000e+02   4.5093894004821777e-02
   1.5400000000000000e+02   4.6245675534009933e-02
   1.5500000000000000e+02   4.7365237027406693e-02
   1.5600000000000000e+02   4.8448432236909866e-02
   1.5700000000000000e+02   4.9499418586492538e-02
   1.5800000000000000e+02   5.0526540726423264e-02
   1.5900000000000000e+02   5.1540788263082504e-02
   1.6000000000000000e+02   5.2544835954904556e-02
   1.6100000000000000e+02   5.3533706814050674e-02
   1.6200000000000000e+02   5.4495785385370255e-02
   1.6300000000000000e+02   5.5420123040676117e-02
   1.6400000000000000e+02   5.6300718337297440e-02
   1.6500000000000000e+02   5.7138986885547638e-02
   1.6600000000000000e+02   5.7942308485507965e-02
   1.6700000000000000e+02   5.8717604726552963e-02
   1.6800000000000000e+02   5.9470616281032562e-02
   1.6900000000000000e+02   6.0208514332771301e-02
   1.7000000000000000e+02   6.0940831899642944e-02
   1.7100000000000000e+02   6.1679054051637650e-02
   1.7200000000000000e+02   6.2424190342426300e-02
   1.7300000000000000e+02   6.3170500099658966e-02
   1.7400000000000000e+02   6.3906207680702209e-02
   1.7500000000000000e+02   6.4620219171047211e-02
   1.7600000000000000e+02   6.5305769443511963e-02
   1.7700000000000000e+02   6.5957725048065186e-02
   1.7800000000000000e+02   6.6576816141605377e-02
   1.7900000000000000e+02   6.7161649465560913e-02
   1.8000000000000000e+02   6.7709967494010925e-02
   1.8100000000000000e+02   6.8219102919101715e-02
   1.8200000000000000e+02   6.8686112761497498e-02
   1.8300000000000000e+02   6.9113202393054962e-02
   1.8400000000000000e+02   6.9500714540481567e-02
   1.8500000000000000e+02   6.9846421480178833e-02
   1.8600000000000000e+02   7.0141442120075226e-02
   1.8700000000000000e+02   7.0382639765739441e-02
   1.8800000000000000e+02   7.0574134588241577e-02
   1.8900000000000000e+02   7.0725649595260620e-02
   1.9000000000000000e+02   7.0851638913154602e-02
   1.9100000000000000e+02   7.0963129401206970e-02
   1.9200000000000000e+02   7.1065194904804230e-02
   1.9300000000000000e+02   7.1155607700347900e-02
   1.9400000000000000e+02   7.1226298809051514e-02
   1.9500000000000000e+02   7.1272633969783783e-02
   1.9600000000000000e+02   7.1296475827693939e-02
   1.9700000000000000e+02   7.1310326457023621e-02
   1.9800000000000000e+02   7.1321561932563782e-02
   1.9900000000000000e+02   7.1332447230815887e-02
   2.0000000000000000e+02   7.1339108049869537e-02
   2.0100000000000000e+02   7.1337379515171051e-02
   2.0200000000000000e+02   7.1318969130516052e-02
   2.0300000000000000e+02   7.1273460984230042e-02
   2.0400000000000000e+02   7.1186169981956482e-02
   2.0500000000000000e+02   7.1042820811271667e-02
   2.0600000000000000e+02   7.0838280022144318e-02
   2.0700000000000000e+02   7.0584729313850403e-02
   2.0800000000000000e+02   7.0301286876201630e-02
   2.0900000000000000e+02   7.0014461874961853e-02
   2.1000000000000000e+02   6.9740600883960724e-02
   2.1100000000000000e+02   6.9475889205932617e-02
   2.1200000000000000e+02   6.9198466837406158e-02
   2.1300000000000000e+02   6.8888224661350250e-02
   2.1400000000000000e+02   6.8536534905433655e-02
   2.1500000000000000e+02   6.8152450025081635e-02
   2.1600000000000000e+02   6.7754186689853668e-02
   2.1700000000000000e+02   6.7360140383243561e-02
   2.1800000000000000e+02   6.6982381045818329e-02
   2.1900000000000000e+02   6.6629514098167419e-02
   2.2000000000000000e+02   6.6305026412010193e-02
   2.2100000000000000e+02   6.6008307039737701e-02
   2.2200000000000000e+02   6.5729618072509766e-02
   2.2300000000000000e+02   6.5456442534923553e-02
   2.2400000000000000e+02   6.5168924629688263e-02
   2.2500000000000000e+02   6.4850270748138428e-02
   2.2600000000000000e+02   6.4493261277675629e-02
   2.2700000000000000e+02   6.4107283949851990e-02
   2.2800000000000000e+02   6.3710533082485199e-02
   2.2900000000000000e+02   6.3318900763988495e-02
   2.3000000000000000e+02   6.2937051057815552e-02
   2.3100000000000000e+02   6.2554843723773956e-02
   2.3200000000000000e+02   6.2162462621927261e-02
   2.3300000000000000e+02   6.1753425747156143e-02
   2.3400000000000000e+02   6.1330031603574753e-02
   2.3500000000000000e+02   6.0903806239366531e-02
   2.3600000000000000e+02   6.0485627502202988e-02
   2.3700000000000000e+02   6.0084749013185501e-02
   2.3800000000000000e+02   5.9702191501855850e-02
   2.3900000000000000e+02   5.9336021542549133e-02
   2.4000000000000000e+02   5.8982223272323608e-02
   2.4100000000000000e+02   5.8639839291572571e-02
   2.4200000000000000e+02   5.8311276137828827e-02
   2.4300000000000000e+02   5.7992272078990936e-02
   2.4400000000000000e+02   5.7678285986185074e-02
   2.4500000000000000e+02   5.7364057749509811e-02
   2.4600000000000000e+02   5.7051960378885269e-02
   2.4700000000000000e+02   5.6745368987321854e-02
   2.4800000000000000e+02   5.6446302682161331e-02
   2.4900000000000000e+02   5.6152842938899994e-02
   2.5000000000000000e+02   5.5856876075267792e-02
   2.5100000000000000e+02   5.5553544312715530e-02
   2.5200000000000000e+02   5.5236984044313431e-02
   2.5300000000000000e+02   5.4909408092498779e-02
   2.5400000000000000e+02   5.4578855633735657e-02
   2.5500000000000000e+02   5.4251931607723236e-02
   2.5600000000000000e+02   5.3929295390844345e-02
   2.5700000000000000e+02   5.3602386265993118e-02
   2.5800000000000000e+02   5.3265120834112167e-02
   2.5900000000000000e+02   5.2914097905158997e-02
   2.6000000000000000e+02   5.2552934736013412e-02
   2.6100000000000000e+02   5.2186310291290283e-02
   2.6200000000000000e+02   5.1814895123243332e-02
   2.6300000000000000e+02   5.1440794020891190e-02
   2.6400000000000000e+02   5.1061280071735382e-02
   2.6500000000000000e+02   5.0676718354225159e-02
   2.6600000000000000e+02   5.0287727266550064e-02
   2.6700000000000000e+02   4.9896962940692902e-02
   2.6800000000000000e+02   4.9505226314067841e-02
   2.6900000000000000e+02   4.9114201217889786e-02
   2.7000000000000000e+02   4.8725999891757965e-02
   2.7100000000000000e+02   4.8345841467380524e-02
   2.7200000000000000e+02   4.7978762537240982e-02
   2.7300000000000000e+02   4.7626655548810959e-02
   2.7400000000000000e+02   4.7289535403251648e-02
   2.7500000000000000e+02   4.6964161098003387e-02
   2.7600000000000000e+02   4.6649117022752762e-02
   2.7700000000000000e+02   4.6344958245754242e-02
   2.7800000000000000e+02   4.6051844954490662e-02
   2.7900000000000000e+02   4.5770738273859024e-02
   2.8000000000000000e+02   4.5495826750993729e-02
   2.8100000000000000e+02   4.5222219079732895e-02
   2.8200000000000000e+02   4.4946528971195221e-02
   2.8300000000000000e+02   4.4666938483715057e-02
   2.8400000000000000e+02   4.4383663684129715e-02
   2.8500000000000000e+02   4.4100090861320496e-02
   2.8600000000000000e+02   4.3823961168527603e-02
   2.8700000000000000e+02   4.3559283018112183e-02
   2.8800000000000000e+02   4.3311383575201035e-02
   2.8900000000000000e+02   4.3083239346742630e-02
   2.9000000000000000e+02   4.2874373495578766e-02
   2.9100000000000000e+02   4.2680952697992325e-02
   2.9200000000000000e+02   4.2500376701354980e-02
   2.9300000000000000e+02   4.2331062257289886e-02
   2.9400000000000000e+02   4.2176451534032822e-02
   2.9500000000000000e+02   4.2041417211294174e-02
   2.9600000000000000e+02   4.1931163519620895e-02
   2.9700000000000000e+02   4.1844148188829422e-02
   2.9800000000000000e+02   4.1779838502407074e-02
   2.9900000000000000e+02   4.1734162718057632e-02
   3.0000000000000000e+02   4.1702985763549805e-02
