   1.0000000000000000e+00   2.7888909244211391e-05
   2.0000000000000000e+00   2.4807117370073684e-05
   3.0000000000000000e+00   2.2326405087369494e-05
   4.0000000000000000e+00   2.0296734874136746e-05
   5.0000000000000000e+00   1.8605340301292017e-05
   6.0000000000000000e+00   1.7174159438582137e-05
   7.0000000000000000e+00   1.5947840438457206e-05
   8.0000000000000000e+00   1.4884654774505179e-05
   9.0000000000000000e+00   1.0958837265206967e-05
   1.0000000000000000e+01   7.1603885771764908e-06
   1.1000000000000000e+01   6.3384723034687340e-06
   1.2000000000000000e+01   4.8455572141392622e-06
   1.3000000000000000e+01   3.9173501136247069e-06
   1.4000000000000000e+01   2.5769300009415019e-06
   1.5000000000000000e+01   6.7041986540061771e-07
   1.6000000000000000e+01   2.9306168158882429e-08
   1.7000000000000000e+01   2.4892642613849603e-08
   1.8000000000000000e+01   4.8887482989812270e-05
   1.9000000000000000e+01   8.2271253631915897e-05
   2.0000000000000000e+01   1.1576656106626615e-04
   2.1000000000000000e+01   1.1819992505479604e-04
   2.2000000000000000e+01   1.1891981557710096e-04
   2.3000000000000000e+01   1.1974918743362650e-04
   2.4000000000000000e+01   1.2240558862686157e-04
   2.5000000000000000e+01   1.6857818991411477e-04
   2.6000000000000000e+01   2.4799807579256594e-04
   2.7000000000000000e+01   6.4830284100025892e-04
   2.8000000000000000e+01   6.9870874285697937e-03
   2.9000000000000000e+01   1.8001556396484375e-02
   3.0000000000000000e+01   2.9690256342291832e-02
   3.1000000000000000e+01   4.4955968856811523e-02
   3.2000000000000000e+01   6.0582295060157776e-02
   3.3000000000000000e+01   7.2369128465652466e-02
   3.4000000000000000e+01   8.0233782529830933e-02
   3.5000000000000000e+01   8.7223097681999207e-02
   3.6000000000000000e+01   9.2799581587314606e-02
   3.7000000000000000e+01   9.8988428711891174e-02
   3.8000000000000000e+01   1.0508046299219131e-01
   3.9000000000000000e+01   1.1126434057950974e-01
   4.0000000000000000e+01   1.1803364008665085e-01
   4.1000000000000000e+01   1.2789092957973480e-01
   4.2000000000000000e+01   1.4262717962265015e-01
   4.3000000000000000e+01   1.5412685275077820e-01
   4.4000000000000000e+01   1.6503517329692841e-01
   4.5000000000000000e+01   1.7832414805889130e-01
   4.6000000000000000e+01   1.9112697243690491e-01
   4.7000000000000000e+01   2.0959700644016266e-01
   4.8000000000000000e+01   2.3646038770675659e-01
   4.9000000000000000e+01   2.7222287654876709e-01
   5.0000000000000000e+01   3.1082999706268311e-01
   5.1000000000000000e+01   3.5292789340019226e-01
   5.2000000000000000e+01   3.9093288779258728e-01
   5.3000000000000000e+01   4.2549544572830200e-01
   5.4000000000000000e+01   4.5502927899360657e-01
   5.5000000000000000e+01   4.7731441259384155e-01
   5.6000000000000000e+01   4.8983052372932434e-01
   5.7000000000000000e+01   4.9011045694351196e-01
   5.8000000000000000e+01   4.8288261890411377e-01
   5.9000000000000000e+01   4.6635007858276367e-01
   6.0000000000000000e+01   4.4412326812744141e-01
   6.1000000000000000e+01   4.1606357693672180e-01
   6.2000000000000000e+01   3.8199725747108459e-01
   6.3000000000000000e+01   3.4334591031074524e-01
   6.4000000000000000e+01   2.9969179630279541e-01
   6.5000000000000000e+01   2.5406756997108459e-01
   6.6000000000000000e+01   2.0639604330062866e-01
   6.7000000000000000e+01   1.6220860183238983e-01
   6.8000000000000000e+01   1.2155869603157043e-01
   6.9000000000000000e+01   8.5841275751590729e-02
   7.0000000000000000e+01   5.6741990149021149e-02
   7.1000000000000000e+01   3.4289300441741943e-02
   7.2000000000000000e+01   1.8872886896133423e-02
   7.3000000000000000e+01   8.2623623311519623e-03
   7.4000000000000000e+01   2.8721780981868505e-03
   7.5000000000000000e+01   1.2140196486143395e-04
   7.6000000000000000e+01   1.1304530926281586e-04
   7.7000000000000000e+01   8.4023726230952889e-05
   7.8000000000000000e+01   4.0930441173259169e-05
   7.9000000000000000e+01   3.9891121559776366e-05
   8.0000000000000000e+01   4.2210249375784770e-05
   8.1000000000000000e+01   4.5406100980471820e-05
   8.2000000000000000e+01   4.7037901822477579e-05
   8.3000000000000000e+01   4.4743970647687092e-05
   8.4000000000000000e+01   5.9746194892795756e-05
   8.5000000000000000e+01   6.7862914875149727e-05
   8.6000000000000000e+01   1.0758294229162857e-04
   8.7000000000000000e+01   1.8543413898441941e-04
   8.8000000000000000e+01   1.8829425971489400e-04
   8.9000000000000000e+01   1.8999041640199721e-04
   9.0000000000000000e+01   1.9200118549633771e-04
   9.1000000000000000e+01   2.0413361198734492e-04
   9.2000000000000000e+01   2.0320995827205479e-04
   9.3000000000000000e+01   1.9871789845637977e-04
   9.4000000000000000e+01   1.9334854732733220e-04
   9.5000000000000000e+01   1.8534081755205989e-04
   9.6000000000000000e+01   1.7688376829028130e-04
   9.7000000000000000e+01   1.6814848640933633e-04
   9.8000000000000000e+01   1.6494044393766671e-04
   9.9000000000000000e+01   1.4698496670462191e-04
   1.0000000000000000e+02   1.3756280532106757e-04
   1.0100000000000000e+02   9.7671974799595773e-05
   1.0200000000000000e+02   1.9755751054617576e-05
   1.0300000000000000e+02   1.6799196600914001e-05
   1.0400000000000000e+02   1.5052793969516642e-05
   1.0500000000000000e+02   1.2955640158907045e-05
   1.0600000000000000e+02   3.5117537322548742e-07
   1.0700000000000000e+02   2.0908331066493702e-07
   1.0800000000000000e+02   9.9512249107647222e-08
   1.0900000000000000e+02   7.0325299361684301e-08
   1.1000000000000000e+02   6.2457552019168361e-08
   1.1100000000000000e+02   2.6610166514728917e-08
   1.1200000000000000e+02   2.4041217017156669e-08
   1.1300000000000000e+02   2.2457927073560313e-08
   1.1400000000000000e+02   1.9716042132245093e-08
   1.1500000000000000e+02   1.9030290232535663e-08
   1.1600000000000000e+02   3.2942115701928287e-09
   1.1700000000000000e+02   3.5351699345653742e-09
   1.1800000000000000e+02   5.7936699882077392e-09
   1.1900000000000000e+02   7.2279791041296448e-09
   1.2000000000000000e+02   1.2044568009628165e-08
   1.2100000000000000e+02   1.5512181761323518e-08
   1.2200000000000000e+02   3.5239882123505595e-08
   1.2300000000000000e+02   4.4261131648681840e-08
   1.2400000000000000e+02   1.0781522519209830e-07
   1.2500000000000000e+02   6.3727850374561967e-07
   1.2600000000000000e+02   6.9013657366667758e-07
   1.2700000000000000e+02   1.7358469222017447e-06
   1.2800000000000000e+02   2.1142584500921657e-06
   1.2900000000000000e+02   3.3196249660250032e-06
   1.3000000000000000e+02   3.8486805351567455e-06
   1.3100000000000000e+02   7.2058728619595058e-06
   1.3200000000000000e+02   9.5891791715985164e-06
   1.3300000000000000e+02   1.1307754903100431e-05
   1.3400000000000000e+02   1.3212194062361959e-05
   1.3500000000000000e+02   1.5412655557156540e-05
   1.3600000000000000e+02   1.9993171008536592e-05
   1.3700000000000000e+02   3.2761145121185109e-05
   1.3800000000000000e+02   4.0375245589530095e-05
   1.3900000000000000e+02   4.8032390623120591e-05
   1.4000000000000000e+02   5.7058387028519064e-05
   1.4100000000000000e+02   7.2425609687343240e-05
   1.4200000000000000e+02   8.0645382695365697e-05
   1.4300000000000000e+02   9.9985692941118032e-05
   1.4400000000000000e+02   1.1628576612565666e-04
   1.4500000000000000e+02   1.2298274668864906e-04
   1.4600000000000000e+02   1.3267440954223275e-04
   1.4700000000000000e+02   1.4586524048354477e-04
   1.4800000000000000e+02   1.5763171541038901e-04
   1.4900000000000000e+02   1.6868236707523465e-04
   1.5000000000000000e+02   1.7826560360845178e-04
   1.5100000000000000e+02   1.8333557818550617e-04
   1.5200000000000000e+02   1.8622800416778773e-04
   1.5300000000000000e+02   1.9549920398276299e-04
   1.5400000000000000e+02   2.0427224808372557e-04
   1.5500000000000000e+02   2.0833492453675717e-04
   1.5600000000000000e+02   2.0902567484881729e-04
   1.5700000000000000e+02   2.1375967480707914e-04
   1.5800000000000000e+02   2.0989250333514065e-04
   1.5900000000000000e+02   2.1213157742749900e-04
   1.6000000000000000e+02   2.2028973035048693e-04
   1.6100000000000000e+02   2.2396307031158358e-04
   1.6200000000000000e+02   2.2293774236459285e-04
   1.6300000000000000e+02   2.2490743140224367e-04
   1.6400000000000000e+02   2.3119921388570219e-04
   1.6500000000000000e+02   2.3651262745261192e-04
   1.6600000000000000e+02   2.4329884035978466e-04
   1.6700000000000000e+02   2.4350741296075284e-04
   1.6800000000000000e+02   2.4677262990735471e-04
   1.6900000000000000e+02   2.4874473456293344e-04
   1.7000000000000000e+02   2.5241074035875499e-04
   1.7100000000000000e+02   2.6108004385605454e-04
   1.7200000000000000e+02   2.5914204888977110e-04
   1.7300000000000000e+02   2.6130725746043026e-04
   1.7400000000000000e+02   2.5658926460891962e-04
   1.7500000000000000e+02   2.6260604499839246e-04
   1.7600000000000000e+02   2.5977645418606699e-04
   1.7700000000000000e+02   2.5804311735555530e-04
   1.7800000000000000e+02   2.5211725733242929e-04
   1.7900000000000000e+02   2.4350047169718891e-04
   1.8000000000000000e+02   2.3656508710701019e-04
   1.8100000000000000e+02   2.4094065884128213e-04
   1.8200000000000000e+02   2.6266995701007545e-04
   1.8300000000000000e+02   2.5426346110180020e-04
   1.8400000000000000e+02   2.4957538698799908e-04
   1.8500000000000000e+02   2.4429382756352425e-04
   1.8600000000000000e+02   2.5401811581104994e-04
   1.8700000000000000e+02   2.5836349232122302e-04
   1.8800000000000000e+02   2.6180950226262212e-04
   1.8900000000000000e+02   2.5953119620680809e-04
   1.9000000000000000e+02   2.4846073938533664e-04
   1.9100000000000000e+02   2.5379113503731787e-04
   1.9200000000000000e+02   2.4443081929348409e-04
   1.9300000000000000e+02   2.3653387324884534e-04
   1.9400000000000000e+02   2.2856137366034091e-04
   1.9500000000000000e+02   2.2082467330619693e-04
   1.9600000000000000e+02   2.0792080613318831e-04
   1.9700000000000000e+02   1.7195526743307710e-04
   1.9800000000000000e+02   1.6253198555205017e-04
   1.9900000000000000e+02   1.4971553173381835e-04
   2.0000000000000000e+02   1.3958549243398011e-04
   2.0100000000000000e+02   1.0700945131247863e-04
   2.0200000000000000e+02   9.3402573838829994e-05
   2.0300000000000000e+02   7.5048155849799514e-05
   2.0400000000000000e+02   6.5748725319281220e-05
   2.0500000000000000e+02   6.3883264374453574e-05
   2.0600000000000000e+02   4.6150835260050371e-05
   2.0700000000000000e+02   6.3556050008628517e-05
   2.0800000000000000e+02   1.1604381870711222e-04
   2.0900000000000000e+02   1.8347665900364518e-04
   2.1000000000000000e+02   2.4159219174180180e-04
   2.1100000000000000e+02   2.9373279539868236e-04
   2.1200000000000000e+02   4.1364898788742721e-04
   2.1300000000000000e+02   6.0384836979210377e-04
   2.1400000000000000e+02   7.3984597111120820e-04
   2.1500000000000000e+02   1.0347192874178290e-03
   2.1600000000000000e+02   1.2698137434199452e-03
   2.1700000000000000e+02   1.5445403987541795e-03
   2.1800000000000000e+02   1.8163360655307770e-03
   2.1900000000000000e+02   2.1091459784656763e-03
   2.2000000000000000e+02   2.3294948041439056e-03
   2.2100000000000000e+02   2.6208166964352131e-03
   2.2200000000000000e+02   2.7970618102699518e-03
   2.2300000000000000e+02   3.0067707411944866e-03
   2.2400000000000000e+02   3.1679689418524504e-03
   2.2500000000000000e+02   3.3576465211808681e-03
   2.2600000000000000e+02   3.5150053445249796e-03
   2.2700000000000000e+02   3.5991112235933542e-03
   2.2800000000000000e+02   3.5822195932269096e-03
   2.2900000000000000e+02   3.6361953243613243e-03
   2.3000000000000000e+02   3.5058569628745317e-03
   2.3100000000000000e+02   3.4489952959120274e-03
   2.3200000000000000e+02   3.4094883594661951e-03
   2.3300000000000000e+02   3.3024391159415245e-03
   2.3400000000000000e+02   3.1549336854368448e-03
   2.3500000000000000e+02   3.0638526659458876e-03
   2.3600000000000000e+02   2.9395869933068752e-03
   2.3700000000000000e+02   2.8836345300078392e-03
   2.3800000000000000e+02   2.8012415859848261e-03
   2.3900000000000000e+02   2.7026012539863586e-03
   2.4000000000000000e+02   2.6035131886601448e-03
   2.4100000000000000e+02   2.5139185599982738e-03
   2.4200000000000000e+02   2.4688798002898693e-03
   2.4300000000000000e+02   2.4221523199230433e-03
   2.4400000000000000e+02   2.4025733582675457e-03
   2.4500000000000000e+02   2.3764914367347956e-03
   2.4600000000000000e+02   2.3468651343137026e-03
   2.4700000000000000e+02   2.3149249609559774e-03
   2.4800000000000000e+02   2.3145501036196947e-03
   2.4900000000000000e+02   2.3428895510733128e-03
   2.5000000000000000e+02   2.3648203350603580e-03
   2.5100000000000000e+02   2.3471012245863676e-03
   2.5200000000000000e+02   2.4024585727602243e-03
   2.5300000000000000e+02   2.3834444582462311e-03
   2.5400000000000000e+02   2.4120667949318886e-03
   2.5500000000000000e+02   2.4312993045896292e-03
   2.5600000000000000e+02   2.4933626409620047e-03
   2.5700000000000000e+02   2.5584283284842968e-03
   2.5800000000000000e+02   2.5936006568372250e-03
   2.5900000000000000e+02   2.6536996010690928e-03
   2.6000000000000000e+02   2.7035458479076624e-03
   2.6100000000000000e+02   2.7323211543262005e-03
   2.6200000000000000e+02   2.7061658911406994e-03
   2.6300000000000000e+02   2.7982064057141542e-03
   2.6400000000000000e+02   2.8185457922518253e-03
   2.6500000000000000e+02   2.8857504948973656e-03
   2.6600000000000000e+02   3.0223294161260128e-03
   2.6700000000000000e+02   3.0993300024420023e-03
   2.6800000000000000e+02   3.2185583841055632e-03
   2.6900000000000000e+02   3.3075863029807806e-03
   2.7000000000000000e+02   3.3664444927126169e-03
   2.7100000000000000e+02   3.4682904370129108e-03
   2.7200000000000000e+02   3.4479564055800438e-03
   2.7300000000000000e+02   3.4324484877288342e-03
   2.7400000000000000e+02   3.4676773939281702e-03
   2.7500000000000000e+02   3.4716988448053598e-03
   2.7600000000000000e+02   3.3811642788350582e-03
   2.7700000000000000e+02   3.3794892951846123e-03
   2.7800000000000000e+02   3.1929018441587687e-03
   2.7900000000000000e+02   3.0641013290733099e-03
   2.8000000000000000e+02   2.9073045589029789e-03
   2.8100000000000000e+02   2.6766525115817785e-03
   2.8200000000000000e+02   2.4058744311332703e-03
   2.8300000000000000e+02   2.1270113065838814e-03
   2.8400000000000000e+02   1.8894689856097102e-03
   2.8500000000000000e+02   1.6642662230879068e-03
   2.8600000000000000e+02   1.3729676138609648e-03
   2.8700000000000000e+02   1.1689071543514729e-03
   2.8800000000000000e+02   1.0235727531835437e-03
   2.8900000000000000e+02   7.5844646198675036e-04
   2.9000000000000000e+02   5.6562235113233328e-04
   2.9100000000000000e+02   4.7910705325193703e-04
   2.9200000000000000e+02   3.0314319883473217e-04
   2.9300000000000000e+02   2.3534969659522176e-04
   2.9400000000000000e+02   1.7862665117718279e-04
   2.9500000000000000e+02   1.1151422222610563e-04
   2.9600000000000000e+02   4.9861904699355364e-05
   2.9700000000000000e+02   5.0668200856307521e-05
   2.9800000000000000e+02   5.1551043725339696e-05
   2.9900000000000000e+02   3.6014494980918244e-05
   3.0000000000000000e+02   3.2974377973005176e-05
