   1.0000000000000000e+00   4.2686019696702715e-06
   2.0000000000000000e+00   4.3664840632118285e-06
   3.0000000000000000e+00   4.8222223085758742e-06
   4.0000000000000000e+00   5.0311105042055715e-06
   5.0000000000000000e+00   5.0831786211347207e-06
   6.0000000000000000e+00   5.3616781769960653e-06
   7.0000000000000000e+00   5.8789260037883651e-06
   8.0000000000000000e+00   6.1816972447559237e-06
   9.0000000000000000e+00   6.7291198320162948e-06
   1.0000000000000000e+01   7.5608922998071648e-06
   1.1000000000000000e+01   8.1565931395743974e-06
   1.2000000000000000e+01   9.0139456005999818e-06
   1.3000000000000000e+01   9.1759729912155308e-06
   1.4000000000000000e+01   1.0274134183418937e-05
   1.5000000000000000e+01   1.1366603757778648e-05
   1.6000000000000000e+01   1.2182023056084290e-05
   1.7000000000000000e+01   1.3076526556687895e-05
   1.8000000000000000e+01   1.3634990864375141e-05
   1.9000000000000000e+01   1.3997095265949611e-05
   2.0000000000000000e+01   1.4603862837248016e-05
   2.1000000000000000e+01   1.4750652553630061e-05
   2.2000000000000000e+01   1.4744547115697060e-05
   2.3000000000000000e+01   1.4993633158155717e-05
   2.4000000000000000e+01   1.5641178833902813e-05
   2.5000000000000000e+01   1.5725832781754434e-05
   2.6000000000000000e+01   1.5940904631861486e-05
   2.7000000000000000e+01   1.6283236618619412e-05
   2.8000000000000000e+01   1.6998392311506905e-05
   2.9000000000000000e+01   1.6732348740333691e-05
   3.0000000000000000e+01   1.7199196008732542e-05
   3.1000000000000000e+01   1.6675914594088681e-05
   3.2000000000000000e+01   1.6731088180677034e-05
   3.3000000000000000e+01   1.6753851014073007e-05
   3.4000000000000000e+01   1.7217051208717749e-05
   3.5000000000000000e+01   1.8166248992201872e-05
   3.6000000000000000e+01   1.9787386918324046e-05
   3.7000000000000000e+01   2.0467496142373420e-05
   3.8000000000000000e+01   2.1475945686688647e-05
   3.9000000000000000e+01   2.3065234927344136e-05
   4.0000000000000000e+01   2.4913269953685813e-05
   4.1000000000000000e+01   2.7252855943515897e-05
   4.2000000000000000e+01   3.1707062589703128e-05
   4.3000000000000000e+01   3.5449687857180834e-05
   4.4000000000000000e+01   4.4406755478121340e-05
   4.5000000000000000e+01   5.5058168072719127e-05
   4.6000000000000000e+01   7.2507602453697473e-05
   4.7000000000000000e+01   9.2026653874199837e-05
   4.8000000000000000e+01   1.2983105261810124e-04
   4.9000000000000000e+01   1.7524583381600678e-04
   5.0000000000000000e+01   2.4537547142244875e-04
   5.1000000000000000e+01   3.3717104815877974e-04
   5.2000000000000000e+01   4.5851379400119185e-04
   5.3000000000000000e+01   6.0898991068825126e-04
   5.4000000000000000e+01   8.1251404481008649e-04
   5.5000000000000000e+01   1.0893822181969881e-03
   5.6000000000000000e+01   1.3908877735957503e-03
   5.7000000000000000e+01   1.7389073036611080e-03
   5.8000000000000000e+01   2.1859577391296625e-03
   5.9000000000000000e+01   2.6768404059112072e-03
   6.0000000000000000e+01   3.2682097516953945e-03
   6.1000000000000000e+01   3.9461459964513779e-03
   6.2000000000000000e+01   4.7396053560078144e-03
   6.3000000000000000e+01   5.6720697320997715e-03
   6.4000000000000000e+01   6.6405306570231915e-03
   6.5000000000000000e+01   7.7376305125653744e-03
   6.6000000000000000e+01   8.9176874607801437e-03
   6.7000000000000000e+01   1.0178690776228905e-02
   6.8000000000000000e+01   1.1648268438875675e-02
   6.9000000000000000e+01   1.3189744204282761e-02
   7.0000000000000000e+01   1.4854104258120060e-02
   7.1000000000000000e+01   1.6635071486234665e-02
   7.2000000000000000e+01   1.8449837341904640e-02
   7.3000000000000000e+01   2.0340153947472572e-02
   7.4000000000000000e+01   2.2420821711421013e-02
   7.5000000000000000e+01   2.4680070579051971e-02
   7.6000000000000000e+01   2.6976818218827248e-02
   7.7000000000000000e+01   2.9490090906620026e-02
   7.8000000000000000e+01   3.2125618308782578e-02
   7.9000000000000000e+01   3.4829214215278625e-02
   8.0000000000000000e+01   3.7539064884185791e-02
   8.1000000000000000e+01   4.0300287306308746e-02
   8.2000000000000000e+01   4.3285351246595383e-02
   8.3000000000000000e+01   4.6227734535932541e-02
   8.4000000000000000e+01   4.9347735941410065e-02
   8.5000000000000000e+01   5.2426509559154510e-02
   8.6000000000000000e+01   5.5436849594116211e-02
   8.7000000000000000e+01   5.8753449469804764e-02
   8.8000000000000000e+01   6.1923872679471970e-02
   8.9000000000000000e+01   6.5191671252250671e-02
   9.0000000000000000e+01   6.8143896758556366e-02
   9.1000000000000000e+01   7.1269743144512177e-02
   9.2000000000000000e+01   7.4172630906105042e-02
   9.3000000000000000e+01   7.6981164515018463e-02
   9.4000000000000000e+01   7.9690225422382355e-02
   9.5000000000000000e+01   8.2433387637138367e-02
   9.6000000000000000e+01   8.5095785558223724e-02
   9.7000000000000000e+01   8.7544351816177368e-02
   9.8000000000000000e+01   8.9871190488338470e-02
   9.9000000000000000e+01   9.2120185494422913e-02
   1.0000000000000000e+02   9.4236657023429871e-02
   1.0100000000000000e+02   9.6277043223381042e-02
   1.0200000000000000e+02   9.8073080182075500e-02
   1.0300000000000000e+02   9.9616691470146179e-02
   1.0400000000000000e+02   1.0088931769132614e-01
   1.0500000000000000e+02   1.0240302234888077e-01
   1.0600000000000000e+02   1.0337574779987335e-01
   1.0700000000000000e+02   1.0437556356191635e-01
   1.0800000000000000e+02   1.0531170666217804e-01
   1.0900000000000000e+02   1.0608885437250137e-01
   1.1000000000000000e+02   1.0666385293006897e-01
   1.1100000000000000e+02   1.0725013911724091e-01
   1.1200000000000000e+02   1.0768555849790573e-01
   1.1300000000000000e+02   1.0804729163646698e-01
   1.1400000000000000e+02   1.0816225409507751e-01
   1.1500000000000000e+02   1.0817089676856995e-01
   1.1600000000000000e+02   1.0837196558713913e-01
   1.1700000000000000e+02   1.0830243676900864e-01
   1.1800000000000000e+02   1.0851310938596725e-01
   1.1900000000000000e+02   1.0854020714759827e-01
   1.2000000000000000e+02   1.0831744223833084e-01
   1.2100000000000000e+02   1.0832311213016510e-01
   1.2200000000000000e+02   1.0827727615833282e-01
   1.2300000000000000e+02   1.0806273669004440e-01
   1.2400000000000000e+02   1.0801374912261963e-01
   1.2500000000000000e+02   1.0788525640964508e-01
   1.2600000000000000e+02   1.0744421929121017e-01
   1.2700000000000000e+02   1.0706724226474762e-01
   1.2800000000000000e+02   1.0672498494386673e-01
   1.2900000000000000e+02   1.0624498873949051e-01
   1.3000000000000000e+02   1.0591345280408859e-01
   1.3100000000000000e+02   1.0539600253105164e-01
   1.3200000000000000e+02   1.0489455610513687e-01
   1.3300000000000000e+02   1.0425188392400742e-01
   1.3400000000000000e+02   1.0354673117399216e-01
   1.3500000000000000e+02   1.0312055796384811e-01
   1.3600000000000000e+02   1.0266104340553284e-01
   1.3700000000000000e+02   1.0207945853471756e-01
   1.3800000000000000e+02   1.0139392316341400e-01
   1.3900000000000000e+02   1.0064027458429337e-01
   1.4000000000000000e+02   9.9974192678928375e-02
   1.4100000000000000e+02   9.9281281232833862e-02
   1.4200000000000000e+02   9.8690412938594818e-02
   1.4300000000000000e+02   9.7968727350234985e-02
   1.4400000000000000e+02   9.7458906471729279e-02
   1.4500000000000000e+02   9.6847742795944214e-02
   1.4600000000000000e+02   9.6207171678543091e-02
   1.4700000000000000e+02   9.5492571592330933e-02
   1.4800000000000000e+02   9.4684980809688568e-02
   1.4900000000000000e+02   9.4254806637763977e-02
   1.5000000000000000e+02   9.3458227813243866e-02
   1.5100000000000000e+02   9.2640995979309082e-02
   1.5200000000000000e+02   9.1890938580036163e-02
   1.5300000000000000e+02   9.1179721057415009e-02
   1.5400000000000000e+02   9.0569324791431427e-02
   1.5500000000000000e+02   8.9955605566501617e-02
   1.5600000000000000e+02   8.9547500014305115e-02
   1.5700000000000000e+02   8.8831551373004913e-02
   1.5800000000000000e+02   8.8281899690628052e-02
   1.5900000000000000e+02   8.7687380611896515e-02
   1.6000000000000000e+02   8.7197303771972656e-02
   1.6100000000000000e+02   8.6595550179481506e-02
   1.6200000000000000e+02   8.5971564054489136e-02
   1.6300000000000000e+02   8.5625804960727692e-02
   1.6400000000000000e+02   8.4895752370357513e-02
   1.6500000000000000e+02   8.4409281611442566e-02
   1.6600000000000000e+02   8.3840809762477875e-02
   1.6700000000000000e+02   8.3128936588764191e-02
   1.6800000000000000e+02   8.2677036523818970e-02
   1.6900000000000000e+02   8.2115337252616882e-02
   1.7000000000000000e+02   8.1353038549423218e-02
   1.7100000000000000e+02   8.0695614218711853e-02
   1.7200000000000000e+02   8.0039173364639282e-02
   1.7300000000000000e+02   7.9314425587654114e-02
   1.7400000000000000e+02   7.8537128865718842e-02
   1.7500000000000000e+02   7.7762052416801453e-02
   1.7600000000000000e+02   7.7004343271255493e-02
   1.7700000000000000e+02   7.6292939484119415e-02
   1.7800000000000000e+02   7.5483106076717377e-02
   1.7900000000000000e+02   7.4836499989032745e-02
   1.8000000000000000e+02   7.4104741215705872e-02
   1.8100000000000000e+02   7.3276154696941376e-02
   1.8200000000000000e+02   7.2641722857952118e-02
   1.8300000000000000e+02   7.1736022830009460e-02
   1.8400000000000000e+02   7.0916093885898590e-02
   1.8500000000000000e+02   7.0242598652839661e-02
   1.8600000000000000e+02   6.9414824247360229e-02
   1.8700000000000000e+02   6.8619348108768463e-02
   1.8800000000000000e+02   6.7824386060237885e-02
   1.8900000000000000e+02   6.7035898566246033e-02
   1.9000000000000000e+02   6.6110596060752869e-02
   1.9100000000000000e+02   6.5190240740776062e-02
   1.9200000000000000e+02   6.4472928643226624e-02
   1.9300000000000000e+02   6.3640251755714417e-02
   1.9400000000000000e+02   6.2741525471210480e-02
   1.9500000000000000e+02   6.1757646501064301e-02
   1.9600000000000000e+02   6.1102230101823807e-02
   1.9700000000000000e+02   6.0092259198427200e-02
   1.9800000000000000e+02   5.9294532984495163e-02
   1.9900000000000000e+02   5.8428473770618439e-02
   2.0000000000000000e+02   5.7626072317361832e-02
   2.0100000000000000e+02   5.6736353784799576e-02
   2.0200000000000000e+02   5.5974639952182770e-02
   2.0300000000000000e+02   5.5081445723772049e-02
   2.0400000000000000e+02   5.4233968257904053e-02
   2.0500000000000000e+02   5.3302094340324402e-02
   2.0600000000000000e+02   5.2530292421579361e-02
   2.0700000000000000e+02   5.1590494811534882e-02
   2.0800000000000000e+02   5.0686348229646683e-02
   2.0900000000000000e+02   4.9857795238494873e-02
   2.1000000000000000e+02   4.9069367349147797e-02
   2.1100000000000000e+02   4.8174452036619186e-02
   2.1200000000000000e+02   4.7476548701524734e-02
   2.1300000000000000e+02   4.6590294688940048e-02
   2.1400000000000000e+02   4.5708119869232178e-02
   2.1500000000000000e+02   4.4844754040241241e-02
   2.1600000000000000e+02   4.4051870703697205e-02
   2.1700000000000000e+02   4.3216388672590256e-02
   2.1800000000000000e+02   4.2488437145948410e-02
   2.1900000000000000e+02   4.1718240827322006e-02
   2.2000000000000000e+02   4.1074700653553009e-02
   2.2100000000000000e+02   4.0357045829296112e-02
   2.2200000000000000e+02   3.9693739265203476e-02
   2.2300000000000000e+02   3.9136931300163269e-02
   2.2400000000000000e+02   3.8493223488330841e-02
   2.2500000000000000e+02   3.7900041788816452e-02
   2.2600000000000000e+02   3.7187766283750534e-02
   2.2700000000000000e+02   3.6492165178060532e-02
   2.2800000000000000e+02   3.5769272595643997e-02
   2.2900000000000000e+02   3.5151731222867966e-02
   2.3000000000000000e+02   3.4426387399435043e-02
   2.3100000000000000e+02   3.3814452588558197e-02
   2.3200000000000000e+02   3.3146478235721588e-02
   2.3300000000000000e+02   3.2556198537349701e-02
   2.3400000000000000e+02   3.1909037381410599e-02
   2.3500000000000000e+02   3.1258292496204376e-02
   2.3600000000000000e+02   3.0649539083242416e-02
   2.3700000000000000e+02   3.0001979321241379e-02
   2.3800000000000000e+02   2.9338348656892776e-02
   2.3900000000000000e+02   2.8751969337463379e-02
   2.4000000000000000e+02   2.8066731989383698e-02
   2.4100000000000000e+02   2.7544019743800163e-02
   2.4200000000000000e+02   2.7023645117878914e-02
   2.4300000000000000e+02   2.6622960343956947e-02
   2.4400000000000000e+02   2.6116108521819115e-02
   2.4500000000000000e+02   2.5626812130212784e-02
   2.4600000000000000e+02   2.5128511711955070e-02
   2.4700000000000000e+02   2.4750752374529839e-02
   2.4800000000000000e+02   2.4290347471833229e-02
   2.4900000000000000e+02   2.3870464414358139e-02
   2.5000000000000000e+02   2.3480953648686409e-02
   2.5100000000000000e+02   2.3089708760380745e-02
   2.5200000000000000e+02   2.2728657349944115e-02
   2.5300000000000000e+02   2.2286841645836830e-02
   2.5400000000000000e+02   2.1926824003458023e-02
   2.5500000000000000e+02   2.1590312942862511e-02
   2.5600000000000000e+02   2.1158671006560326e-02
   2.5700000000000000e+02   2.0783415064215660e-02
   2.5800000000000000e+02   2.0427115261554718e-02
   2.5900000000000000e+02   2.0056284964084625e-02
   2.6000000000000000e+02   1.9656214863061905e-02
   2.6100000000000000e+02   1.9298678264021873e-02
   2.6200000000000000e+02   1.8867585808038712e-02
   2.6300000000000000e+02   1.8465664237737656e-02
   2.6400000000000000e+02   1.8073529005050659e-02
   2.6500000000000000e+02   1.7733721062541008e-02
   2.6600000000000000e+02   1.7324546352028847e-02
   2.6700000000000000e+02   1.6924444586038589e-02
   2.6800000000000000e+02   1.6604265198111534e-02
   2.6900000000000000e+02   1.6208592802286148e-02
   2.7000000000000000e+02   1.5851940959692001e-02
   2.7100000000000000e+02   1.5574927441775799e-02
   2.7200000000000000e+02   1.5236476436257362e-02
   2.7300000000000000e+02   1.4826611615717411e-02
   2.7400000000000000e+02   1.4505103230476379e-02
   2.7500000000000000e+02   1.4234379865229130e-02
   2.7600000000000000e+02   1.3957137241959572e-02
   2.7700000000000000e+02   1.3725155964493752e-02
   2.7800000000000000e+02   1.3436545617878437e-02
   2.7900000000000000e+02   1.3308444991707802e-02
   2.8000000000000000e+02   1.2993391603231430e-02
   2.8100000000000000e+02   1.2744809500873089e-02
   2.8200000000000000e+02   1.2562099844217300e-02
   2.8300000000000000e+02   1.2351491488516331e-02
   2.8400000000000000e+02   1.2118507176637650e-02
   2.8500000000000000e+02   1.1874628253281116e-02
   2.8600000000000000e+02   1.1607901193201542e-02
   2.8700000000000000e+02   1.1439939960837364e-02
   2.8800000000000000e+02   1.1320084333419800e-02
   2.8900000000000000e+02   1.1167074553668499e-02
   2.9000000000000000e+02   1.0991523042321205e-02
   2.9100000000000000e+02   1.0880948975682259e-02
   2.9200000000000000e+02   1.0690039955079556e-02
   2.9300000000000000e+02   1.0575960390269756e-02
   2.9400000000000000e+02   1.0392003692686558e-02
   2.9500000000000000e+02   1.0332466103136539e-02
   2.9600000000000000e+02   1.0252821259200573e-02
   2.9700000000000000e+02   1.0164202190935612e-02
   2.9800000000000000e+02   1.0083487257361412e-02
   2.9900000000000000e+02   1.0051979683339596e-02
   3.0000000000000000e+02   1.0038188658654690e-02
