   1.0000000000000000e+00   5.2173738367855549e-05
   2.0000000000000000e+00   5.1705159421544522e-05
   3.0000000000000000e+00   5.1005488785449415e-05
   4.0000000000000000e+00   5.0077964260708541e-05
   5.0000000000000000e+00   4.9056434363592416e-05
   6.0000000000000000e+00   4.8160160076804459e-05
   7.0000000000000000e+00   4.7547666326863691e-05
   8.0000000000000000e+00   4.7266483306884766e-05
   9.0000000000000000e+00   4.7083598474273458e-05
   1.0000000000000000e+01   4.6801902499282733e-05
   1.1000000000000000e+01   4.6126897359499708e-05
   1.2000000000000000e+01   4.5058801333652809e-05
   1.3000000000000000e+01   4.3798758269986138e-05
   1.4000000000000000e+01   4.2697112803580239e-05
   1.5000000000000000e+01   4.1882161895046011e-05
   1.6000000000000000e+01   4.1257408156525344e-05
   1.7000000000000000e+01   4.0612616430735216e-05
   1.8000000000000000e+01   3.9850838220445439e-05
   1.9000000000000000e+01   3.8994119677226990e-05
   2.0000000000000000e+01   3.8051173760322854e-05
   2.1000000000000000e+01   3.7066831282572821e-05
   2.2000000000000000e+01   3.6184192140353844e-05
   2.3000000000000000e+01   3.5492517781676725e-05
   2.4000000000000000e+01   3.4985681850230321e-05
   2.5000000000000000e+01   3.4629276342457160e-05
   2.6000000000000000e+01   3.4327240427955985e-05
   2.7000000000000000e+01   3.4051012335112318e-05
   2.8000000000000000e+01   3.3754306059563532e-05
   2.9000000000000000e+01   3.3354946936015040e-05
   3.0000000000000000e+01   3.2992033084155992e-05
   3.1000000000000000e+01   3.2958614610834047e-05
   3.2000000000000000e+01   3.3694203011691570e-05
   3.3000000000000000e+01   3.5654426028486341e-05
   3.4000000000000000e+01   3.8875510654179379e-05
   3.5000000000000000e+01   4.2939707782352343e-05
   3.6000000000000000e+01   4.6967987145762891e-05
   3.7000000000000000e+01   5.0469956477172673e-05
   3.8000000000000000e+01   5.3309406212065369e-05
   3.9000000000000000e+01   5.6136723287636414e-05
   4.0000000000000000e+01   5.9621004766086116e-05
   4.1000000000000000e+01   6.4310021116398275e-05
   4.2000000000000000e+01   7.0524525654036552e-05
   4.3000000000000000e+01   7.8243392636068165e-05
   4.4000000000000000e+01   8.7480388174299151e-05
   4.5000000000000000e+01   9.8677344794850796e-05
   4.6000000000000000e+01   1.1247274960624054e-04
   4.7000000000000000e+01   1.2900985893793404e-04
   4.8000000000000000e+01   1.4810440188739449e-04
   4.9000000000000000e+01   1.6971951117739081e-04
   5.0000000000000000e+01   1.9403097394388169e-04
   5.1000000000000000e+01   2.2182179964147508e-04
   5.2000000000000000e+01   2.5357905542477965e-04
   5.3000000000000000e+01   2.8898389427922666e-04
   5.4000000000000000e+01   3.2677021226845682e-04
   5.5000000000000000e+01   3.6520801950246096e-04
   5.6000000000000000e+01   4.0260006790049374e-04
   5.7000000000000000e+01   4.3775970698334277e-04
   5.8000000000000000e+01   4.7044077655300498e-04
   5.9000000000000000e+01   5.0046062096953392e-04
   6.0000000000000000e+01   5.2707473514601588e-04
   6.1000000000000000e+01   5.4915272630751133e-04
   6.2000000000000000e+01   5.6592875625938177e-04
   6.3000000000000000e+01   5.7703029597178102e-04
   6.4000000000000000e+01   5.8270175941288471e-04
   6.5000000000000000e+01   5.8327702572569251e-04
   6.6000000000000000e+01   5.7904748246073723e-04
   6.7000000000000000e+01   5.7038251543417573e-04
   6.8000000000000000e+01   5.5801961570978165e-04
   6.9000000000000000e+01   5.4254761198535562e-04
   7.0000000000000000e+01   5.2479404257610440e-04
   7.1000000000000000e+01   5.0597364315763116e-04
   7.2000000000000000e+01   4.8697675811126828e-04
   7.3000000000000000e+01   4.6804043813608587e-04
   7.4000000000000000e+01   4.4925912516191602e-04
   7.5000000000000000e+01   4.3089274549856782e-04
   7.6000000000000000e+01   4.1358600719831884e-04
   7.7000000000000000e+01   3.9788201684132218e-04
   7.8000000000000000e+01   3.8407399551942945e-04
   7.9000000000000000e+01   3.7180483923293650e-04
   8.0000000000000000e+01   3.6069584893994033e-04
   8.1000000000000000e+01   3.5021445364691317e-04
   8.2000000000000000e+01   3.3967386116273701e-04
   8.3000000000000000e+01   3.2885806285776198e-04
   8.4000000000000000e+01   3.1812881934456527e-04
   8.5000000000000000e+01   3.0795956263318658e-04
   8.6000000000000000e+01   2.9828221886418760e-04
   8.7000000000000000e+01   2.8881887556053698e-04
   8.8000000000000000e+01   2.7934645186178386e-04
   8.9000000000000000e+01   2.6991299819201231e-04
   9.0000000000000000e+01   2.6072756736539304e-04
   9.1000000000000000e+01   2.5194219779223204e-04
   9.2000000000000000e+01   2.4368391314055771e-04
   9.3000000000000000e+01   2.3613650409970433e-04
   9.4000000000000000e+01   2.2938825713936239e-04
   9.5000000000000000e+01   2.2355868713930249e-04
   9.6000000000000000e+01   2.1856355306226760e-04
   9.7000000000000000e+01   2.1425608429126441e-04
   9.8000000000000000e+01   2.1022086730226874e-04
   9.9000000000000000e+01   2.0612636581063271e-04
   1.0000000000000000e+02   2.0179610874038190e-04
   1.0100000000000000e+02   1.9751887884922326e-04
   1.0200000000000000e+02   1.9371345115359873e-04
   1.0300000000000000e+02   1.9076438911724836e-04
   1.0400000000000000e+02   1.8881351570598781e-04
   1.0500000000000000e+02   1.8761341925710440e-04
   1.0600000000000000e+02   1.8671773432288319e-04
   1.0700000000000000e+02   1.8581256153993309e-04
   1.0800000000000000e+02   1.8467658082954586e-04
   1.0900000000000000e+02   1.8338281370233744e-04
   1.1000000000000000e+02   1.8213667499367148e-04
   1.1100000000000000e+02   1.8131994875147939e-04
   1.1200000000000000e+02   1.8123794870916754e-04
   1.1300000000000000e+02   1.8213594739791006e-04
   1.1400000000000000e+02   1.8395170627627522e-04
   1.1500000000000000e+02   1.8655206076800823e-04
   1.1600000000000000e+02   1.8972012912854552e-04
   1.1700000000000000e+02   1.9336790137458593e-04
   1.1800000000000000e+02   1.9749606144614518e-04
   1.1900000000000000e+02   2.0207358465995640e-04
   1.2000000000000000e+02   2.0712334662675858e-04
   1.2100000000000000e+02   2.1274044411256909e-04
   1.2200000000000000e+02   2.1914573153480887e-04
   1.2300000000000000e+02   2.2688251920044422e-04
   1.2400000000000000e+02   2.3665561457164586e-04
   1.2500000000000000e+02   2.4922072771005332e-04
   1.2600000000000000e+02   2.6517911464907229e-04
   1.2700000000000000e+02   2.8529900009743869e-04
   1.2800000000000000e+02   3.1022398616187274e-04
   1.2900000000000000e+02   3.4088437678292394e-04
   1.3000000000000000e+02   3.7812639493495226e-04
   1.3100000000000000e+02   4.2286392999812961e-04
   1.3200000000000000e+02   4.7598493983969092e-04
   1.3300000000000000e+02   5.3826754447072744e-04
   1.3400000000000000e+02   6.1042379820719361e-04
   1.3500000000000000e+02   6.9316837470978498e-04
   1.3600000000000000e+02   7.8759051393717527e-04
   1.3700000000000000e+02   8.9506548829376698e-04
   1.3800000000000000e+02   1.0174177587032318e-03
   1.3900000000000000e+02   1.1569625930860639e-03
   1.4000000000000000e+02   1.3162688119336963e-03
   1.4100000000000000e+02   1.4986272435635328e-03
   1.4200000000000000e+02   1.7051252070814371e-03
   1.4300000000000000e+02   1.9362029852345586e-03
   1.4400000000000000e+02   2.1915622055530548e-03
   1.4500000000000000e+02   2.4706113617867231e-03
   1.4600000000000000e+02   2.7709142304956913e-03
   1.4700000000000000e+02   3.0908295884728432e-03
   1.4800000000000000e+02   3.4295497462153435e-03
   1.4900000000000000e+02   3.7877978757023811e-03
   1.5000000000000000e+02   4.1674426756799221e-03
   1.5100000000000000e+02   4.5697563327848911e-03
   1.5200000000000000e+02   4.9943407066166401e-03
   1.5300000000000000e+02   5.4407552815973759e-03
   1.5400000000000000e+02   5.9076072648167610e-03
   1.5500000000000000e+02   6.3934912905097008e-03
   1.5600000000000000e+02   6.8954681046307087e-03
   1.5700000000000000e+02   7.4130143038928509e-03
   1.5800000000000000e+02   7.9445131123065948e-03
   1.5900000000000000e+02   8.4877135232090950e-03
   1.6000000000000000e+02   9.0393377467989922e-03
   1.6100000000000000e+02   9.5975538715720177e-03
   1.6200000000000000e+02   1.0161522775888443e-02
   1.6300000000000000e+02   1.0734978131949902e-02
   1.6400000000000000e+02   1.1320366524159908e-02
   1.6500000000000000e+02   1.1919403448700905e-02
   1.6600000000000000e+02   1.2531816028058529e-02
   1.6700000000000000e+02   1.3157749548554420e-02
   1.6800000000000000e+02   1.3795867562294006e-02
   1.6900000000000000e+02   1.4445371925830841e-02
   1.7000000000000000e+02   1.5106406062841415e-02
   1.7100000000000000e+02   1.5778534114360809e-02
   1.7200000000000000e+02   1.6460675746202469e-02
   1.7300000000000000e+02   1.7154227942228317e-02
   1.7400000000000000e+02   1.7860729247331619e-02
   1.7500000000000000e+02   1.8586514517664909e-02
   1.7600000000000000e+02   1.9336851313710213e-02
   1.7700000000000000e+02   2.0117154344916344e-02
   1.7800000000000000e+02   2.0926170051097870e-02
   1.7900000000000000e+02   2.1764973178505898e-02
   1.8000000000000000e+02   2.2633327171206474e-02
   1.8100000000000000e+02   2.3529270663857460e-02
   1.8200000000000000e+02   2.4452993646264076e-02
   1.8300000000000000e+02   2.5405343621969223e-02
   1.8400000000000000e+02   2.6387564837932587e-02
   1.8500000000000000e+02   2.7401128783822060e-02
   1.8600000000000000e+02   2.8446758165955544e-02
   1.8700000000000000e+02   2.9525976628065109e-02
   1.8800000000000000e+02   3.0634425580501556e-02
   1.8900000000000000e+02   3.1767860054969788e-02
   1.9000000000000000e+02   3.2916307449340820e-02
   1.9100000000000000e+02   3.4077286720275879e-02
   1.9200000000000000e+02   3.5249181091785431e-02
   1.9300000000000000e+02   3.6429926753044128e-02
   1.9400000000000000e+02   3.7615787237882614e-02
   1.9500000000000000e+02   3.8803525269031525e-02
   1.9600000000000000e+02   3.9990548044443130e-02
   1.9700000000000000e+02   4.1175153106451035e-02
   1.9800000000000000e+02   4.2353648692369461e-02
   1.9900000000000000e+02   4.3523278087377548e-02
   2.0000000000000000e+02   4.4677719473838806e-02
   2.0100000000000000e+02   4.5814950019121170e-02
   2.0200000000000000e+02   4.6928912401199341e-02
   2.0300000000000000e+02   4.8016034066677094e-02
   2.0400000000000000e+02   4.9074947834014893e-02
   2.0500000000000000e+02   5.0107199698686600e-02
   2.0600000000000000e+02   5.1115497946739197e-02
   2.0700000000000000e+02   5.2103441208600998e-02
   2.0800000000000000e+02   5.3076088428497314e-02
   2.0900000000000000e+02   5.4039109498262405e-02
   2.1000000000000000e+02   5.4994966834783554e-02
   2.1100000000000000e+02   5.5947992950677872e-02
   2.1200000000000000e+02   5.6889336556196213e-02
   2.1300000000000000e+02   5.7812746614217758e-02
   2.1400000000000000e+02   5.8711260557174683e-02
   2.1500000000000000e+02   5.9581018984317780e-02
   2.1600000000000000e+02   6.0420732945203781e-02
   2.1700000000000000e+02   6.1232771724462509e-02
   2.1800000000000000e+02   6.2022142112255096e-02
   2.1900000000000000e+02   6.2795206904411316e-02
   2.2000000000000000e+02   6.3561536371707916e-02
   2.2100000000000000e+02   6.4326919615268707e-02
   2.2200000000000000e+02   6.5091654658317566e-02
   2.2300000000000000e+02   6.5854519605636597e-02
   2.2400000000000000e+02   6.6601343452930450e-02
   2.2500000000000000e+02   6.7318782210350037e-02
   2.2600000000000000e+02   6.7992359399795532e-02
   2.2700000000000000e+02   6.8620607256889343e-02
   2.2800000000000000e+02   6.9204300642013550e-02
   2.2900000000000000e+02   6.9744706153869629e-02
   2.3000000000000000e+02   7.0244975388050079e-02
   2.3100000000000000e+02   7.0708870887756348e-02
   2.3200000000000000e+02   7.1143954992294312e-02
   2.3300000000000000e+02   7.1558266878128052e-02
   2.3400000000000000e+02   7.1955010294914246e-02
   2.3500000000000000e+02   7.2334602475166321e-02
   2.3600000000000000e+02   7.2692573070526123e-02
   2.3700000000000000e+02   7.3022872209548950e-02
   2.3800000000000000e+02   7.3314562439918518e-02
   2.3900000000000000e+02   7.3567911982536316e-02
   2.4000000000000000e+02   7.3788091540336609e-02
   2.4100000000000000e+02   7.3984280228614807e-02
   2.4200000000000000e+02   7.4167124927043915e-02
   2.4300000000000000e+02   7.4343286454677582e-02
   2.4400000000000000e+02   7.4515625834465027e-02
   2.4500000000000000e+02   7.4684865772724152e-02
   2.4600000000000000e+02   7.4849419295787811e-02
   2.4700000000000000e+02   7.5009584426879883e-02
   2.4800000000000000e+02   7.5167551636695862e-02
   2.4900000000000000e+02   7.5327269732952118e-02
   2.5000000000000000e+02   7.5482077896595001e-02
   2.5100000000000000e+02   7.5622133910655975e-02
   2.5200000000000000e+02   7.5735978782176971e-02
   2.5300000000000000e+02   7.5821124017238617e-02
   2.5400000000000000e+02   7.5879678130149841e-02
   2.5500000000000000e+02   7.5914047658443451e-02
   2.5600000000000000e+02   7.5928099453449249e-02
   2.5700000000000000e+02   7.5921885669231415e-02
   2.5800000000000000e+02   7.5898826122283936e-02
   2.5900000000000000e+02   7.5867332518100739e-02
   2.6000000000000000e+02   7.5834810733795166e-02
   2.6100000000000000e+02   7.5806751847267151e-02
   2.6200000000000000e+02   7.5778394937515259e-02
   2.6300000000000000e+02   7.5736746191978455e-02
   2.6400000000000000e+02   7.5666017830371857e-02
   2.6500000000000000e+02   7.5565509498119354e-02
   2.6600000000000000e+02   7.5442738831043243e-02
   2.6700000000000000e+02   7.5310364365577698e-02
   2.6800000000000000e+02   7.5175970792770386e-02
   2.6900000000000000e+02   7.5041107833385468e-02
   2.7000000000000000e+02   7.4898891150951385e-02
   2.7100000000000000e+02   7.4743486940860748e-02
   2.7200000000000000e+02   7.4574798345565796e-02
   2.7300000000000000e+02   7.4397049844264984e-02
   2.7400000000000000e+02   7.4216932058334351e-02
   2.7500000000000000e+02   7.4038267135620117e-02
   2.7600000000000000e+02   7.3857329785823822e-02
   2.7700000000000000e+02   7.3668994009494781e-02
   2.7800000000000000e+02   7.3470912873744965e-02
   2.7900000000000000e+02   7.3265507817268372e-02
   2.8000000000000000e+02   7.3048204183578491e-02
   2.8100000000000000e+02   7.2819076478481293e-02
   2.8200000000000000e+02   7.2578944265842438e-02
   2.8300000000000000e+02   7.2337105870246887e-02
   2.8400000000000000e+02   7.2102695703506470e-02
   2.8500000000000000e+02   7.1888141334056854e-02
   2.8600000000000000e+02   7.1701116859912872e-02
   2.8700000000000000e+02   7.1539305150508881e-02
   2.8800000000000000e+02   7.1392312645912170e-02
   2.8900000000000000e+02   7.1244500577449799e-02
   2.9000000000000000e+02   7.1085564792156219e-02
   2.9100000000000000e+02   7.0916503667831421e-02
   2.9200000000000000e+02   7.0745415985584259e-02
   2.9300000000000000e+02   7.0585042238235474e-02
   2.9400000000000000e+02   7.0444263517856598e-02
   2.9500000000000000e+02   7.0333138108253479e-02
   2.9600000000000000e+02   7.0252276957035065e-02
   2.9700000000000000e+02   7.0195280015468597e-02
   2.9800000000000000e+02   7.0155076682567596e-02
   2.9900000000000000e+02   7.0126101374626160e-02
   3.0000000000000000e+02   7.0104382932186127e-02
