   1.0000000000000000e+00   9.3324147164821625e-03
   2.0000000000000000e+00   8.9779878035187721e-03
   3.0000000000000000e+00   8.6418390274047852e-03
   4.0000000000000000e+00   8.3114635199308395e-03
   5.0000000000000000e+00   7.9869041219353676e-03
   6.0000000000000000e+00   7.6550249941647053e-03
   7.0000000000000000e+00   7.3295491747558117e-03
   8.0000000000000000e+00   7.0318216457962990e-03
   9.0000000000000000e+00   6.7480029538273811e-03
   1.0000000000000000e+01   6.4672785811126232e-03
   1.1000000000000000e+01   6.2040551565587521e-03
   1.2000000000000000e+01   5.9454580768942833e-03
   1.3000000000000000e+01   5.7013425976037979e-03
   1.4000000000000000e+01   5.4460754618048668e-03
   1.5000000000000000e+01   5.1954830996692181e-03
   1.6000000000000000e+01   4.9536419101059437e-03
   1.7000000000000000e+01   4.7188834287226200e-03
   1.8000000000000000e+01   4.4967811554670334e-03
   1.9000000000000000e+01   4.2720213532447815e-03
   2.0000000000000000e+01   4.0714642964303493e-03
   2.1000000000000000e+01   3.8647660985589027e-03
   2.2000000000000000e+01   3.6995834670960903e-03
   2.3000000000000000e+01   3.5228647757321596e-03
   2.4000000000000000e+01   3.3375406637787819e-03
   2.5000000000000000e+01   3.1725263688713312e-03
   2.6000000000000000e+01   3.0081891454756260e-03
   2.7000000000000000e+01   2.8554245363920927e-03
   2.8000000000000000e+01   2.7052431832998991e-03
   2.9000000000000000e+01   2.5898425374180079e-03
   3.0000000000000000e+01   2.4670006241649389e-03
   3.1000000000000000e+01   2.3519480600953102e-03
   3.2000000000000000e+01   2.2437616717070341e-03
   3.3000000000000000e+01   2.1403857972472906e-03
   3.4000000000000000e+01   2.0595041569322348e-03
   3.5000000000000000e+01   1.9798937719315290e-03
   3.6000000000000000e+01   1.9146795384585857e-03
   3.7000000000000000e+01   1.8286642152816057e-03
   3.8000000000000000e+01   1.7633141251280904e-03
   3.9000000000000000e+01   1.7162644071504474e-03
   4.0000000000000000e+01   1.6587366117164493e-03
   4.1000000000000000e+01   1.6259704716503620e-03
   4.2000000000000000e+01   1.5747972065582871e-03
   4.3000000000000000e+01   1.5264014946296811e-03
   4.4000000000000000e+01   1.4819527277722955e-03
   4.5000000000000000e+01   1.4401713851839304e-03
   4.6000000000000000e+01   1.4225037302821875e-03
   4.7000000000000000e+01   1.4012233586981893e-03
   4.8000000000000000e+01   1.3907706597819924e-03
   4.9000000000000000e+01   1.3604074483737350e-03
   5.0000000000000000e+01   1.3359804870560765e-03
   5.1000000000000000e+01   1.3086426770314574e-03
   5.2000000000000000e+01   1.3024030486121774e-03
   5.3000000000000000e+01   1.2867277255281806e-03
   5.4000000000000000e+01   1.2581422924995422e-03
   5.5000000000000000e+01   1.2331494363024831e-03
   5.6000000000000000e+01   1.1994928354397416e-03
   5.7000000000000000e+01   1.2074739206582308e-03
   5.8000000000000000e+01   1.1941624106839299e-03
   5.9000000000000000e+01   1.1857955250889063e-03
   6.0000000000000000e+01   1.1769813718274236e-03
   6.1000000000000000e+01   1.1517363600432873e-03
   6.2000000000000000e+01   1.1278218589723110e-03
   6.3000000000000000e+01   1.1068341555073857e-03
   6.4000000000000000e+01   1.1128953192383051e-03
   6.5000000000000000e+01   1.0931058786809444e-03
   6.6000000000000000e+01   1.0957742342725396e-03
   6.7000000000000000e+01   1.0823106858879328e-03
   6.8000000000000000e+01   1.0724033927544951e-03
   6.9000000000000000e+01   1.0794166009873152e-03
   7.0000000000000000e+01   1.0951391886919737e-03
   7.1000000000000000e+01   1.1078628012910485e-03
   7.2000000000000000e+01   1.0962927481159568e-03
   7.3000000000000000e+01   1.1033865157514811e-03
   7.4000000000000000e+01   1.0972084710374475e-03
   7.5000000000000000e+01   1.1056339135393500e-03
   7.6000000000000000e+01   1.1032636975869536e-03
   7.7000000000000000e+01   1.1230179807171226e-03
   7.8000000000000000e+01   1.1423917021602392e-03
   7.9000000000000000e+01   1.1372725712135434e-03
   8.0000000000000000e+01   1.1381820077076554e-03
   8.1000000000000000e+01   1.1507552117109299e-03
   8.2000000000000000e+01   1.1558805126696825e-03
   8.3000000000000000e+01   1.1488527525216341e-03
   8.4000000000000000e+01   1.1543373111635447e-03
   8.5000000000000000e+01   1.1449628509581089e-03
   8.6000000000000000e+01   1.1415597982704639e-03
   8.7000000000000000e+01   1.1432913597673178e-03
   8.8000000000000000e+01   1.1562880827113986e-03
   8.9000000000000000e+01   1.1511456687003374e-03
   9.0000000000000000e+01   1.1432548053562641e-03
   9.1000000000000000e+01   1.1426516575738788e-03
   9.2000000000000000e+01   1.1245735222473741e-03
   9.3000000000000000e+01   1.1014004703611135e-03
   9.4000000000000000e+01   1.1107161408290267e-03
   9.5000000000000000e+01   1.1061361292377114e-03
   9.6000000000000000e+01   1.0723548475652933e-03
   9.7000000000000000e+01   1.0832720436155796e-03
   9.8000000000000000e+01   1.0771354427561164e-03
   9.9000000000000000e+01   1.0555261978879571e-03
   1.0000000000000000e+02   1.0575172491371632e-03
   1.0100000000000000e+02   1.0405277134850621e-03
   1.0200000000000000e+02   1.0527416598051786e-03
   1.0300000000000000e+02   1.0431970003992319e-03
   1.0400000000000000e+02   1.0491295251995325e-03
   1.0500000000000000e+02   1.0667422320693731e-03
   1.0600000000000000e+02   1.0805150959640741e-03
   1.0700000000000000e+02   1.0920979548245668e-03
   1.0800000000000000e+02   1.0906400857493281e-03
   1.0900000000000000e+02   1.0639744577929378e-03
   1.1000000000000000e+02   1.0935786413028836e-03
   1.1100000000000000e+02   1.1195355327799916e-03
   1.1200000000000000e+02   1.1097692186012864e-03
   1.1300000000000000e+02   1.1263967026025057e-03
   1.1400000000000000e+02   1.1505987495183945e-03
   1.1500000000000000e+02   1.1411142768338323e-03
   1.1600000000000000e+02   1.1650169035419822e-03
   1.1700000000000000e+02   1.1563884327188134e-03
   1.1800000000000000e+02   1.1599402641877532e-03
   1.1900000000000000e+02   1.1596392141655087e-03
   1.2000000000000000e+02   1.1495328508317471e-03
   1.2100000000000000e+02   1.1442697141319513e-03
   1.2200000000000000e+02   1.1467101285234094e-03
   1.2300000000000000e+02   1.1627209605649114e-03
   1.2400000000000000e+02   5.7344995439052582e-02
   1.2500000000000000e+02   6.2129743397235870e-02
   1.2600000000000000e+02   6.6929742693901062e-02
   1.2700000000000000e+02   7.1688823401927948e-02
   1.2800000000000000e+02   7.6312191784381866e-02
   1.2900000000000000e+02   8.0869480967521667e-02
   1.3000000000000000e+02   8.5245974361896515e-02
   1.3100000000000000e+02   8.9510589838027954e-02
   1.3200000000000000e+02   9.7960062325000763e-02
   1.3300000000000000e+02   1.0652632266283035e-01
   1.3400000000000000e+02   1.1474817246198654e-01
   1.3500000000000000e+02   1.2265038490295410e-01
   1.3600000000000000e+02   1.3009464740753174e-01
   1.3700000000000000e+02   1.3701376318931580e-01
   1.3800000000000000e+02   1.4339111745357513e-01
   1.3900000000000000e+02   1.4915660023689270e-01
   1.4000000000000000e+02   1.5437808632850647e-01
   1.4100000000000000e+02   1.5881325304508209e-01
   1.4200000000000000e+02   1.6275194287300110e-01
   1.4300000000000000e+02   1.6607689857482910e-01
   1.4400000000000000e+02   1.6894055902957916e-01
   1.4500000000000000e+02   1.7131057381629944e-01
   1.4600000000000000e+02   1.7313684523105621e-01
   1.4700000000000000e+02   1.7446845769882202e-01
   1.4800000000000000e+02   1.7533668875694275e-01
   1.4900000000000000e+02   1.7577208578586578e-01
   1.5000000000000000e+02   1.7574839293956757e-01
   1.5100000000000000e+02   1.7554518580436707e-01
   1.5200000000000000e+02   1.7502884566783905e-01
   1.5300000000000000e+02   1.7429161071777344e-01
   1.5400000000000000e+02   1.7336003482341766e-01
   1.5500000000000000e+02   1.7225590348243713e-01
   1.5600000000000000e+02   1.7113074660301208e-01
   1.5700000000000000e+02   1.6977182030677795e-01
   1.5800000000000000e+02   1.6834706068038940e-01
   1.5900000000000000e+02   1.6668659448623657e-01
   1.6000000000000000e+02   1.6493634879589081e-01
   1.6100000000000000e+02   1.6308148205280304e-01
   1.6200000000000000e+02   1.6113068163394928e-01
   1.6300000000000000e+02   1.5923729538917542e-01
   1.6400000000000000e+02   1.5730136632919312e-01
   1.6500000000000000e+02   1.5551866590976715e-01
   1.6600000000000000e+02   1.5354499220848083e-01
   1.6700000000000000e+02   1.5167494118213654e-01
   1.6800000000000000e+02   1.4976127445697784e-01
   1.6900000000000000e+02   1.4778584241867065e-01
   1.7000000000000000e+02   1.4586137235164642e-01
   1.7100000000000000e+02   1.4392705261707306e-01
   1.7200000000000000e+02   1.4204593002796173e-01
   1.7300000000000000e+02   1.4012736082077026e-01
   1.7400000000000000e+02   1.3825544714927673e-01
   1.7500000000000000e+02   1.3641962409019470e-01
   1.7600000000000000e+02   1.3465176522731781e-01
   1.7700000000000000e+02   1.3288843631744385e-01
   1.7800000000000000e+02   1.3103456795215607e-01
   1.7900000000000000e+02   1.2930031120777130e-01
   1.8000000000000000e+02   1.2746398150920868e-01
   1.8100000000000000e+02   1.2571589648723602e-01
   1.8200000000000000e+02   1.2396467477083206e-01
   1.8300000000000000e+02   1.2222547829151154e-01
   1.8400000000000000e+02   1.2047480046749115e-01
   1.8500000000000000e+02   1.1873184889554977e-01
   1.8600000000000000e+02   1.1704625189304352e-01
   1.8700000000000000e+02   1.1536286771297455e-01
   1.8800000000000000e+02   1.1380957812070847e-01
   1.8900000000000000e+02   1.1225111037492752e-01
   1.9000000000000000e+02   1.1066094785928726e-01
   1.9100000000000000e+02   1.0917436331510544e-01
   1.9200000000000000e+02   1.0768299549818039e-01
   1.9300000000000000e+02   1.0623368620872498e-01
   1.9400000000000000e+02   1.0473747551441193e-01
   1.9500000000000000e+02   1.0327834635972977e-01
   1.9600000000000000e+02   1.0181915014982224e-01
   1.9700000000000000e+02   1.0039106011390686e-01
   1.9800000000000000e+02   9.8955944180488586e-02
   1.9900000000000000e+02   9.7672954201698303e-02
   2.0000000000000000e+02   9.6287384629249573e-02
   2.0100000000000000e+02   9.4905592501163483e-02
   2.0200000000000000e+02   9.3489721417427063e-02
   2.0300000000000000e+02   9.2082403600215912e-02
   2.0400000000000000e+02   9.0686701238155365e-02
   2.0500000000000000e+02   8.9332185685634613e-02
   2.0600000000000000e+02   8.7873697280883789e-02
   2.0700000000000000e+02   8.6537934839725494e-02
   2.0800000000000000e+02   8.5172399878501892e-02
   2.0900000000000000e+02   8.3820857107639313e-02
   2.1000000000000000e+02   8.2510694861412048e-02
   2.1100000000000000e+02   8.1230469048023224e-02
   2.1200000000000000e+02   7.9947464168071747e-02
   2.1300000000000000e+02   7.8725732862949371e-02
   2.1400000000000000e+02   7.7443853020668030e-02
   2.1500000000000000e+02   7.6255038380622864e-02
   2.1600000000000000e+02   7.5100332498550415e-02
   2.1700000000000000e+02   7.3935158550739288e-02
   2.1800000000000000e+02   7.2765260934829712e-02
   2.1900000000000000e+02   7.1646705269813538e-02
   2.2000000000000000e+02   7.0537008345127106e-02
   2.2100000000000000e+02   6.9452539086341858e-02
   2.2200000000000000e+02   6.8368755280971527e-02
   2.2300000000000000e+02   6.7363604903221130e-02
   2.2400000000000000e+02   6.6322878003120422e-02
   2.2500000000000000e+02   6.5237671136856079e-02
   2.2600000000000000e+02   6.4145781099796295e-02
   2.2700000000000000e+02   6.3056178390979767e-02
   2.2800000000000000e+02   6.2014792114496231e-02
   2.2900000000000000e+02   6.0981754213571548e-02
   2.3000000000000000e+02   5.9975907206535339e-02
   2.3100000000000000e+02   5.8987420052289963e-02
   2.3200000000000000e+02   5.8018621057271957e-02
   2.3300000000000000e+02   5.7086981832981110e-02
   2.3400000000000000e+02   5.6083273142576218e-02
   2.3500000000000000e+02   5.5108532309532166e-02
   2.3600000000000000e+02   5.4171703755855560e-02
   2.3700000000000000e+02   5.3246982395648956e-02
   2.3800000000000000e+02   5.2243229001760483e-02
   2.3900000000000000e+02   5.1326826214790344e-02
   2.4000000000000000e+02   5.0423260778188705e-02
   2.4100000000000000e+02   4.9605548381805420e-02
   2.4200000000000000e+02   4.8750005662441254e-02
   2.4300000000000000e+02   4.7859560698270798e-02
   2.4400000000000000e+02   4.7008141875267029e-02
   2.4500000000000000e+02   4.6066157519817352e-02
   2.4600000000000000e+02   4.5169897377490997e-02
   2.4700000000000000e+02   4.4313888996839523e-02
   2.4800000000000000e+02   4.3422359973192215e-02
   2.4900000000000000e+02   4.2549129575490952e-02
   2.5000000000000000e+02   4.1728291660547256e-02
   2.5100000000000000e+02   4.0894281119108200e-02
   2.5200000000000000e+02   4.0002584457397461e-02
   2.5300000000000000e+02   3.9164803922176361e-02
   2.5400000000000000e+02   3.8354825228452682e-02
   2.5500000000000000e+02   3.7565331906080246e-02
   2.5600000000000000e+02   3.6680810153484344e-02
   2.5700000000000000e+02   3.5871963948011398e-02
   2.5800000000000000e+02   3.5115201026201248e-02
   2.5900000000000000e+02   3.4351650625467300e-02
   2.6000000000000000e+02   3.3648330718278885e-02
   2.6100000000000000e+02   3.2875534147024155e-02
   2.6200000000000000e+02   3.2118242233991623e-02
   2.6300000000000000e+02   3.1375836580991745e-02
   2.6400000000000000e+02   3.0625855550169945e-02
   2.6500000000000000e+02   2.9875777661800385e-02
   2.6600000000000000e+02   2.9114492237567902e-02
   2.6700000000000000e+02   2.8426202014088631e-02
   2.6800000000000000e+02   2.7735937386751175e-02
   2.6900000000000000e+02   2.7000488713383675e-02
   2.7000000000000000e+02   2.6290873065590858e-02
   2.7100000000000000e+02   2.5634944438934326e-02
   2.7200000000000000e+02   2.4947078898549080e-02
   2.7300000000000000e+02   2.4236679077148438e-02
   2.7400000000000000e+02   2.3522101342678070e-02
   2.7500000000000000e+02   2.2833960130810738e-02
   2.7600000000000000e+02   2.2197822108864784e-02
   2.7700000000000000e+02   2.1570157259702682e-02
   2.7800000000000000e+02   2.0929733291268349e-02
   2.7900000000000000e+02   2.0314302295446396e-02
   2.8000000000000000e+02   1.9679047167301178e-02
   2.8100000000000000e+02   1.9096238538622856e-02
   2.8200000000000000e+02   1.8491650000214577e-02
   2.8300000000000000e+02   1.7895689234137535e-02
   2.8400000000000000e+02   1.7341431230306625e-02
   2.8500000000000000e+02   1.6814293339848518e-02
   2.8600000000000000e+02   1.6262477263808250e-02
   2.8700000000000000e+02   1.5740480273962021e-02
   2.8800000000000000e+02   1.5184686519205570e-02
   2.8900000000000000e+02   1.4682085253298283e-02
   2.9000000000000000e+02   1.4167006127536297e-02
   2.9100000000000000e+02   1.3669441454112530e-02
   2.9200000000000000e+02   1.3159106485545635e-02
   2.9300000000000000e+02   1.2675692327320576e-02
   2.9400000000000000e+02   1.2232323177158833e-02
   2.9500000000000000e+02   1.1803677305579185e-02
   2.9600000000000000e+02   1.1360939592123032e-02
   2.9700000000000000e+02   1.0935919359326363e-02
   2.9800000000000000e+02   1.0513072833418846e-02
   2.9900000000000000e+02   1.0100571438670158e-02
   3.0000000000000000e+02   9.7036613151431084e-03
