   1.0000000000000000e+00   1.3625609688460827e-02
   2.0000000000000000e+00   1.2376975268125534e-02
   3.0000000000000000e+00   1.1140123009681702e-02
   4.0000000000000000e+00   1.0174658149480820e-02
   5.0000000000000000e+00   9.3270651996135712e-03
   6.0000000000000000e+00   8.6097400635480881e-03
   7.0000000000000000e+00   8.2571236416697502e-03
   8.0000000000000000e+00   7.7121085487306118e-03
   9.0000000000000000e+00   6.7022265866398811e-03
   1.0000000000000000e+01   5.3072599694132805e-03
   1.1000000000000000e+01   4.9017914570868015e-03
   1.2000000000000000e+01   5.4272059351205826e-03
   1.3000000000000000e+01   5.3922850638628006e-03
   1.4000000000000000e+01   5.0877579487860203e-03
   1.5000000000000000e+01   4.5235450379550457e-03
   1.6000000000000000e+01   4.5197657309472561e-03
   1.7000000000000000e+01   4.7788778319954872e-03
   1.8000000000000000e+01   1.3515833765268326e-02
   1.9000000000000000e+01   2.5398593395948410e-02
   2.0000000000000000e+01   5.1883779466152191e-02
   2.1000000000000000e+01   9.3440048396587372e-02
   2.2000000000000000e+01   1.3751704990863800e-01
   2.3000000000000000e+01   1.8199804425239563e-01
   2.4000000000000000e+01   2.2135506570339203e-01
   2.5000000000000000e+01   2.4985584616661072e-01
   2.6000000000000000e+01   2.8408992290496826e-01
   2.7000000000000000e+01   3.2594007253646851e-01
   2.8000000000000000e+01   3.7201979756355286e-01
   2.9000000000000000e+01   4.2497029900550842e-01
   3.0000000000000000e+01   4.8279315233230591e-01
   3.1000000000000000e+01   5.3549164533615112e-01
   3.2000000000000000e+01   5.8010649681091309e-01
   3.3000000000000000e+01   6.1687874794006348e-01
   3.4000000000000000e+01   6.4375287294387817e-01
   3.5000000000000000e+01   6.5685898065567017e-01
   3.6000000000000000e+01   6.5787422657012939e-01
   3.7000000000000000e+01   6.5308797359466553e-01
   3.8000000000000000e+01   6.4813834428787231e-01
   3.9000000000000000e+01   6.4754140377044678e-01
   4.0000000000000000e+01   6.4860683679580688e-01
   4.1000000000000000e+01   6.3489776849746704e-01
   4.2000000000000000e+01   6.0435712337493896e-01
   4.3000000000000000e+01   5.6569492816925049e-01
   4.4000000000000000e+01   5.1435357332229614e-01
   4.5000000000000000e+01   4.5642921328544617e-01
   4.6000000000000000e+01   4.0352347493171692e-01
   4.7000000000000000e+01   3.5859596729278564e-01
   4.8000000000000000e+01   3.1314545869827271e-01
   4.9000000000000000e+01   2.7440258860588074e-01
   5.0000000000000000e+01   2.3486071825027466e-01
   5.1000000000000000e+01   1.9232463836669922e-01
   5.2000000000000000e+01   1.5282651782035828e-01
   5.3000000000000000e+01   1.1334588378667831e-01
   5.4000000000000000e+01   7.4654191732406616e-02
   5.5000000000000000e+01   4.5210435986518860e-02
   5.6000000000000000e+01   2.4610104039311409e-02
   5.7000000000000000e+01   1.2434216216206551e-02
   5.8000000000000000e+01   4.6787988394498825e-03
   5.9000000000000000e+01   2.8071824926882982e-03
   6.0000000000000000e+01   2.6349043473601341e-03
   6.1000000000000000e+01   4.1094515472650528e-03
   6.2000000000000000e+01   5.4735075682401657e-03
   6.3000000000000000e+01   5.7813948951661587e-03
   6.4000000000000000e+01   5.8203041553497314e-03
   6.5000000000000000e+01   5.8193816803395748e-03
   6.6000000000000000e+01   5.8250189758837223e-03
   6.7000000000000000e+01   5.8379108086228371e-03
   6.8000000000000000e+01   5.8157765306532383e-03
   6.9000000000000000e+01   5.7631065137684345e-03
   7.0000000000000000e+01   5.6421230547130108e-03
   7.1000000000000000e+01   5.3812176920473576e-03
   7.2000000000000000e+01   5.0528747960925102e-03
   7.3000000000000000e+01   4.6728542074561119e-03
   7.4000000000000000e+01   4.2253904975950718e-03
   7.5000000000000000e+01   3.7626945413649082e-03
   7.6000000000000000e+01   2.1336174104362726e-03
   7.7000000000000000e+01   6.6985393641516566e-04
   7.8000000000000000e+01   3.2220396678894758e-04
   7.9000000000000000e+01   2.6723055634647608e-04
   8.0000000000000000e+01   2.6792261633090675e-04
   8.1000000000000000e+01   2.9603214352391660e-04
   8.2000000000000000e+01   3.1367081101052463e-04
   8.3000000000000000e+01   3.1532580032944679e-04
   8.4000000000000000e+01   5.4457964142784476e-04
   8.5000000000000000e+01   1.4058038359507918e-03
   8.6000000000000000e+01   2.0161564461886883e-03
   8.7000000000000000e+01   4.0041520260274410e-03
   8.8000000000000000e+01   6.0509094037115574e-03
   8.9000000000000000e+01   6.6807465627789497e-03
   9.0000000000000000e+01   7.4258316308259964e-03
   9.1000000000000000e+01   9.3316454440355301e-03
   9.2000000000000000e+01   1.0056315921247005e-02
   9.3000000000000000e+01   1.0689934715628624e-02
   9.4000000000000000e+01   1.1146820150315762e-02
   9.5000000000000000e+01   1.1266971938312054e-02
   9.6000000000000000e+01   1.2065914459526539e-02
   9.7000000000000000e+01   1.2248516082763672e-02
   9.8000000000000000e+01   1.2326772324740887e-02
   9.9000000000000000e+01   1.2487495318055153e-02
   1.0000000000000000e+02   1.1796222068369389e-02
   1.0100000000000000e+02   1.2293398380279541e-02
   1.0200000000000000e+02   1.0457686148583889e-02
   1.0300000000000000e+02   8.5651222616434097e-03
   1.0400000000000000e+02   8.2288142293691635e-03
   1.0500000000000000e+02   7.5954068452119827e-03
   1.0600000000000000e+02   5.7449201121926308e-03
   1.0700000000000000e+02   5.1010516472160816e-03
   1.0800000000000000e+02   4.5134774409234524e-03
   1.0900000000000000e+02   4.1078533977270126e-03
   1.1000000000000000e+02   4.0411292575299740e-03
   1.1100000000000000e+02   3.2718272414058447e-03
   1.1200000000000000e+02   3.1989547424018383e-03
   1.1300000000000000e+02   3.2425245735794306e-03
   1.1400000000000000e+02   2.9023459646850824e-03
   1.1500000000000000e+02   2.8741450514644384e-03
   1.1600000000000000e+02   1.9836244173347950e-03
   1.1700000000000000e+02   1.9566316623240709e-03
   1.1800000000000000e+02   2.1162373013794422e-03
   1.1900000000000000e+02   2.1427234169095755e-03
   1.2000000000000000e+02   2.4909744970500469e-03
   1.2100000000000000e+02   2.7014757506549358e-03
   1.2200000000000000e+02   3.5638618282973766e-03
   1.2300000000000000e+02   3.9573279209434986e-03
   1.2400000000000000e+02   4.6650958247482777e-03
   1.2500000000000000e+02   6.8540098145604134e-03
   1.2600000000000000e+02   7.2735254652798176e-03
   1.2700000000000000e+02   8.0678947269916534e-03
   1.2800000000000000e+02   8.7990630418062210e-03
   1.2900000000000000e+02   1.0394722223281860e-02
   1.3000000000000000e+02   1.0930514894425869e-02
   1.3100000000000000e+02   1.2417128309607506e-02
   1.3200000000000000e+02   1.2799539603292942e-02
   1.3300000000000000e+02   1.3569141738116741e-02
   1.3400000000000000e+02   1.4372985810041428e-02
   1.3500000000000000e+02   1.4572982676327229e-02
   1.3600000000000000e+02   1.5423406846821308e-02
   1.3700000000000000e+02   1.6276823356747627e-02
   1.3800000000000000e+02   1.6995681449770927e-02
   1.3900000000000000e+02   1.7030673101544380e-02
   1.4000000000000000e+02   1.5932986512780190e-02
   1.4100000000000000e+02   1.7056358978152275e-02
   1.4200000000000000e+02   1.6969390213489532e-02
   1.4300000000000000e+02   1.6822099685668945e-02
   1.4400000000000000e+02   1.5978399664163589e-02
   1.4500000000000000e+02   1.6089757904410362e-02
   1.4600000000000000e+02   1.5064284205436707e-02
   1.4700000000000000e+02   1.5384843572974205e-02
   1.4800000000000000e+02   1.5025351196527481e-02
   1.4900000000000000e+02   1.4509974047541618e-02
   1.5000000000000000e+02   1.4350722543895245e-02
   1.5100000000000000e+02   1.4029583893716335e-02
   1.5200000000000000e+02   1.2922034598886967e-02
   1.5300000000000000e+02   1.2404609471559525e-02
   1.5400000000000000e+02   1.2482550926506519e-02
   1.5500000000000000e+02   1.2039812281727791e-02
   1.5600000000000000e+02   1.1146813631057739e-02
   1.5700000000000000e+02   1.1200909502804279e-02
   1.5800000000000000e+02   1.1172798462212086e-02
   1.5900000000000000e+02   1.1342016048729420e-02
   1.6000000000000000e+02   1.1283786036074162e-02
   1.6100000000000000e+02   1.1546035297214985e-02
   1.6200000000000000e+02   1.1494630016386509e-02
   1.6300000000000000e+02   1.1707329191267490e-02
   1.6400000000000000e+02   1.1941165663301945e-02
   1.6500000000000000e+02   1.2385538779199123e-02
   1.6600000000000000e+02   1.2307521887123585e-02
   1.6700000000000000e+02   1.2352108024060726e-02
   1.6800000000000000e+02   1.2334845028817654e-02
   1.6900000000000000e+02   1.2205558829009533e-02
   1.7000000000000000e+02   1.2367100454866886e-02
   1.7100000000000000e+02   1.2310074642300606e-02
   1.7200000000000000e+02   1.1965485289692879e-02
   1.7300000000000000e+02   1.2050256133079529e-02
   1.7400000000000000e+02   1.1906855739653111e-02
   1.7500000000000000e+02   1.2047613970935345e-02
   1.7600000000000000e+02   1.2028965167701244e-02
   1.7700000000000000e+02   1.1999002657830715e-02
   1.7800000000000000e+02   1.1618360877037048e-02
   1.7900000000000000e+02   1.1548996903002262e-02
   1.8000000000000000e+02   1.1253332719206810e-02
   1.8100000000000000e+02   1.1383221484720707e-02
   1.8200000000000000e+02   1.1757270433008671e-02
   1.8300000000000000e+02   1.1948999948799610e-02
   1.8400000000000000e+02   1.1892846785485744e-02
   1.8500000000000000e+02   1.1992701329290867e-02
   1.8600000000000000e+02   1.2093662284314632e-02
   1.8700000000000000e+02   1.2435055337846279e-02
   1.8800000000000000e+02   1.2736247852444649e-02
   1.8900000000000000e+02   1.3211136683821678e-02
   1.9000000000000000e+02   1.3772506266832352e-02
   1.9100000000000000e+02   1.4278083108365536e-02
   1.9200000000000000e+02   1.4488282613456249e-02
   1.9300000000000000e+02   1.4958083629608154e-02
   1.9400000000000000e+02   1.5010436996817589e-02
   1.9500000000000000e+02   1.5201370231807232e-02
   1.9600000000000000e+02   1.5610013157129288e-02
   1.9700000000000000e+02   1.6021128743886948e-02
   1.9800000000000000e+02   1.5830878168344498e-02
   1.9900000000000000e+02   1.6073258593678474e-02
   2.0000000000000000e+02   1.5532379038631916e-02
   2.0100000000000000e+02   1.5936160460114479e-02
   2.0200000000000000e+02   1.6003718599677086e-02
   2.0300000000000000e+02   1.5728361904621124e-02
   2.0400000000000000e+02   1.5477498061954975e-02
   2.0500000000000000e+02   1.5520161017775536e-02
   2.0600000000000000e+02   1.5469790436327457e-02
   2.0700000000000000e+02   1.6247700899839401e-02
   2.0800000000000000e+02   1.6975650563836098e-02
   2.0900000000000000e+02   1.7702993005514145e-02
   2.1000000000000000e+02   1.7694983631372452e-02
   2.1100000000000000e+02   1.7982007935643196e-02
   2.1200000000000000e+02   1.8444521352648735e-02
   2.1300000000000000e+02   1.9018378108739853e-02
   2.1400000000000000e+02   1.9563132897019386e-02
   2.1500000000000000e+02   2.0277319476008415e-02
   2.1600000000000000e+02   2.0327895879745483e-02
   2.1700000000000000e+02   2.0364467054605484e-02
   2.1800000000000000e+02   2.0735634490847588e-02
   2.1900000000000000e+02   2.0402750000357628e-02
   2.2000000000000000e+02   1.9700022414326668e-02
   2.2100000000000000e+02   1.9026791676878929e-02
   2.2200000000000000e+02   1.7864139750599861e-02
   2.2300000000000000e+02   1.6787620261311531e-02
   2.2400000000000000e+02   1.5713371336460114e-02
   2.2500000000000000e+02   1.5577241778373718e-02
   2.2600000000000000e+02   1.4547656290233135e-02
   2.2700000000000000e+02   1.3000945560634136e-02
   2.2800000000000000e+02   1.2186617590487003e-02
   2.2900000000000000e+02   1.1166827753186226e-02
   2.3000000000000000e+02   1.0359266772866249e-02
   2.3100000000000000e+02   9.4865290448069572e-03
   2.3200000000000000e+02   8.7946448475122452e-03
   2.3300000000000000e+02   7.9892827197909355e-03
   2.3400000000000000e+02   7.5928778387606144e-03
   2.3500000000000000e+02   7.1939290501177311e-03
   2.3600000000000000e+02   6.8071931600570679e-03
   2.3700000000000000e+02   6.5542529337108135e-03
   2.3800000000000000e+02   6.2149735167622566e-03
   2.3900000000000000e+02   6.1417170800268650e-03
   2.4000000000000000e+02   5.8861826546490192e-03
   2.4100000000000000e+02   5.7187229394912720e-03
   2.4200000000000000e+02   5.6440965272486210e-03
   2.4300000000000000e+02   5.6228609755635262e-03
   2.4400000000000000e+02   5.5129844695329666e-03
   2.4500000000000000e+02   5.4894438944756985e-03
   2.4600000000000000e+02   5.4668397642672062e-03
   2.4700000000000000e+02   5.4909274913370609e-03
   2.4800000000000000e+02   5.4555330425500870e-03
   2.4900000000000000e+02   5.5068014189600945e-03
   2.5000000000000000e+02   5.4173888638615608e-03
   2.5100000000000000e+02   5.4767131805419922e-03
   2.5200000000000000e+02   5.5602295324206352e-03
   2.5300000000000000e+02   5.6625828146934509e-03
   2.5400000000000000e+02   5.6493040174245834e-03
   2.5500000000000000e+02   5.5500711314380169e-03
   2.5600000000000000e+02   5.5671907030045986e-03
   2.5700000000000000e+02   5.6814183481037617e-03
   2.5800000000000000e+02   5.6702806614339352e-03
   2.5900000000000000e+02   5.8147143572568893e-03
   2.6000000000000000e+02   5.9379092417657375e-03
   2.6100000000000000e+02   6.2128556892275810e-03
   2.6200000000000000e+02   6.3622831366956234e-03
   2.6300000000000000e+02   6.6076209768652916e-03
   2.6400000000000000e+02   6.7524602636694908e-03
   2.6500000000000000e+02   7.2159371338784695e-03
   2.6600000000000000e+02   7.8858351334929466e-03
   2.6700000000000000e+02   8.5193691775202751e-03
   2.6800000000000000e+02   9.0071605518460274e-03
   2.6900000000000000e+02   9.5391171053051949e-03
   2.7000000000000000e+02   1.0374570265412331e-02
   2.7100000000000000e+02   1.1076384223997593e-02
   2.7200000000000000e+02   1.1892157606780529e-02
   2.7300000000000000e+02   1.3173379935324192e-02
   2.7400000000000000e+02   1.4016571454703808e-02
   2.7500000000000000e+02   1.4738776721060276e-02
   2.7600000000000000e+02   1.5182868577539921e-02
   2.7700000000000000e+02   1.6173053532838821e-02
   2.7800000000000000e+02   1.7320642247796059e-02
   2.7900000000000000e+02   1.8780546262860298e-02
   2.8000000000000000e+02   1.9570488482713699e-02
   2.8100000000000000e+02   2.0705614238977432e-02
   2.8200000000000000e+02   2.0622603595256805e-02
   2.8300000000000000e+02   2.0184108987450600e-02
   2.8400000000000000e+02   2.0343838259577751e-02
   2.8500000000000000e+02   2.0050043240189552e-02
   2.8600000000000000e+02   1.9378272816538811e-02
   2.8700000000000000e+02   1.8880702555179596e-02
   2.8800000000000000e+02   1.7848309129476547e-02
   2.8900000000000000e+02   1.6865264624357224e-02
   2.9000000000000000e+02   1.6137955710291862e-02
   2.9100000000000000e+02   1.6019392758607864e-02
   2.9200000000000000e+02   1.5332128852605820e-02
   2.9300000000000000e+02   1.4932922087609768e-02
   2.9400000000000000e+02   1.3858742080628872e-02
   2.9500000000000000e+02   1.3141487725079060e-02
   2.9600000000000000e+02   1.1507867835462093e-02
   2.9700000000000000e+02   1.1253075674176216e-02
   2.9800000000000000e+02   1.1642860248684883e-02
   2.9900000000000000e+02   1.1129913851618767e-02
   3.0000000000000000e+02   1.0864137671887875e-02
