   1.0000000000000000e+00   3.4302675544495287e-07
   2.0000000000000000e+00   3.9109374938561814e-07
   3.0000000000000000e+00   5.4594994480794412e-07
   4.0000000000000000e+00   5.8032748029290815e-07
   5.0000000000000000e+00   6.8185829604772152e-07
   6.0000000000000000e+00   7.9817544929028372e-07
   7.0000000000000000e+00   1.1198924312338931e-06
   8.0000000000000000e+00   1.9396591142140096e-06
   9.0000000000000000e+00   2.7570474685489899e-06
   1.0000000000000000e+01   3.4767597298923647e-06
   1.1000000000000000e+01   4.6943000597821083e-06
   1.2000000000000000e+01   5.4764573178545106e-06
   1.3000000000000000e+01   9.6646435849834234e-06
   1.4000000000000000e+01   1.5093650290509686e-05
   1.5000000000000000e+01   1.8367769371252507e-05
   1.6000000000000000e+01   2.1119301891303621e-05
   1.7000000000000000e+01   2.7466378014651127e-05
   1.8000000000000000e+01   3.7816156691405922e-05
   1.9000000000000000e+01   4.7784214984858409e-05
   2.0000000000000000e+01   6.5239859395660460e-05
   2.1000000000000000e+01   7.5179566920269281e-05
   2.2000000000000000e+01   8.3808008639607579e-05
   2.3000000000000000e+01   1.2516933202277869e-04
   2.4000000000000000e+01   1.3544043758884072e-04
   2.5000000000000000e+01   1.4956761151552200e-04
   2.6000000000000000e+01   1.7136971291620284e-04
   2.7000000000000000e+01   1.8054516112897545e-04
   2.8000000000000000e+01   2.2973776503931731e-04
   2.9000000000000000e+01   2.4129459052346647e-04
   3.0000000000000000e+01   2.6237641577608883e-04
   3.1000000000000000e+01   2.8006106731481850e-04
   3.2000000000000000e+01   3.4610237344168127e-04
   3.3000000000000000e+01   3.5742175532504916e-04
   3.4000000000000000e+01   3.7578158662654459e-04
   3.5000000000000000e+01   3.8856753963045776e-04
   3.6000000000000000e+01   4.1998591041192412e-04
   3.7000000000000000e+01   4.4006490497849882e-04
   3.8000000000000000e+01   4.2318840860389173e-04
   3.9000000000000000e+01   5.6377990404143929e-04
   4.0000000000000000e+01   7.3326774872839451e-04
   4.1000000000000000e+01   9.5804728334769607e-04
   4.2000000000000000e+01   1.3259080005809665e-03
   4.3000000000000000e+01   1.5245199901983142e-03
   4.4000000000000000e+01   1.9628771115094423e-03
   4.5000000000000000e+01   2.4116463027894497e-03
   4.6000000000000000e+01   2.6930621825158596e-03
   4.7000000000000000e+01   3.1470847316086292e-03
   4.8000000000000000e+01   3.6492969375103712e-03
   4.9000000000000000e+01   4.1718659922480583e-03
   5.0000000000000000e+01   4.8238574527204037e-03
   5.1000000000000000e+01   5.3782588802278042e-03
   5.2000000000000000e+01   6.0586989857256413e-03
   5.3000000000000000e+01   6.6719669848680496e-03
   5.4000000000000000e+01   7.1788397617638111e-03
   5.5000000000000000e+01   7.9576410353183746e-03
   5.6000000000000000e+01   8.4783965721726418e-03
   5.7000000000000000e+01   8.6978645995259285e-03
   5.8000000000000000e+01   9.4631398096680641e-03
   5.9000000000000000e+01   9.6704429015517235e-03
   6.0000000000000000e+01   9.6525708213448524e-03
   6.1000000000000000e+01   1.0163029655814171e-02
   6.2000000000000000e+01   1.0137021541595459e-02
   6.3000000000000000e+01   1.0183172300457954e-02
   6.4000000000000000e+01   1.0357798077166080e-02
   6.5000000000000000e+01   1.0575670748949051e-02
   6.6000000000000000e+01   1.0586529038846493e-02
   6.7000000000000000e+01   1.0717527009546757e-02
   6.8000000000000000e+01   1.0602323338389397e-02
   6.9000000000000000e+01   1.0709777474403381e-02
   7.0000000000000000e+01   1.0219993069767952e-02
   7.1000000000000000e+01   1.0218745097517967e-02
   7.2000000000000000e+01   1.0217928327620029e-02
   7.3000000000000000e+01   9.7793880850076675e-03
   7.4000000000000000e+01   9.9943578243255615e-03
   7.5000000000000000e+01   1.0104273445904255e-02
   7.6000000000000000e+01   9.7884023562073708e-03
   7.7000000000000000e+01   9.9673559889197350e-03
   7.8000000000000000e+01   9.8844654858112335e-03
   7.9000000000000000e+01   9.6087595447897911e-03
   8.0000000000000000e+01   9.2715481296181679e-03
   8.1000000000000000e+01   9.2054354026913643e-03
   8.2000000000000000e+01   8.8279200717806816e-03
   8.3000000000000000e+01   8.8591147214174271e-03
   8.4000000000000000e+01   8.6314277723431587e-03
   8.5000000000000000e+01   8.7455203756690025e-03
   8.6000000000000000e+01   8.5556628182530403e-03
   8.7000000000000000e+01   8.4105757996439934e-03
   8.8000000000000000e+01   8.5618477314710617e-03
   8.9000000000000000e+01   8.2545252516865730e-03
   9.0000000000000000e+01   8.4958709776401520e-03
   9.1000000000000000e+01   8.6593423038721085e-03
   9.2000000000000000e+01   8.5195461288094521e-03
   9.3000000000000000e+01   8.7612718343734741e-03
   9.4000000000000000e+01   8.8933110237121582e-03
   9.5000000000000000e+01   9.0385060757398605e-03
   9.6000000000000000e+01   9.0975752100348473e-03
   9.7000000000000000e+01   9.3580586835741997e-03
   9.8000000000000000e+01   9.4705801457166672e-03
   9.9000000000000000e+01   9.6219601109623909e-03
   1.0000000000000000e+02   9.7853075712919235e-03
   1.0100000000000000e+02   9.6271820366382599e-03
   1.0200000000000000e+02   9.6982158720493317e-03
   1.0300000000000000e+02   9.5210373401641846e-03
   1.0400000000000000e+02   9.4598596915602684e-03
   1.0500000000000000e+02   9.0973488986492157e-03
   1.0600000000000000e+02   8.8690984994173050e-03
   1.0700000000000000e+02   8.8300611823797226e-03
   1.0800000000000000e+02   8.3950180560350418e-03
   1.0900000000000000e+02   8.4506804123520851e-03
   1.1000000000000000e+02   8.0378828570246696e-03
   1.1100000000000000e+02   7.5975656509399414e-03
   1.1200000000000000e+02   7.0944009348750114e-03
   1.1300000000000000e+02   6.5624336712062359e-03
   1.1400000000000000e+02   5.9090228751301765e-03
   1.1500000000000000e+02   5.2129044197499752e-03
   1.1600000000000000e+02   4.8585748299956322e-03
   1.1700000000000000e+02   4.4023264199495316e-03
   1.1800000000000000e+02   3.9006979204714298e-03
   1.1900000000000000e+02   3.4516751766204834e-03
   1.2000000000000000e+02   3.0765912961214781e-03
   1.2100000000000000e+02   2.6840348728001118e-03
   1.2200000000000000e+02   2.2031655535101891e-03
   1.2300000000000000e+02   1.9319416023790836e-03
   1.2400000000000000e+02   1.3307944172993302e-03
   1.2500000000000000e+02   1.0659846011549234e-03
   1.2600000000000000e+02   9.7133277449756861e-04
   1.2700000000000000e+02   7.9187407391145825e-04
   1.2800000000000000e+02   6.8895053118467331e-04
   1.2900000000000000e+02   7.0207042153924704e-04
   1.3000000000000000e+02   6.9024052936583757e-04
   1.3100000000000000e+02   6.5855158027261496e-04
   1.3200000000000000e+02   6.1677373014390469e-04
   1.3300000000000000e+02   3.5684028989635408e-04
   1.3400000000000000e+02   3.8683195598423481e-03
   1.3500000000000000e+02   4.5517771504819393e-03
   1.3600000000000000e+02   2.7654379606246948e-02
   1.3700000000000000e+02   8.6840331554412842e-02
   1.3800000000000000e+02   1.3806731998920441e-01
   1.3900000000000000e+02   1.8944540619850159e-01
   1.4000000000000000e+02   2.4391484260559082e-01
   1.4100000000000000e+02   3.1116563081741333e-01
   1.4200000000000000e+02   3.7838479876518250e-01
   1.4300000000000000e+02   4.4356280565261841e-01
   1.4400000000000000e+02   5.0891721248626709e-01
   1.4500000000000000e+02   5.7591092586517334e-01
   1.4600000000000000e+02   6.4305090904235840e-01
   1.4700000000000000e+02   7.0988339185714722e-01
   1.4800000000000000e+02   7.6929384469985962e-01
   1.4900000000000000e+02   8.2536703348159790e-01
   1.5000000000000000e+02   8.2752287387847900e-01
   1.5100000000000000e+02   8.1129145622253418e-01
   1.5200000000000000e+02   7.6405507326126099e-01
   1.5300000000000000e+02   7.1389883756637573e-01
   1.5400000000000000e+02   6.5674412250518799e-01
   1.5500000000000000e+02   5.8964800834655762e-01
   1.5600000000000000e+02   5.2239233255386353e-01
   1.5700000000000000e+02   4.5526829361915588e-01
   1.5800000000000000e+02   3.9006558060646057e-01
   1.5900000000000000e+02   3.2467320561408997e-01
   1.6000000000000000e+02   2.5765696167945862e-01
   1.6100000000000000e+02   1.9049866497516632e-01
   1.6200000000000000e+02   1.2363279610872269e-01
   1.6300000000000000e+02   6.4206562936306000e-02
   1.6400000000000000e+02   6.0059526003897190e-03
   1.6500000000000000e+02   3.1365819741040468e-03
   1.6600000000000000e+02   2.1226361859589815e-03
   1.6700000000000000e+02   1.6666982264723629e-04
   1.6800000000000000e+02   1.3680491247214377e-04
   1.6900000000000000e+02   1.3412024418357760e-04
   1.7000000000000000e+02   1.3112919987179339e-04
   1.7100000000000000e+02   1.2389993935357779e-04
   1.7200000000000000e+02   5.4141969485499430e-06
   1.7300000000000000e+02   5.4651318350806832e-06
   1.7400000000000000e+02   9.8314376373309642e-06
   1.7500000000000000e+02   1.2790952496288810e-05
   1.7600000000000000e+02   1.3791464880341664e-05
   1.7700000000000000e+02   1.3653115274792071e-05
   1.7800000000000000e+02   1.2115172467019875e-05
   1.7900000000000000e+02   8.8689466792857274e-06
   1.8000000000000000e+02   8.8624137788428925e-06
   1.8100000000000000e+02   8.8683473222772591e-06
   1.8200000000000000e+02   8.8702108769211918e-06
   1.8300000000000000e+02   8.8706483438727446e-06
   1.8400000000000000e+02   8.8747337940731086e-06
   1.8500000000000000e+02   8.8784718172973953e-06
   1.8600000000000000e+02   8.8805300038075075e-06
   1.8700000000000000e+02   8.8900214905152097e-06
   1.8800000000000000e+02   8.8478309407946654e-06
   1.8900000000000000e+02   4.7753105718584266e-06
   1.9000000000000000e+02   2.2753035864297999e-06
   1.9100000000000000e+02   2.6642408101906767e-06
   1.9200000000000000e+02   6.4347450461355038e-06
   1.9300000000000000e+02   1.3390858657658100e-04
   1.9400000000000000e+02   5.5971369147300720e-04
   1.9500000000000000e+02   1.0035878513008356e-03
   1.9600000000000000e+02   1.4393597375601530e-03
   1.9700000000000000e+02   2.2763055749237537e-03
   1.9800000000000000e+02   3.2273298129439354e-03
   1.9900000000000000e+02   4.4572725892066956e-03
   2.0000000000000000e+02   5.9497770853340626e-03
   2.0100000000000000e+02   7.0611578412353992e-03
   2.0200000000000000e+02   8.1651881337165833e-03
   2.0300000000000000e+02   8.9898295700550079e-03
   2.0400000000000000e+02   9.9919121712446213e-03
   2.0500000000000000e+02   1.0866799391806126e-02
   2.0600000000000000e+02   1.1707250960171223e-02
   2.0700000000000000e+02   1.2581726536154747e-02
   2.0800000000000000e+02   1.3361055403947830e-02
   2.0900000000000000e+02   1.3963120058178902e-02
   2.1000000000000000e+02   1.5055240131914616e-02
   2.1100000000000000e+02   1.5610546804964542e-02
   2.1200000000000000e+02   1.5930283814668655e-02
   2.1300000000000000e+02   1.6013884916901588e-02
   2.1400000000000000e+02   1.5701280906796455e-02
   2.1500000000000000e+02   1.5216962434351444e-02
   2.1600000000000000e+02   1.4738333411514759e-02
   2.1700000000000000e+02   1.3749835081398487e-02
   2.1800000000000000e+02   1.3783707283437252e-02
   2.1900000000000000e+02   1.3527217321097851e-02
   2.2000000000000000e+02   1.2673705816268921e-02
   2.2100000000000000e+02   1.1890590190887451e-02
   2.2200000000000000e+02   1.1059844866394997e-02
   2.2300000000000000e+02   1.0201550088822842e-02
   2.2400000000000000e+02   9.1867474839091301e-03
   2.2500000000000000e+02   7.6628406532108784e-03
   2.2600000000000000e+02   6.6911578178405762e-03
   2.2700000000000000e+02   5.5431826040148735e-03
   2.2800000000000000e+02   4.5195319689810276e-03
   2.2900000000000000e+02   3.6096717230975628e-03
   2.3000000000000000e+02   2.6099379174411297e-03
   2.3100000000000000e+02   1.9839876331388950e-03
   2.3200000000000000e+02   1.8781322287395597e-03
   2.3300000000000000e+02   1.0712723014876246e-03
   2.3400000000000000e+02   3.4070794936269522e-04
   2.3500000000000000e+02   3.2882799860090017e-04
   2.3600000000000000e+02   2.8857131837867200e-04
   2.3700000000000000e+02   2.4716882035136223e-04
   2.3800000000000000e+02   2.0411606237757951e-04
   2.3900000000000000e+02   1.9486412929836661e-04
   2.4000000000000000e+02   1.8795576761476696e-04
   2.4100000000000000e+02   1.7305932124145329e-04
   2.4200000000000000e+02   1.6989679716061801e-04
   2.4300000000000000e+02   1.6556313494220376e-04
   2.4400000000000000e+02   1.6745248285587877e-04
   2.4500000000000000e+02   1.6712695651222020e-04
   2.4600000000000000e+02   1.7052871407940984e-04
   2.4700000000000000e+02   1.8109771190211177e-04
   2.4800000000000000e+02   1.3980266521684825e-04
   2.4900000000000000e+02   1.3623130507767200e-04
   2.5000000000000000e+02   1.3367486826609820e-04
   2.5100000000000000e+02   1.2150296970503405e-04
   2.5200000000000000e+02   1.2754384079016745e-04
   2.5300000000000000e+02   1.2857260298915207e-04
   2.5400000000000000e+02   1.3375391426961869e-04
   2.5500000000000000e+02   1.3784697512164712e-04
   2.5600000000000000e+02   1.4796092000324279e-04
   2.5700000000000000e+02   1.7671778914518654e-04
   2.5800000000000000e+02   1.9583333050832152e-04
   2.5900000000000000e+02   2.5123317027464509e-04
   2.6000000000000000e+02   2.5796127738431096e-04
   2.6100000000000000e+02   2.6020451332442462e-04
   2.6200000000000000e+02   2.5708612520247698e-04
   2.6300000000000000e+02   2.7299643261358142e-04
   2.6400000000000000e+02   2.8753871447406709e-04
   2.6500000000000000e+02   3.1673940247856081e-04
   2.6600000000000000e+02   3.2907849526964128e-04
   2.6700000000000000e+02   3.4024420892819762e-04
   2.6800000000000000e+02   3.7241866812109947e-04
   2.6900000000000000e+02   3.8602313725277781e-04
   2.7000000000000000e+02   3.8793421117588878e-04
   2.7100000000000000e+02   3.8902816595509648e-04
   2.7200000000000000e+02   3.6152618122287095e-04
   2.7300000000000000e+02   3.3922886359505355e-04
   2.7400000000000000e+02   2.7794382185675204e-04
   2.7500000000000000e+02   2.6620354037731886e-04
   2.7600000000000000e+02   2.5551984435878694e-04
   2.7700000000000000e+02   2.4081273295450956e-04
   2.7800000000000000e+02   2.1893107623327523e-04
   2.7900000000000000e+02   1.9386145868338645e-04
   2.8000000000000000e+02   1.5775748761370778e-04
   2.8100000000000000e+02   1.3925858365837485e-04
   2.8200000000000000e+02   1.1608804197749123e-04
   2.8300000000000000e+02   7.7483862696681172e-05
   2.8400000000000000e+02   5.4927855671849102e-05
   2.8500000000000000e+02   4.3815791286760941e-05
   2.8600000000000000e+02   2.8158417990198359e-05
   2.8700000000000000e+02   2.1385791114880703e-05
   2.8800000000000000e+02   1.7946358639164828e-05
   2.8900000000000000e+02   1.4478545381280128e-05
   2.9000000000000000e+02   1.1370736501703504e-05
   2.9100000000000000e+02   9.6402382041560486e-06
   2.9200000000000000e+02   7.2230700425279792e-06
   2.9300000000000000e+02   2.7900446184503380e-06
   2.9400000000000000e+02   1.5458932693945826e-06
   2.9500000000000000e+02   9.4346245305132470e-07
   2.9600000000000000e+02   7.0130158746906091e-07
   2.9700000000000000e+02   4.9547099933988648e-07
   2.9800000000000000e+02   4.4604610138776479e-07
   2.9900000000000000e+02   4.1523296090417716e-07
   3.0000000000000000e+02   3.6874888564852881e-07
