   1.0000000000000000e+00   1.4500803314149380e-02
   2.0000000000000000e+00   1.4124005101621151e-02
   3.0000000000000000e+00   1.3843080960214138e-02
   4.0000000000000000e+00   1.3670298270881176e-02
   5.0000000000000000e+00   1.3581480830907822e-02
   6.0000000000000000e+00   1.3405990786850452e-02
   7.0000000000000000e+00   1.3261537067592144e-02
   8.0000000000000000e+00   1.2999915517866611e-02
   9.0000000000000000e+00   1.2794610112905502e-02
   1.0000000000000000e+01   1.2633194215595722e-02
   1.1000000000000000e+01   1.2435478158295155e-02
   1.2000000000000000e+01   1.2186751700937748e-02
   1.3000000000000000e+01   1.1905561201274395e-02
   1.4000000000000000e+01   1.1619829572737217e-02
   1.5000000000000000e+01   1.1375600472092628e-02
   1.6000000000000000e+01   1.1123374104499817e-02
   1.7000000000000000e+01   1.1014846153557301e-02
   1.8000000000000000e+01   1.0924685746431351e-02
   1.9000000000000000e+01   1.0789061896502972e-02
   2.0000000000000000e+01   1.0557908564805984e-02
   2.1000000000000000e+01   1.0403011925518513e-02
   2.2000000000000000e+01   1.0184486396610737e-02
   2.3000000000000000e+01   1.0029303841292858e-02
   2.4000000000000000e+01   9.7658848389983177e-03
   2.5000000000000000e+01   9.4848508015275002e-03
   2.6000000000000000e+01   9.3284435570240021e-03
   2.7000000000000000e+01   9.1576613485813141e-03
   2.8000000000000000e+01   9.1981152072548866e-03
   2.9000000000000000e+01   9.0565411373972893e-03
   3.0000000000000000e+01   8.8582970201969147e-03
   3.1000000000000000e+01   8.6157443001866341e-03
   3.2000000000000000e+01   8.3484966307878494e-03
   3.3000000000000000e+01   8.1016924232244492e-03
   3.4000000000000000e+01   7.8422483056783676e-03
   3.5000000000000000e+01   7.6441927812993526e-03
   3.6000000000000000e+01   7.3240804485976696e-03
   3.7000000000000000e+01   7.1128667332231998e-03
   3.8000000000000000e+01   6.9295135326683521e-03
   3.9000000000000000e+01   6.8166768178343773e-03
   4.0000000000000000e+01   6.6448226571083069e-03
   4.1000000000000000e+01   6.4460830762982368e-03
   4.2000000000000000e+01   6.2459269538521767e-03
   4.3000000000000000e+01   5.9468443505465984e-03
   4.4000000000000000e+01   5.7320487685501575e-03
   4.5000000000000000e+01   5.5523361079394817e-03
   4.6000000000000000e+01   5.4420051164925098e-03
   4.7000000000000000e+01   5.3008198738098145e-03
   4.8000000000000000e+01   5.2331723272800446e-03
   4.9000000000000000e+01   5.1533612422645092e-03
   5.0000000000000000e+01   5.0419410690665245e-03
   5.1000000000000000e+01   5.0418186001479626e-03
   5.2000000000000000e+01   4.9580307677388191e-03
   5.3000000000000000e+01   4.8256139270961285e-03
   5.4000000000000000e+01   4.7170612961053848e-03
   5.5000000000000000e+01   5.2842102944850922e-02
   5.6000000000000000e+01   4.9645915627479553e-02
   5.7000000000000000e+01   4.6517249196767807e-02
   5.8000000000000000e+01   4.3631490319967270e-02
   5.9000000000000000e+01   4.1571807116270065e-02
   6.0000000000000000e+01   3.9813101291656494e-02
   6.1000000000000000e+01   3.8001243025064468e-02
   6.2000000000000000e+01   3.6398459225893021e-02
   6.3000000000000000e+01   3.1462915241718292e-02
   6.4000000000000000e+01   2.7110138908028603e-02
   6.5000000000000000e+01   2.3555520921945572e-02
   6.6000000000000000e+01   2.1178271621465683e-02
   6.7000000000000000e+01   1.8873212859034538e-02
   6.8000000000000000e+01   1.7155522480607033e-02
   6.9000000000000000e+01   1.5367763116955757e-02
   7.0000000000000000e+01   1.4262463897466660e-02
   7.1000000000000000e+01   1.3351457193493843e-02
   7.2000000000000000e+01   1.2802677229046822e-02
   7.3000000000000000e+01   1.2491431087255478e-02
   7.4000000000000000e+01   1.2008243240416050e-02
   7.5000000000000000e+01   1.1450552381575108e-02
   7.6000000000000000e+01   1.1200413107872009e-02
   7.7000000000000000e+01   1.0934652760624886e-02
   7.8000000000000000e+01   1.0593852028250694e-02
   7.9000000000000000e+01   1.0381568223237991e-02
   8.0000000000000000e+01   1.0237810201942921e-02
   8.1000000000000000e+01   1.0039118118584156e-02
   8.2000000000000000e+01   9.8462291061878204e-03
   8.3000000000000000e+01   9.7913462668657303e-03
   8.4000000000000000e+01   9.8045310005545616e-03
   8.5000000000000000e+01   9.7469137981534004e-03
   8.6000000000000000e+01   9.6259498968720436e-03
   8.7000000000000000e+01   9.6064927056431770e-03
   8.8000000000000000e+01   9.4477450475096703e-03
   8.9000000000000000e+01   9.2629957944154739e-03
   9.0000000000000000e+01   9.1581102460622787e-03
   9.1000000000000000e+01   9.1425133869051933e-03
   9.2000000000000000e+01   9.1213677078485489e-03
   9.3000000000000000e+01   9.2564523220062256e-03
   9.4000000000000000e+01   9.2964405193924904e-03
   9.5000000000000000e+01   9.5247132703661919e-03
   9.6000000000000000e+01   9.5792738720774651e-03
   9.7000000000000000e+01   9.8728649318218231e-03
   9.8000000000000000e+01   1.0105631314218044e-02
   9.9000000000000000e+01   1.0687652975320816e-02
   1.0000000000000000e+02   1.1293453164398670e-02
   1.0100000000000000e+02   1.1963377706706524e-02
   1.0200000000000000e+02   1.2587654404342175e-02
   1.0300000000000000e+02   1.3630202971398830e-02
   1.0400000000000000e+02   1.4694528654217720e-02
   1.0500000000000000e+02   1.5706809237599373e-02
   1.0600000000000000e+02   1.7088044434785843e-02
   1.0700000000000000e+02   1.8308399245142937e-02
   1.0800000000000000e+02   1.9703073427081108e-02
   1.0900000000000000e+02   2.1210545673966408e-02
   1.1000000000000000e+02   2.2834254428744316e-02
   1.1100000000000000e+02   2.4797221645712852e-02
   1.1200000000000000e+02   2.6617364957928658e-02
   1.1300000000000000e+02   2.8506584465503693e-02
   1.1400000000000000e+02   3.0305301770567894e-02
   1.1500000000000000e+02   3.2214391976594925e-02
   1.1600000000000000e+02   3.4147612750530243e-02
   1.1700000000000000e+02   3.5992518067359924e-02
   1.1800000000000000e+02   3.7763349711894989e-02
   1.1900000000000000e+02   3.9518877863883972e-02
   1.2000000000000000e+02   4.1546870023012161e-02
   1.2100000000000000e+02   4.3152943253517151e-02
   1.2200000000000000e+02   4.5101344585418701e-02
   1.2300000000000000e+02   4.6936538070440292e-02
   1.2400000000000000e+02   4.8936843872070312e-02
   1.2500000000000000e+02   5.0715200603008270e-02
   1.2600000000000000e+02   5.2627623081207275e-02
   1.2700000000000000e+02   5.4595369845628738e-02
   1.2800000000000000e+02   5.6548610329627991e-02
   1.2900000000000000e+02   5.8303117752075195e-02
   1.3000000000000000e+02   5.9753838926553726e-02
   1.3100000000000000e+02   6.1523761600255966e-02
   1.3200000000000000e+02   6.3388898968696594e-02
   1.3300000000000000e+02   6.4894139766693115e-02
   1.3400000000000000e+02   6.6515333950519562e-02
   1.3500000000000000e+02   6.8097233772277832e-02
   1.3600000000000000e+02   6.9411478936672211e-02
   1.3700000000000000e+02   7.0933565497398376e-02
   1.3800000000000000e+02   7.2219282388687134e-02
   1.3900000000000000e+02   7.3278874158859253e-02
   1.4000000000000000e+02   7.4442245066165924e-02
   1.4100000000000000e+02   7.4906222522258759e-02
   1.4200000000000000e+02   7.5567223131656647e-02
   1.4300000000000000e+02   7.6202660799026489e-02
   1.4400000000000000e+02   7.6829209923744202e-02
   1.4500000000000000e+02   7.7612631022930145e-02
   1.4600000000000000e+02   7.7934548258781433e-02
   1.4700000000000000e+02   7.8178979456424713e-02
   1.4800000000000000e+02   7.8680612146854401e-02
   1.4900000000000000e+02   7.8816674649715424e-02
   1.5000000000000000e+02   7.8844636678695679e-02
   1.5100000000000000e+02   7.8889727592468262e-02
   1.5200000000000000e+02   7.8703366219997406e-02
   1.5300000000000000e+02   7.8580044209957123e-02
   1.5400000000000000e+02   7.8310608863830566e-02
   1.5500000000000000e+02   7.7625803649425507e-02
   1.5600000000000000e+02   7.7454790472984314e-02
   1.5700000000000000e+02   7.7185295522212982e-02
   1.5800000000000000e+02   7.6543942093849182e-02
   1.5900000000000000e+02   7.6109565794467926e-02
   1.6000000000000000e+02   7.5442597270011902e-02
   1.6100000000000000e+02   7.4985273182392120e-02
   1.6200000000000000e+02   7.4457004666328430e-02
   1.6300000000000000e+02   7.3490411043167114e-02
   1.6400000000000000e+02   7.2720900177955627e-02
   1.6500000000000000e+02   7.1907930076122284e-02
   1.6600000000000000e+02   7.0983685553073883e-02
   1.6700000000000000e+02   7.0392496883869171e-02
   1.6800000000000000e+02   6.9545999169349670e-02
   1.6900000000000000e+02   6.8702951073646545e-02
   1.7000000000000000e+02   6.7939147353172302e-02
   1.7100000000000000e+02   6.7185200750827789e-02
   1.7200000000000000e+02   6.6493339836597443e-02
   1.7300000000000000e+02   6.5694704651832581e-02
   1.7400000000000000e+02   6.4738504588603973e-02
   1.7500000000000000e+02   6.3892401754856110e-02
   1.7600000000000000e+02   6.2852807343006134e-02
   1.7700000000000000e+02   6.2069423496723175e-02
   1.7800000000000000e+02   6.1297640204429626e-02
   1.7900000000000000e+02   6.0342356562614441e-02
   1.8000000000000000e+02   5.9696588665246964e-02
   1.8100000000000000e+02   5.9228595346212387e-02
   1.8200000000000000e+02   5.8003012090921402e-02
   1.8300000000000000e+02   5.6924734264612198e-02
   1.8400000000000000e+02   5.6248240172863007e-02
   1.8500000000000000e+02   5.5833443999290466e-02
   1.8600000000000000e+02   5.5148694664239883e-02
   1.8700000000000000e+02   5.4186828434467316e-02
   1.8800000000000000e+02   5.3654871881008148e-02
   1.8900000000000000e+02   5.2854385226964951e-02
   1.9000000000000000e+02   5.2312038838863373e-02
   1.9100000000000000e+02   5.1970418542623520e-02
   1.9200000000000000e+02   5.1387496292591095e-02
   1.9300000000000000e+02   5.0997484475374222e-02
   1.9400000000000000e+02   5.0723511725664139e-02
   1.9500000000000000e+02   5.0251081585884094e-02
   1.9600000000000000e+02   4.9820438027381897e-02
   1.9700000000000000e+02   4.9715895205736160e-02
   1.9800000000000000e+02   4.9638733267784119e-02
   1.9900000000000000e+02   4.9178812652826309e-02
   2.0000000000000000e+02   4.8539903014898300e-02
   2.0100000000000000e+02   4.8050198704004288e-02
   2.0200000000000000e+02   4.7694936394691467e-02
   2.0300000000000000e+02   4.7141321003437042e-02
   2.0400000000000000e+02   4.6873271465301514e-02
   2.0500000000000000e+02   4.6541180461645126e-02
   2.0600000000000000e+02   4.5893497765064240e-02
   2.0700000000000000e+02   4.5340947806835175e-02
   2.0800000000000000e+02   4.4946257025003433e-02
   2.0900000000000000e+02   4.4591341167688370e-02
   2.1000000000000000e+02   4.3942466378211975e-02
   2.1100000000000000e+02   4.3321765959262848e-02
   2.1200000000000000e+02   4.2916499078273773e-02
   2.1300000000000000e+02   4.2229108512401581e-02
   2.1400000000000000e+02   4.1826929897069931e-02
   2.1500000000000000e+02   4.1462287306785583e-02
   2.1600000000000000e+02   4.1124269366264343e-02
   2.1700000000000000e+02   4.0662664920091629e-02
   2.1800000000000000e+02   4.0336370468139648e-02
   2.1900000000000000e+02   3.9712358266115189e-02
   2.2000000000000000e+02   3.9169099181890488e-02
   2.2100000000000000e+02   3.8721345365047455e-02
   2.2200000000000000e+02   3.8336232304573059e-02
   2.2300000000000000e+02   3.7851534783840179e-02
   2.2400000000000000e+02   3.7331141531467438e-02
   2.2500000000000000e+02   3.6776743829250336e-02
   2.2600000000000000e+02   3.6430444568395615e-02
   2.2700000000000000e+02   3.5808134824037552e-02
   2.2800000000000000e+02   3.5622335970401764e-02
   2.2900000000000000e+02   3.5087637603282928e-02
   2.3000000000000000e+02   3.4662310034036636e-02
   2.3100000000000000e+02   3.4121442586183548e-02
   2.3200000000000000e+02   3.3591650426387787e-02
   2.3300000000000000e+02   3.3273506909608841e-02
   2.3400000000000000e+02   3.3036958426237106e-02
   2.3500000000000000e+02   3.2570533454418182e-02
   2.3600000000000000e+02   3.2247915863990784e-02
   2.3700000000000000e+02   3.1911298632621765e-02
   2.3800000000000000e+02   3.1555589288473129e-02
   2.3900000000000000e+02   3.1206412240862846e-02
   2.4000000000000000e+02   3.1259797513484955e-02
   2.4100000000000000e+02   3.0928008258342743e-02
   2.4200000000000000e+02   3.0629623681306839e-02
   2.4300000000000000e+02   3.0149854719638824e-02
   2.4400000000000000e+02   2.9862733557820320e-02
   2.4500000000000000e+02   2.9599783942103386e-02
   2.4600000000000000e+02   2.9312420636415482e-02
   2.4700000000000000e+02   2.9097666963934898e-02
   2.4800000000000000e+02   2.8771776705980301e-02
   2.4900000000000000e+02   2.8469907119870186e-02
   2.5000000000000000e+02   2.8327206149697304e-02
   2.5100000000000000e+02   2.8063390403985977e-02
   2.5200000000000000e+02   2.7779761701822281e-02
   2.5300000000000000e+02   2.7422450482845306e-02
   2.5400000000000000e+02   2.7123428881168365e-02
   2.5500000000000000e+02   2.6589484885334969e-02
   2.5600000000000000e+02   2.6336485520005226e-02
   2.5700000000000000e+02   2.5993011891841888e-02
   2.5800000000000000e+02   2.5744590908288956e-02
   2.5900000000000000e+02   2.5561286136507988e-02
   2.6000000000000000e+02   2.5245172902941704e-02
   2.6100000000000000e+02   2.5001229718327522e-02
   2.6200000000000000e+02   2.4692095816135406e-02
   2.6300000000000000e+02   2.4238934740424156e-02
   2.6400000000000000e+02   2.3919023573398590e-02
   2.6500000000000000e+02   2.3630416020750999e-02
   2.6600000000000000e+02   2.3330712690949440e-02
   2.6700000000000000e+02   2.2834112867712975e-02
   2.6800000000000000e+02   2.2563111037015915e-02
   2.6900000000000000e+02   2.2312272340059280e-02
   2.7000000000000000e+02   2.1970400586724281e-02
   2.7100000000000000e+02   2.1548938006162643e-02
   2.7200000000000000e+02   2.1292036399245262e-02
   2.7300000000000000e+02   2.1044522523880005e-02
   2.7400000000000000e+02   2.0791204646229744e-02
   2.7500000000000000e+02   2.0617347210645676e-02
   2.7600000000000000e+02   2.0376419648528099e-02
   2.7700000000000000e+02   2.0141968503594398e-02
   2.7800000000000000e+02   1.9854104146361351e-02
   2.7900000000000000e+02   1.9730072468519211e-02
   2.8000000000000000e+02   1.9520692527294159e-02
   2.8100000000000000e+02   1.9174316897988319e-02
   2.8200000000000000e+02   1.8969895318150520e-02
   2.8300000000000000e+02   1.8688702955842018e-02
   2.8400000000000000e+02   1.8408752977848053e-02
   2.8500000000000000e+02   1.8203344196081161e-02
   2.8600000000000000e+02   1.7985420301556587e-02
   2.8700000000000000e+02   1.7873335629701614e-02
   2.8800000000000000e+02   1.7615579068660736e-02
   2.8900000000000000e+02   1.7264029011130333e-02
   2.9000000000000000e+02   1.6873918473720551e-02
   2.9100000000000000e+02   1.6588311642408371e-02
   2.9200000000000000e+02   1.6305381432175636e-02
   2.9300000000000000e+02   1.6187582165002823e-02
   2.9400000000000000e+02   1.5854148194193840e-02
   2.9500000000000000e+02   1.5529105439782143e-02
   2.9600000000000000e+02   1.5313902869820595e-02
   2.9700000000000000e+02   1.5160897746682167e-02
   2.9800000000000000e+02   1.4983156695961952e-02
   2.9900000000000000e+02   1.4800203964114189e-02
   3.0000000000000000e+02   1.4606783166527748e-02
