   1.0000000000000000e+00   1.6324918251484632e-03
   2.0000000000000000e+00   1.5624763909727335e-03
   3.0000000000000000e+00   1.4797000912949443e-03
   4.0000000000000000e+00   1.3857840094715357e-03
   5.0000000000000000e+00   1.2835405068472028e-03
   6.0000000000000000e+00   1.1764215305447578e-03
   7.0000000000000000e+00   1.0615941137075424e-03
   8.0000000000000000e+00   9.4492878997698426e-04
   9.0000000000000000e+00   8.2589313387870789e-04
   1.0000000000000000e+01   7.0863758446648717e-04
   1.1000000000000000e+01   5.9925782261416316e-04
   1.2000000000000000e+01   5.0002936040982604e-04
   1.3000000000000000e+01   4.2928426410071552e-04
   1.4000000000000000e+01   4.3316409573890269e-04
   1.5000000000000000e+01   7.4095861054956913e-04
   1.6000000000000000e+01   2.0897551439702511e-03
   1.7000000000000000e+01   5.6132059544324875e-03
   1.8000000000000000e+01   1.2943454086780548e-02
   1.9000000000000000e+01   2.5800082832574844e-02
   2.0000000000000000e+01   4.5115243643522263e-02
   2.1000000000000000e+01   7.0598900318145752e-02
   2.2000000000000000e+01   1.0056640952825546e-01
   2.3000000000000000e+01   1.3297180831432343e-01
   2.4000000000000000e+01   1.6663293540477753e-01
   2.5000000000000000e+01   2.0195719599723816e-01
   2.6000000000000000e+01   2.4051083624362946e-01
   2.7000000000000000e+01   2.8391966223716736e-01
   2.8000000000000000e+01   3.3310681581497192e-01
   2.9000000000000000e+01   3.8763439655303955e-01
   3.0000000000000000e+01   4.4598776102066040e-01
   3.1000000000000000e+01   5.0594371557235718e-01
   3.2000000000000000e+01   5.6503868103027344e-01
   3.3000000000000000e+01   6.2090623378753662e-01
   3.4000000000000000e+01   6.7142319679260254e-01
   3.5000000000000000e+01   7.1533721685409546e-01
   3.6000000000000000e+01   7.5229084491729736e-01
   3.7000000000000000e+01   7.8276056051254272e-01
   3.8000000000000000e+01   8.0690860748291016e-01
   3.9000000000000000e+01   8.2342582941055298e-01
   4.0000000000000000e+01   8.2949960231781006e-01
   4.1000000000000000e+01   8.2209616899490356e-01
   4.2000000000000000e+01   7.9972302913665771e-01
   4.3000000000000000e+01   7.6308870315551758e-01
   4.4000000000000000e+01   7.1502178907394409e-01
   4.5000000000000000e+01   6.5917509794235229e-01
   4.6000000000000000e+01   5.9883427619934082e-01
   4.7000000000000000e+01   5.3645509481430054e-01
   4.8000000000000000e+01   4.7329914569854736e-01
   4.9000000000000000e+01   4.0992185473442078e-01
   5.0000000000000000e+01   3.4668940305709839e-01
   5.1000000000000000e+01   2.8425136208534241e-01
   5.2000000000000000e+01   2.2381348907947540e-01
   5.3000000000000000e+01   1.6725875437259674e-01
   5.4000000000000000e+01   1.1707813292741776e-01
   5.5000000000000000e+01   7.5676530599594116e-02
   5.6000000000000000e+01   4.4524479657411575e-02
   5.7000000000000000e+01   2.3493707180023193e-02
   5.8000000000000000e+01   1.0939522646367550e-02
   5.9000000000000000e+01   4.4311233796179295e-03
   6.0000000000000000e+01   1.6056182794272900e-03
   6.1000000000000000e+01   6.6035677446052432e-04
   6.2000000000000000e+01   4.5694984146393836e-04
   6.3000000000000000e+01   4.5321381185203791e-04
   6.4000000000000000e+01   4.8665865324437618e-04
   6.5000000000000000e+01   5.0802330952137709e-04
   6.6000000000000000e+01   5.1760469796136022e-04
   6.7000000000000000e+01   5.1937910029664636e-04
   6.8000000000000000e+01   5.1743589574471116e-04
   6.9000000000000000e+01   5.1333656301721931e-04
   7.0000000000000000e+01   5.0637783715501428e-04
   7.1000000000000000e+01   4.9291574396193027e-04
   7.2000000000000000e+01   4.6913357800804079e-04
   7.3000000000000000e+01   4.3094230932183564e-04
   7.4000000000000000e+01   3.7468102527782321e-04
   7.5000000000000000e+01   3.0134918051771820e-04
   7.6000000000000000e+01   2.1912048396188766e-04
   7.7000000000000000e+01   1.4115827798377723e-04
   7.8000000000000000e+01   7.9264078522101045e-05
   7.9000000000000000e+01   3.8454410969279706e-05
   8.0000000000000000e+01   1.7541728084324859e-05
   8.1000000000000000e+01   1.1629879736574367e-05
   8.2000000000000000e+01   2.1373152776504867e-05
   8.3000000000000000e+01   5.1896291552111506e-05
   8.4000000000000000e+01   1.0930166172329336e-04
   8.5000000000000000e+01   2.0306235819589347e-04
   8.6000000000000000e+01   3.4021612373180687e-04
   8.7000000000000000e+01   5.1496271044015884e-04
   8.8000000000000000e+01   7.1381515590474010e-04
   8.9000000000000000e+01   9.2011061497032642e-04
   9.0000000000000000e+01   1.1188617208972573e-03
   9.1000000000000000e+01   1.2998658930882812e-03
   9.2000000000000000e+01   1.4552739448845387e-03
   9.3000000000000000e+01   1.5805757138878107e-03
   9.4000000000000000e+01   1.6787630738690495e-03
   9.5000000000000000e+01   1.7571473727002740e-03
   9.6000000000000000e+01   1.8218531040474772e-03
   9.7000000000000000e+01   1.8701666267588735e-03
   9.8000000000000000e+01   1.8986015347763896e-03
   9.9000000000000000e+01   1.9016665173694491e-03
   1.0000000000000000e+02   1.8699199426919222e-03
   1.0100000000000000e+02   1.7926061991602182e-03
   1.0200000000000000e+02   1.6687972238287330e-03
   1.0300000000000000e+02   1.5088155632838607e-03
   1.0400000000000000e+02   1.3287268811836839e-03
   1.0500000000000000e+02   1.1457765940576792e-03
   1.0600000000000000e+02   9.7408925648778677e-04
   1.0700000000000000e+02   8.2350190496072173e-04
   1.0800000000000000e+02   7.0219684857875109e-04
   1.0900000000000000e+02   6.0778565239161253e-04
   1.1000000000000000e+02   5.3213560022413731e-04
   1.1100000000000000e+02   4.6837137779220939e-04
   1.1200000000000000e+02   4.1363626951351762e-04
   1.1300000000000000e+02   3.6192874540574849e-04
   1.1400000000000000e+02   3.1101854983717203e-04
   1.1500000000000000e+02   2.6226998306810856e-04
   1.1600000000000000e+02   2.2094088490121067e-04
   1.1700000000000000e+02   1.9843534391839057e-04
   1.1800000000000000e+02   2.0045036217197776e-04
   1.1900000000000000e+02   2.3137660173233598e-04
   1.2000000000000000e+02   2.9859962523914874e-04
   1.2100000000000000e+02   4.0088739478960633e-04
   1.2200000000000000e+02   5.4059346439316869e-04
   1.2300000000000000e+02   7.1344897150993347e-04
   1.2400000000000000e+02   9.1363547835499048e-04
   1.2500000000000000e+02   1.1262749321758747e-03
   1.2600000000000000e+02   1.3393778353929520e-03
   1.2700000000000000e+02   1.5445036115124822e-03
   1.2800000000000000e+02   1.7403444508090615e-03
   1.2900000000000000e+02   1.9299058476462960e-03
   1.3000000000000000e+02   2.1093480754643679e-03
   1.3100000000000000e+02   2.2725337184965611e-03
   1.3200000000000000e+02   2.4197427555918694e-03
   1.3300000000000000e+02   2.5498135946691036e-03
   1.3400000000000000e+02   2.6643008459359407e-03
   1.3500000000000000e+02   2.7606566436588764e-03
   1.3600000000000000e+02   2.8454661369323730e-03
   1.3700000000000000e+02   2.9138354584574699e-03
   1.3800000000000000e+02   2.9648174531757832e-03
   1.3900000000000000e+02   2.9965094290673733e-03
   1.4000000000000000e+02   3.0154509004205465e-03
   1.4100000000000000e+02   3.0245862435549498e-03
   1.4200000000000000e+02   3.0246577225625515e-03
   1.4300000000000000e+02   3.0146967619657516e-03
   1.4400000000000000e+02   2.9960575047880411e-03
   1.4500000000000000e+02   2.9779262840747833e-03
   1.4600000000000000e+02   2.9702049214392900e-03
   1.4700000000000000e+02   2.9698538128286600e-03
   1.4800000000000000e+02   2.9774955473840237e-03
   1.4900000000000000e+02   2.9891997110098600e-03
   1.5000000000000000e+02   2.9998682439327240e-03
   1.5100000000000000e+02   3.0022324062883854e-03
   1.5200000000000000e+02   2.9994333162903786e-03
   1.5300000000000000e+02   2.9933128971606493e-03
   1.5400000000000000e+02   2.9924162663519382e-03
   1.5500000000000000e+02   3.0038265977054834e-03
   1.5600000000000000e+02   3.0352210160344839e-03
   1.5700000000000000e+02   3.0910195782780647e-03
   1.5800000000000000e+02   3.1718758400529623e-03
   1.5900000000000000e+02   3.2689024228602648e-03
   1.6000000000000000e+02   3.3722124062478542e-03
   1.6100000000000000e+02   3.4736345987766981e-03
   1.6200000000000000e+02   3.5698569845408201e-03
   1.6300000000000000e+02   3.6552995443344116e-03
   1.6400000000000000e+02   3.7248069420456886e-03
   1.6500000000000000e+02   3.7724927533417940e-03
   1.6600000000000000e+02   3.7959727924317122e-03
   1.6700000000000000e+02   3.7949020043015480e-03
   1.6800000000000000e+02   3.7752869538962841e-03
   1.6900000000000000e+02   3.7420873995870352e-03
   1.7000000000000000e+02   3.7010721862316132e-03
   1.7100000000000000e+02   3.6553533282130957e-03
   1.7200000000000000e+02   3.6108938511461020e-03
   1.7300000000000000e+02   3.5689780488610268e-03
   1.7400000000000000e+02   3.5303877666592598e-03
   1.7500000000000000e+02   3.4890701062977314e-03
   1.7600000000000000e+02   3.4374466631561518e-03
   1.7700000000000000e+02   3.3715134486556053e-03
   1.7800000000000000e+02   3.2956495415419340e-03
   1.7900000000000000e+02   3.2199379056692123e-03
   1.8000000000000000e+02   3.1576440669596195e-03
   1.8100000000000000e+02   3.1153147574514151e-03
   1.8200000000000000e+02   3.0933439265936613e-03
   1.8300000000000000e+02   3.0846120789647102e-03
   1.8400000000000000e+02   3.0801086686551571e-03
   1.8500000000000000e+02   3.0745998956263065e-03
   1.8600000000000000e+02   3.0686259269714355e-03
   1.8700000000000000e+02   3.0629553366452456e-03
   1.8800000000000000e+02   3.0598484445363283e-03
   1.8900000000000000e+02   3.0582803301513195e-03
   1.9000000000000000e+02   3.0577380675822496e-03
   1.9100000000000000e+02   3.0572074465453625e-03
   1.9200000000000000e+02   3.0578835867345333e-03
   1.9300000000000000e+02   3.0571431852877140e-03
   1.9400000000000000e+02   3.0551373492926359e-03
   1.9500000000000000e+02   3.0485733877867460e-03
   1.9600000000000000e+02   3.0341586098074913e-03
   1.9700000000000000e+02   3.0062056612223387e-03
   1.9800000000000000e+02   2.9606972821056843e-03
   1.9900000000000000e+02   2.8983792290091515e-03
   2.0000000000000000e+02   2.8238154482096434e-03
   2.0100000000000000e+02   2.7410804759711027e-03
   2.0200000000000000e+02   2.6531014591455460e-03
   2.0300000000000000e+02   2.5622944813221693e-03
   2.0400000000000000e+02   2.4788049049675465e-03
   2.0500000000000000e+02   2.4100118316709995e-03
   2.0600000000000000e+02   2.3642519954591990e-03
   2.0700000000000000e+02   2.3387861438095570e-03
   2.0800000000000000e+02   2.3287034127861261e-03
   2.0900000000000000e+02   2.3244989570230246e-03
   2.1000000000000000e+02   2.3196828551590443e-03
   2.1100000000000000e+02   2.3124546278268099e-03
   2.1200000000000000e+02   2.3052301257848740e-03
   2.1300000000000000e+02   2.3002829402685165e-03
   2.1400000000000000e+02   2.2954891901463270e-03
   2.1500000000000000e+02   2.2831719834357500e-03
   2.1600000000000000e+02   2.2564153186976910e-03
   2.1700000000000000e+02   2.2080764174461365e-03
   2.1800000000000000e+02   2.1343673579394817e-03
   2.1900000000000000e+02   2.0319158211350441e-03
   2.2000000000000000e+02   1.9047404639422894e-03
   2.2100000000000000e+02   1.7592809163033962e-03
   2.2200000000000000e+02   1.6051810234785080e-03
   2.2300000000000000e+02   1.4511276967823505e-03
   2.2400000000000000e+02   1.3010776601731777e-03
   2.2500000000000000e+02   1.1557650286704302e-03
   2.2600000000000000e+02   1.0138347279280424e-03
   2.2700000000000000e+02   8.7591004557907581e-04
   2.2800000000000000e+02   7.4485474033281207e-04
   2.2900000000000000e+02   6.2494334997609258e-04
   2.3000000000000000e+02   5.2011932712048292e-04
   2.3100000000000000e+02   4.3068709783256054e-04
   2.3200000000000000e+02   3.5772196133621037e-04
   2.3300000000000000e+02   3.0037094256840646e-04
   2.3400000000000000e+02   2.5594086037017405e-04
   2.3500000000000000e+02   2.2267739404924214e-04
   2.3600000000000000e+02   1.9744868041016161e-04
   2.3700000000000000e+02   1.7780491907615215e-04
   2.3800000000000000e+02   1.6194411728065461e-04
   2.3900000000000000e+02   1.4894292689859867e-04
   2.4000000000000000e+02   1.3827733346261084e-04
   2.4100000000000000e+02   1.2995666475035250e-04
   2.4200000000000000e+02   1.2384518049657345e-04
   2.4300000000000000e+02   1.1962351709371433e-04
   2.4400000000000000e+02   1.1702426854753867e-04
   2.4500000000000000e+02   1.1554941011127084e-04
   2.4600000000000000e+02   1.1498690582811832e-04
   2.4700000000000000e+02   1.1503303539939225e-04
   2.4800000000000000e+02   1.1558795085875317e-04
   2.4900000000000000e+02   1.1659777374006808e-04
   2.5000000000000000e+02   1.1800669017247856e-04
   2.5100000000000000e+02   1.1968941544182599e-04
   2.5200000000000000e+02   1.2149033864261582e-04
   2.5300000000000000e+02   1.2318328663241118e-04
   2.5400000000000000e+02   1.2482295278459787e-04
   2.5500000000000000e+02   1.2672100274357945e-04
   2.5600000000000000e+02   1.2943879119120538e-04
   2.5700000000000000e+02   1.3325223699212074e-04
   2.5800000000000000e+02   1.3838763698004186e-04
   2.5900000000000000e+02   1.4481044490821660e-04
   2.6000000000000000e+02   1.5267096750903875e-04
   2.6100000000000000e+02   1.6273472283501178e-04
   2.6200000000000000e+02   1.7588742775842547e-04
   2.6300000000000000e+02   1.9362159946467727e-04
   2.6400000000000000e+02   2.1767441648989916e-04
   2.6500000000000000e+02   2.4921027943491936e-04
   2.6600000000000000e+02   2.8809875948354602e-04
   2.6700000000000000e+02   3.3339735819026828e-04
   2.6800000000000000e+02   3.8434434100054204e-04
   2.6900000000000000e+02   4.4088519643992186e-04
   2.7000000000000000e+02   5.0360290333628654e-04
   2.7100000000000000e+02   5.7268142700195312e-04
   2.7200000000000000e+02   6.4777431543916464e-04
   2.7300000000000000e+02   7.2848226409405470e-04
   2.7400000000000000e+02   8.1478123320266604e-04
   2.7500000000000000e+02   9.0813107090070844e-04
   2.7600000000000000e+02   1.0145484702661633e-03
   2.7700000000000000e+02   1.1380340438336134e-03
   2.7800000000000000e+02   1.2784472201019526e-03
   2.7900000000000000e+02   1.4300373150035739e-03
   2.8000000000000000e+02   1.5794212231412530e-03
   2.8100000000000000e+02   1.7118644900619984e-03
   2.8200000000000000e+02   1.8168161623179913e-03
   2.8300000000000000e+02   1.8901526927947998e-03
   2.8400000000000000e+02   1.9329536007717252e-03
   2.8500000000000000e+02   1.9494578009471297e-03
   2.8600000000000000e+02   1.9454067805781960e-03
   2.8700000000000000e+02   1.9249445758759975e-03
   2.8800000000000000e+02   1.8960607703775167e-03
   2.8900000000000000e+02   1.8640513299033046e-03
   2.9000000000000000e+02   1.8315890338271856e-03
   2.9100000000000000e+02   1.7948634922504425e-03
   2.9200000000000000e+02   1.7477626679465175e-03
   2.9300000000000000e+02   1.6838642768561840e-03
   2.9400000000000000e+02   1.6004230128601193e-03
   2.9500000000000000e+02   1.5052589587867260e-03
   2.9600000000000000e+02   1.4143155422061682e-03
   2.9700000000000000e+02   1.3377746799960732e-03
   2.9800000000000000e+02   1.2815854279324412e-03
   2.9900000000000000e+02   1.2435412500053644e-03
   3.0000000000000000e+02   1.2189096305519342e-03
