   1.0000000000000000e+00   3.9603260120202322e-06
   2.0000000000000000e+00   3.6933186038368149e-06
   3.0000000000000000e+00   4.0300174077856354e-06
   4.0000000000000000e+00   3.8636399040115066e-06
   5.0000000000000000e+00   3.5745199511438841e-06
   6.0000000000000000e+00   3.3628155051701469e-06
   7.0000000000000000e+00   3.6594281027646502e-06
   8.0000000000000000e+00   3.5574680623540189e-06
   9.0000000000000000e+00   3.5909806683775969e-06
   1.0000000000000000e+01   3.8187022255442571e-06
   1.1000000000000000e+01   3.8947805478528608e-06
   1.2000000000000000e+01   3.8532825783477165e-06
   1.3000000000000000e+01   3.2864968488865998e-06
   1.4000000000000000e+01   3.1754129850014579e-06
   1.5000000000000000e+01   3.6601761621568585e-06
   1.6000000000000000e+01   3.5636010125017492e-06
   1.7000000000000000e+01   3.6814401482843095e-06
   1.8000000000000000e+01   3.4933384540636325e-06
   1.9000000000000000e+01   3.4120844247809146e-06
   2.0000000000000000e+01   3.4377587780909380e-06
   2.1000000000000000e+01   3.4290553685423220e-06
   2.2000000000000000e+01   3.0040253022889374e-06
   2.3000000000000000e+01   2.9564166652562562e-06
   2.4000000000000000e+01   3.1952024528436596e-06
   2.5000000000000000e+01   3.1684437544754473e-06
   2.6000000000000000e+01   3.0807948405708885e-06
   2.7000000000000000e+01   2.8529163955681724e-06
   2.8000000000000000e+01   3.2036246011557523e-06
   2.9000000000000000e+01   3.0026324111531721e-06
   3.0000000000000000e+01   3.2932509839156410e-06
   3.1000000000000000e+01   2.9725329113716725e-06
   3.2000000000000000e+01   2.8412182473402936e-06
   3.3000000000000000e+01   2.7130815851705847e-06
   3.4000000000000000e+01   2.9515920232370263e-06
   3.5000000000000000e+01   4.3513264245120808e-06
   3.6000000000000000e+01   5.2317768677312415e-06
   3.7000000000000000e+01   5.2344494179124013e-06
   3.8000000000000000e+01   5.3077092161402106e-06
   3.9000000000000000e+01   5.2061554924875963e-06
   4.0000000000000000e+01   5.4678412197972648e-06
   4.1000000000000000e+01   5.5581649576197378e-06
   4.2000000000000000e+01   7.8572447819169611e-06
   4.3000000000000000e+01   8.5257179307518527e-06
   4.4000000000000000e+01   1.0484861377335619e-05
   4.5000000000000000e+01   1.0922670298896264e-05
   4.6000000000000000e+01   1.2723318832286168e-05
   4.7000000000000000e+01   1.8094684492098168e-05
   4.8000000000000000e+01   2.3476046408177353e-05
   4.9000000000000000e+01   2.7576297725318000e-05
   5.0000000000000000e+01   3.4461463656043634e-05
   5.1000000000000000e+01   4.3026429921155795e-05
   5.2000000000000000e+01   5.1559192797867581e-05
   5.3000000000000000e+01   6.6124608565587550e-05
   5.4000000000000000e+01   8.4791769040748477e-05
   5.5000000000000000e+01   1.0225540609098971e-04
   5.6000000000000000e+01   1.1772010475397110e-04
   5.7000000000000000e+01   1.3442939962260425e-04
   5.8000000000000000e+01   1.5079216973390430e-04
   5.9000000000000000e+01   1.6935571329668164e-04
   6.0000000000000000e+01   1.9274029182270169e-04
   6.1000000000000000e+01   2.1140729950275272e-04
   6.2000000000000000e+01   2.1958014986012131e-04
   6.3000000000000000e+01   2.2964306117501110e-04
   6.4000000000000000e+01   2.4320534430444241e-04
   6.5000000000000000e+01   2.4963996838778257e-04
   6.6000000000000000e+01   2.5318376719951630e-04
   6.7000000000000000e+01   2.5863069458864629e-04
   6.8000000000000000e+01   2.6134823565371335e-04
   6.9000000000000000e+01   2.6211814838461578e-04
   7.0000000000000000e+01   2.6036152848973870e-04
   7.1000000000000000e+01   2.5659389211796224e-04
   7.2000000000000000e+01   2.5467385421507061e-04
   7.3000000000000000e+01   2.5578925851732492e-04
   7.4000000000000000e+01   2.5272660423070192e-04
   7.5000000000000000e+01   2.4309397849719971e-04
   7.6000000000000000e+01   2.3740579490549862e-04
   7.7000000000000000e+01   2.3985395091585815e-04
   7.8000000000000000e+01   2.4238863261416554e-04
   7.9000000000000000e+01   2.3780031187925488e-04
   8.0000000000000000e+01   2.3981212871149182e-04
   8.1000000000000000e+01   2.4329619191121310e-04
   8.2000000000000000e+01   2.4244633095804602e-04
   8.3000000000000000e+01   2.4041693541221321e-04
   8.4000000000000000e+01   2.3555345251224935e-04
   8.5000000000000000e+01   2.3112383496481925e-04
   8.6000000000000000e+01   2.4018940166570246e-04
   8.7000000000000000e+01   2.3700216843280941e-04
   8.8000000000000000e+01   2.3317970044445246e-04
   8.9000000000000000e+01   2.2758505656383932e-04
   9.0000000000000000e+01   2.2503992659039795e-04
   9.1000000000000000e+01   2.2284589067567140e-04
   9.2000000000000000e+01   2.2254847863223404e-04
   9.3000000000000000e+01   2.2000163153279573e-04
   9.4000000000000000e+01   2.1965631458442658e-04
   9.5000000000000000e+01   2.1679776546079665e-04
   9.6000000000000000e+01   2.1648430265486240e-04
   9.7000000000000000e+01   2.1641858620569110e-04
   9.8000000000000000e+01   2.1466489124577492e-04
   9.9000000000000000e+01   2.1362365805543959e-04
   1.0000000000000000e+02   2.1581075270660222e-04
   1.0100000000000000e+02   2.0626476907636970e-04
   1.0200000000000000e+02   2.0538613898679614e-04
   1.0300000000000000e+02   2.0437136117834598e-04
   1.0400000000000000e+02   2.0720780594274402e-04
   1.0500000000000000e+02   2.0788722031284124e-04
   1.0600000000000000e+02   2.0870720618404448e-04
   1.0700000000000000e+02   2.0652123203035444e-04
   1.0800000000000000e+02   2.0309785031713545e-04
   1.0900000000000000e+02   2.0438525825738907e-04
   1.1000000000000000e+02   2.0390652935020626e-04
   1.1100000000000000e+02   2.0306538499426097e-04
   1.1200000000000000e+02   2.0365053205750883e-04
   1.1300000000000000e+02   2.0526630396489054e-04
   1.1400000000000000e+02   2.0603249140549451e-04
   1.1500000000000000e+02   2.0973548816982657e-04
   1.1600000000000000e+02   2.1414250659290701e-04
   1.1700000000000000e+02   2.1762021060567349e-04
   1.1800000000000000e+02   2.2317099501378834e-04
   1.1900000000000000e+02   2.2676931985188276e-04
   1.2000000000000000e+02   2.3577283718623221e-04
   1.2100000000000000e+02   2.4204900546465069e-04
   1.2200000000000000e+02   2.5084128719754517e-04
   1.2300000000000000e+02   2.6195289683528244e-04
   1.2400000000000000e+02   2.7143134502694011e-04
   1.2500000000000000e+02   2.8075542650185525e-04
   1.2600000000000000e+02   2.9659093706868589e-04
   1.2700000000000000e+02   3.1395524274557829e-04
   1.2800000000000000e+02   3.3911809441633523e-04
   1.2900000000000000e+02   3.7261022953316569e-04
   1.3000000000000000e+02   4.0724224527366459e-04
   1.3100000000000000e+02   4.4935068581253290e-04
   1.3200000000000000e+02   5.0934660248458385e-04
   1.3300000000000000e+02   5.7266734074801207e-04
   1.3400000000000000e+02   6.4887379994615912e-04
   1.3500000000000000e+02   7.2480714879930019e-04
   1.3600000000000000e+02   8.2316709449514747e-04
   1.3700000000000000e+02   9.3059014761820436e-04
   1.3800000000000000e+02   1.0557490168139338e-03
   1.3900000000000000e+02   1.2188503751531243e-03
   1.4000000000000000e+02   1.3884899672120810e-03
   1.4100000000000000e+02   1.5945915365591645e-03
   1.4200000000000000e+02   1.8163848435506225e-03
   1.4300000000000000e+02   2.0659635774791241e-03
   1.4400000000000000e+02   2.3335549049079418e-03
   1.4500000000000000e+02   2.6375006418675184e-03
   1.4600000000000000e+02   2.9736715368926525e-03
   1.4700000000000000e+02   3.3279291819781065e-03
   1.4800000000000000e+02   3.7084098439663649e-03
   1.4900000000000000e+02   4.1391095146536827e-03
   1.5000000000000000e+02   4.6029677614569664e-03
   1.5100000000000000e+02   5.0881146453320980e-03
   1.5200000000000000e+02   5.6022792123258114e-03
   1.5300000000000000e+02   6.1588361859321594e-03
   1.5400000000000000e+02   6.6760871559381485e-03
   1.5500000000000000e+02   7.3089418001472950e-03
   1.5600000000000000e+02   7.9506570473313332e-03
   1.5700000000000000e+02   8.5820946842432022e-03
   1.5800000000000000e+02   9.2806005850434303e-03
   1.5900000000000000e+02   9.9769728258252144e-03
   1.6000000000000000e+02   1.0705215856432915e-02
   1.6100000000000000e+02   1.1414534412324429e-02
   1.6200000000000000e+02   1.2141711078584194e-02
   1.6300000000000000e+02   1.2965668924152851e-02
   1.6400000000000000e+02   1.3811210170388222e-02
   1.6500000000000000e+02   1.4665571972727776e-02
   1.6600000000000000e+02   1.5544310212135315e-02
   1.6700000000000000e+02   1.6449699178338051e-02
   1.6800000000000000e+02   1.7275614663958549e-02
   1.6900000000000000e+02   1.8250036984682083e-02
   1.7000000000000000e+02   1.9109886139631271e-02
   1.7100000000000000e+02   1.9987119361758232e-02
   1.7200000000000000e+02   2.0941460505127907e-02
   1.7300000000000000e+02   2.1937545388936996e-02
   1.7400000000000000e+02   2.2930122911930084e-02
   1.7500000000000000e+02   2.3930037394165993e-02
   1.7600000000000000e+02   2.4957863613963127e-02
   1.7700000000000000e+02   2.5922745466232300e-02
   1.7800000000000000e+02   2.6868088170886040e-02
   1.7900000000000000e+02   2.7752038091421127e-02
   1.8000000000000000e+02   2.8858369216322899e-02
   1.8100000000000000e+02   2.9815010726451874e-02
   1.8200000000000000e+02   3.0764289200305939e-02
   1.8300000000000000e+02   3.1889133155345917e-02
   1.8400000000000000e+02   3.2837919890880585e-02
   1.8500000000000000e+02   3.3888835459947586e-02
   1.8600000000000000e+02   3.4996926784515381e-02
   1.8700000000000000e+02   3.5904128104448318e-02
   1.8800000000000000e+02   3.6787379533052444e-02
   1.8900000000000000e+02   3.7677645683288574e-02
   1.9000000000000000e+02   3.8508642464876175e-02
   1.9100000000000000e+02   3.9421871304512024e-02
   1.9200000000000000e+02   4.0540292859077454e-02
   1.9300000000000000e+02   4.1489493101835251e-02
   1.9400000000000000e+02   4.2415041476488113e-02
   1.9500000000000000e+02   4.3202776461839676e-02
   1.9600000000000000e+02   4.4076513499021530e-02
   1.9700000000000000e+02   4.4785227626562119e-02
   1.9800000000000000e+02   4.5551165938377380e-02
   1.9900000000000000e+02   4.6420764178037643e-02
   2.0000000000000000e+02   4.7137193381786346e-02
   2.0100000000000000e+02   4.7808226197957993e-02
   2.0200000000000000e+02   4.8548579216003418e-02
   2.0300000000000000e+02   4.9187496304512024e-02
   2.0400000000000000e+02   4.9909155815839767e-02
   2.0500000000000000e+02   5.0635404884815216e-02
   2.0600000000000000e+02   5.1121409982442856e-02
   2.0700000000000000e+02   5.1333557814359665e-02
   2.0800000000000000e+02   5.1791127771139145e-02
   2.0900000000000000e+02   5.2217386662960052e-02
   2.1000000000000000e+02   5.2471876144409180e-02
   2.1100000000000000e+02   5.2738703787326813e-02
   2.1200000000000000e+02   5.3365360945463181e-02
   2.1300000000000000e+02   5.3690757602453232e-02
   2.1400000000000000e+02   5.3894080221652985e-02
   2.1500000000000000e+02   5.4103769361972809e-02
   2.1600000000000000e+02   5.4181121289730072e-02
   2.1700000000000000e+02   5.4443139582872391e-02
   2.1800000000000000e+02   5.4635789245367050e-02
   2.1900000000000000e+02   5.4770365357398987e-02
   2.2000000000000000e+02   5.4848566651344299e-02
   2.2100000000000000e+02   5.5151771754026413e-02
   2.2200000000000000e+02   5.5364575237035751e-02
   2.2300000000000000e+02   5.5586162954568863e-02
   2.2400000000000000e+02   5.5709283798933029e-02
   2.2500000000000000e+02   5.5985577404499054e-02
   2.2600000000000000e+02   5.6073501706123352e-02
   2.2700000000000000e+02   5.5964659899473190e-02
   2.2800000000000000e+02   5.5780813097953796e-02
   2.2900000000000000e+02   5.5736217647790909e-02
   2.3000000000000000e+02   5.5867973715066910e-02
   2.3100000000000000e+02   5.6031417101621628e-02
   2.3200000000000000e+02   5.5903714150190353e-02
   2.3300000000000000e+02   5.5893480777740479e-02
   2.3400000000000000e+02   5.5872645229101181e-02
   2.3500000000000000e+02   5.5757537484169006e-02
   2.3600000000000000e+02   5.5547807365655899e-02
   2.3700000000000000e+02   5.5490136146545410e-02
   2.3800000000000000e+02   5.5193319916725159e-02
   2.3900000000000000e+02   5.5041030049324036e-02
   2.4000000000000000e+02   5.4871484637260437e-02
   2.4100000000000000e+02   5.4855242371559143e-02
   2.4200000000000000e+02   5.4813124239444733e-02
   2.4300000000000000e+02   5.4934684187173843e-02
   2.4400000000000000e+02   5.4851870983839035e-02
   2.4500000000000000e+02   5.4691664874553680e-02
   2.4600000000000000e+02   5.4457381367683411e-02
   2.4700000000000000e+02   5.4408844560384750e-02
   2.4800000000000000e+02   5.4275315254926682e-02
   2.4900000000000000e+02   5.3956616669893265e-02
   2.5000000000000000e+02   5.3774554282426834e-02
   2.5100000000000000e+02   5.3612437099218369e-02
   2.5200000000000000e+02   5.3495857864618301e-02
   2.5300000000000000e+02   5.3456675261259079e-02
   2.5400000000000000e+02   5.3338333964347839e-02
   2.5500000000000000e+02   5.3200960159301758e-02
   2.5600000000000000e+02   5.3097009658813477e-02
   2.5700000000000000e+02   5.2805732935667038e-02
   2.5800000000000000e+02   5.2584085613489151e-02
   2.5900000000000000e+02   5.2362319082021713e-02
   2.6000000000000000e+02   5.2036661654710770e-02
   2.6100000000000000e+02   5.1773067563772202e-02
   2.6200000000000000e+02   5.1530752331018448e-02
   2.6300000000000000e+02   5.1200613379478455e-02
   2.6400000000000000e+02   5.1018994301557541e-02
   2.6500000000000000e+02   5.0902239978313446e-02
   2.6600000000000000e+02   5.0647381693124771e-02
   2.6700000000000000e+02   5.0286874175071716e-02
   2.6800000000000000e+02   4.9918320029973984e-02
   2.6900000000000000e+02   4.9713566899299622e-02
   2.7000000000000000e+02   4.9410514533519745e-02
   2.7100000000000000e+02   4.9103010445833206e-02
   2.7200000000000000e+02   4.8797685652971268e-02
   2.7300000000000000e+02   4.8411894589662552e-02
   2.7400000000000000e+02   4.8204533755779266e-02
   2.7500000000000000e+02   4.7938290983438492e-02
   2.7600000000000000e+02   4.7707233577966690e-02
   2.7700000000000000e+02   4.7334808856248856e-02
   2.7800000000000000e+02   4.7022506594657898e-02
   2.7900000000000000e+02   4.6883448958396912e-02
   2.8000000000000000e+02   4.6506557613611221e-02
   2.8100000000000000e+02   4.6287648379802704e-02
   2.8200000000000000e+02   4.6115536242723465e-02
   2.8300000000000000e+02   4.5883398503065109e-02
   2.8400000000000000e+02   4.5435573905706406e-02
   2.8500000000000000e+02   4.5107796788215637e-02
   2.8600000000000000e+02   4.4772520661354065e-02
   2.8700000000000000e+02   4.4519800692796707e-02
   2.8800000000000000e+02   4.4314492493867874e-02
   2.8900000000000000e+02   4.4071961194276810e-02
   2.9000000000000000e+02   4.3817732483148575e-02
   2.9100000000000000e+02   4.3648459017276764e-02
   2.9200000000000000e+02   4.3402053415775299e-02
   2.9300000000000000e+02   4.3242089450359344e-02
   2.9400000000000000e+02   4.3019194155931473e-02
   2.9500000000000000e+02   4.2948715388774872e-02
   2.9600000000000000e+02   4.2792703956365585e-02
   2.9700000000000000e+02   4.2647346854209900e-02
   2.9800000000000000e+02   4.2526070028543472e-02
   2.9900000000000000e+02   4.2573723942041397e-02
   3.0000000000000000e+02   4.2451545596122742e-02
