   1.0000000000000000e+00   3.1272951513528824e-02
   2.0000000000000000e+00   3.1232761219143867e-02
   3.0000000000000000e+00   3.1288873404264450e-02
   4.0000000000000000e+00   3.1347613781690598e-02
   5.0000000000000000e+00   3.1459268182516098e-02
   6.0000000000000000e+00   3.1279429793357849e-02
   7.0000000000000000e+00   3.1170142814517021e-02
   8.0000000000000000e+00   3.1071377918124199e-02
   9.0000000000000000e+00   3.1107550486922264e-02
   1.0000000000000000e+01   3.1106611713767052e-02
   1.1000000000000000e+01   3.1087543815374374e-02
   1.2000000000000000e+01   3.1161626800894737e-02
   1.3000000000000000e+01   3.1069898977875710e-02
   1.4000000000000000e+01   3.0960854142904282e-02
   1.5000000000000000e+01   3.1061930581927299e-02
   1.6000000000000000e+01   3.0984271317720413e-02
   1.7000000000000000e+01   3.1080471351742744e-02
   1.8000000000000000e+01   3.0720515176653862e-02
   1.9000000000000000e+01   3.0706461519002914e-02
   2.0000000000000000e+01   3.0545653775334358e-02
   2.1000000000000000e+01   3.0712733045220375e-02
   2.2000000000000000e+01   3.0640374869108200e-02
   2.3000000000000000e+01   3.0586691573262215e-02
   2.4000000000000000e+01   3.0688369646668434e-02
   2.5000000000000000e+01   3.0788062140345573e-02
   2.6000000000000000e+01   3.0698677524924278e-02
   2.7000000000000000e+01   3.0708307400345802e-02
   2.8000000000000000e+01   3.0717436224222183e-02
   2.9000000000000000e+01   3.0620245262980461e-02
   3.0000000000000000e+01   3.0615841969847679e-02
   3.1000000000000000e+01   3.0698182061314583e-02
   3.2000000000000000e+01   3.0453177168965340e-02
   3.3000000000000000e+01   3.0657049268484116e-02
   3.4000000000000000e+01   3.0540475621819496e-02
   3.5000000000000000e+01   3.0586285516619682e-02
   3.6000000000000000e+01   3.0362492427229881e-02
   3.7000000000000000e+01   3.0524818226695061e-02
   3.8000000000000000e+01   3.0411301180720329e-02
   3.9000000000000000e+01   3.0314750969409943e-02
   4.0000000000000000e+01   2.9993705451488495e-02
   4.1000000000000000e+01   2.9930736869573593e-02
   4.2000000000000000e+01   2.9815834015607834e-02
   4.3000000000000000e+01   2.9865985736250877e-02
   4.4000000000000000e+01   2.9757278040051460e-02
   4.5000000000000000e+01   2.9541505500674248e-02
   4.6000000000000000e+01   2.9367592185735703e-02
   4.7000000000000000e+01   2.9377825558185577e-02
   4.8000000000000000e+01   2.8966188430786133e-02
   4.9000000000000000e+01   2.9026586562395096e-02
   5.0000000000000000e+01   2.8887843713164330e-02
   5.1000000000000000e+01   2.8821859508752823e-02
   5.2000000000000000e+01   2.8658527880907059e-02
   5.3000000000000000e+01   2.8501832857728004e-02
   5.4000000000000000e+01   2.8426330536603928e-02
   5.5000000000000000e+01   2.8482435271143913e-02
   5.6000000000000000e+01   2.8625424951314926e-02
   5.7000000000000000e+01   2.8566097840666771e-02
   5.8000000000000000e+01   2.8419543057680130e-02
   5.9000000000000000e+01   2.8297509998083115e-02
   6.0000000000000000e+01   2.8298543766140938e-02
   6.1000000000000000e+01   2.8442867100238800e-02
   6.2000000000000000e+01   2.8322834521532059e-02
   6.3000000000000000e+01   2.8433350846171379e-02
   6.4000000000000000e+01   2.8298072516918182e-02
   6.5000000000000000e+01   2.8340402990579605e-02
   6.6000000000000000e+01   2.8334949165582657e-02
   6.7000000000000000e+01   2.8117088600993156e-02
   6.8000000000000000e+01   2.8353713452816010e-02
   6.9000000000000000e+01   2.8374491259455681e-02
   7.0000000000000000e+01   2.8291026130318642e-02
   7.1000000000000000e+01   2.8295436874032021e-02
   7.2000000000000000e+01   2.8071248903870583e-02
   7.3000000000000000e+01   2.7942549437284470e-02
   7.4000000000000000e+01   2.7957530692219734e-02
   7.5000000000000000e+01   2.7887873351573944e-02
   7.6000000000000000e+01   2.7718732133507729e-02
   7.7000000000000000e+01   2.7708269655704498e-02
   7.8000000000000000e+01   2.7773089706897736e-02
   7.9000000000000000e+01   2.7853442355990410e-02
   8.0000000000000000e+01   2.7673328295350075e-02
   8.1000000000000000e+01   2.7706202119588852e-02
   8.2000000000000000e+01   2.7972334995865822e-02
   8.3000000000000000e+01   2.7818121016025543e-02
   8.4000000000000000e+01   2.7635712176561356e-02
   8.5000000000000000e+01   2.7658304199576378e-02
   8.6000000000000000e+01   2.7560884132981300e-02
   8.7000000000000000e+01   2.7851663529872894e-02
   8.8000000000000000e+01   2.7721161022782326e-02
   8.9000000000000000e+01   2.7723155915737152e-02
   9.0000000000000000e+01   2.7731698006391525e-02
   9.1000000000000000e+01   2.7574788779020309e-02
   9.2000000000000000e+01   2.7597056701779366e-02
   9.3000000000000000e+01   2.7568547055125237e-02
   9.4000000000000000e+01   2.7489664033055305e-02
   9.5000000000000000e+01   2.7406692504882812e-02
   9.6000000000000000e+01   2.7302043512463570e-02
   9.7000000000000000e+01   2.7066675946116447e-02
   9.8000000000000000e+01   2.7026504278182983e-02
   9.9000000000000000e+01   2.7081931009888649e-02
   1.0000000000000000e+02   2.6929728686809540e-02
   1.0100000000000000e+02   2.6659136638045311e-02
   1.0200000000000000e+02   2.6333281770348549e-02
   1.0300000000000000e+02   2.6391165331006050e-02
   1.0400000000000000e+02   2.6243876665830612e-02
   1.0500000000000000e+02   2.6424231007695198e-02
   1.0600000000000000e+02   2.6309432461857796e-02
   1.0700000000000000e+02   2.5986338034272194e-02
   1.0800000000000000e+02   2.5833677500486374e-02
   1.0900000000000000e+02   2.5665717199444771e-02
   1.1000000000000000e+02   2.5759819895029068e-02
   1.1100000000000000e+02   2.5550570338964462e-02
   1.1200000000000000e+02   2.5434758514165878e-02
   1.1300000000000000e+02   2.5244439020752907e-02
   1.1400000000000000e+02   2.5053253397345543e-02
   1.1500000000000000e+02   2.5171270594000816e-02
   1.1600000000000000e+02   2.5241496041417122e-02
   1.1700000000000000e+02   2.5097731500864029e-02
   1.1800000000000000e+02   2.5130830705165863e-02
   1.1900000000000000e+02   2.5011576712131500e-02
   1.2000000000000000e+02   2.4693915620446205e-02
   1.2100000000000000e+02   2.4687670171260834e-02
   1.2200000000000000e+02   2.4744896218180656e-02
   1.2300000000000000e+02   2.4563567712903023e-02
   1.2400000000000000e+02   2.4344218894839287e-02
   1.2500000000000000e+02   2.4206181988120079e-02
   1.2600000000000000e+02   2.4285946041345596e-02
   1.2700000000000000e+02   2.4247445166110992e-02
   1.2800000000000000e+02   2.4240016937255859e-02
   1.2900000000000000e+02   2.4223612621426582e-02
   1.3000000000000000e+02   2.3918921127915382e-02
   1.3100000000000000e+02   2.3773120716214180e-02
   1.3200000000000000e+02   5.7651430368423462e-02
   1.3300000000000000e+02   5.7169821113348007e-02
   1.3400000000000000e+02   5.8197129517793655e-02
   1.3500000000000000e+02   5.7803258299827576e-02
   1.3600000000000000e+02   5.7292759418487549e-02
   1.3700000000000000e+02   5.6582275778055191e-02
   1.3800000000000000e+02   5.7265274226665497e-02
   1.3900000000000000e+02   5.7296816259622574e-02
   1.4000000000000000e+02   5.7748567312955856e-02
   1.4100000000000000e+02   5.8764789253473282e-02
   1.4200000000000000e+02   5.9424463659524918e-02
   1.4300000000000000e+02   5.9179980307817459e-02
   1.4400000000000000e+02   5.8008268475532532e-02
   1.4500000000000000e+02   5.7887077331542969e-02
   1.4600000000000000e+02   5.9394098818302155e-02
   1.4700000000000000e+02   5.9504069387912750e-02
   1.4800000000000000e+02   5.9891596436500549e-02
   1.4900000000000000e+02   5.9919718652963638e-02
   1.5000000000000000e+02   5.9979207813739777e-02
   1.5100000000000000e+02   5.9671573340892792e-02
   1.5200000000000000e+02   5.9952862560749054e-02
   1.5300000000000000e+02   5.9140466153621674e-02
   1.5400000000000000e+02   5.9081774204969406e-02
   1.5500000000000000e+02   5.9394851326942444e-02
   1.5600000000000000e+02   5.9664703905582428e-02
   1.5700000000000000e+02   5.8587625622749329e-02
   1.5800000000000000e+02   5.7739019393920898e-02
   1.5900000000000000e+02   5.8525744825601578e-02
   1.6000000000000000e+02   5.7718180119991302e-02
   1.6100000000000000e+02   5.7146705687046051e-02
   1.6200000000000000e+02   5.6219056248664856e-02
   1.6300000000000000e+02   5.5372830480337143e-02
   1.6400000000000000e+02   5.4050587117671967e-02
   1.6500000000000000e+02   5.4022174328565598e-02
   1.6600000000000000e+02   5.5269777774810791e-02
   1.6700000000000000e+02   5.5394120514392853e-02
   1.6800000000000000e+02   5.4830703884363174e-02
   1.6900000000000000e+02   5.4377827793359756e-02
   1.7000000000000000e+02   5.3106024861335754e-02
   1.7100000000000000e+02   5.2232723683118820e-02
   1.7200000000000000e+02   5.1972966641187668e-02
   1.7300000000000000e+02   5.2628841251134872e-02
   1.7400000000000000e+02   5.2772354334592819e-02
   1.7500000000000000e+02   5.3484510630369186e-02
   1.7600000000000000e+02   5.2482578903436661e-02
   1.7700000000000000e+02   5.2410785108804703e-02
   1.7800000000000000e+02   5.3505204617977142e-02
   1.7900000000000000e+02   5.4198272526264191e-02
   1.8000000000000000e+02   5.4486025124788284e-02
   1.8100000000000000e+02   5.3846303373575211e-02
   1.8200000000000000e+02   5.4102182388305664e-02
   1.8300000000000000e+02   5.4421961307525635e-02
   1.8400000000000000e+02   5.4716944694519043e-02
   1.8500000000000000e+02   5.5882323533296585e-02
   1.8600000000000000e+02   5.6200623512268066e-02
   1.8700000000000000e+02   5.6860756129026413e-02
   1.8800000000000000e+02   5.6605633348226547e-02
   1.8900000000000000e+02   5.5900704115629196e-02
   1.9000000000000000e+02   5.5348876863718033e-02
   1.9100000000000000e+02   5.5769197642803192e-02
   1.9200000000000000e+02   5.5878710001707077e-02
   1.9300000000000000e+02   5.5173076689243317e-02
   1.9400000000000000e+02   5.4751854389905930e-02
   1.9500000000000000e+02   5.4395504295825958e-02
   1.9600000000000000e+02   5.4132960736751556e-02
   1.9700000000000000e+02   5.3467068821191788e-02
   1.9800000000000000e+02   5.3579408675432205e-02
   1.9900000000000000e+02   5.3225822746753693e-02
   2.0000000000000000e+02   5.2871838212013245e-02
   2.0100000000000000e+02   5.2181180566549301e-02
   2.0200000000000000e+02   5.1424704492092133e-02
   2.0300000000000000e+02   5.0865285098552704e-02
   2.0400000000000000e+02   5.1009204238653183e-02
   2.0500000000000000e+02   5.0512347370386124e-02
   2.0600000000000000e+02   4.9988996237516403e-02
   2.0700000000000000e+02   4.9206010997295380e-02
   2.0800000000000000e+02   4.8676840960979462e-02
   2.0900000000000000e+02   4.7998365014791489e-02
   2.1000000000000000e+02   4.7310959547758102e-02
   2.1100000000000000e+02   4.6584062278270721e-02
   2.1200000000000000e+02   4.6271406114101410e-02
   2.1300000000000000e+02   4.5191194862127304e-02
   2.1400000000000000e+02   4.4456623494625092e-02
   2.1500000000000000e+02   4.3266642838716507e-02
   2.1600000000000000e+02   4.2636100202798843e-02
   2.1700000000000000e+02   4.2498096823692322e-02
   2.1800000000000000e+02   4.1725415736436844e-02
   2.1900000000000000e+02   4.0842790156602859e-02
   2.2000000000000000e+02   4.0097810328006744e-02
   2.2100000000000000e+02   3.9381608366966248e-02
   2.2200000000000000e+02   3.8857180625200272e-02
   2.2300000000000000e+02   3.8077283650636673e-02
   2.2400000000000000e+02   3.7381414324045181e-02
   2.2500000000000000e+02   3.6798648536205292e-02
   2.2600000000000000e+02   3.6178804934024811e-02
   2.2700000000000000e+02   3.5438098013401031e-02
   2.2800000000000000e+02   3.5062644630670547e-02
   2.2900000000000000e+02   3.4417551010847092e-02
   2.3000000000000000e+02   3.3881805837154388e-02
   2.3100000000000000e+02   3.3329993486404419e-02
   2.3200000000000000e+02   3.2256606966257095e-02
   2.3300000000000000e+02   3.1839698553085327e-02
   2.3400000000000000e+02   3.1297102570533752e-02
   2.3500000000000000e+02   3.0943239107728004e-02
   2.3600000000000000e+02   3.0417190864682198e-02
   2.3700000000000000e+02   3.0094480141997337e-02
   2.3800000000000000e+02   2.9757311567664146e-02
   2.3900000000000000e+02   2.9411634430289268e-02
   2.4000000000000000e+02   2.8828853741288185e-02
   2.4100000000000000e+02   2.8427001088857651e-02
   2.4200000000000000e+02   2.8054896742105484e-02
   2.4300000000000000e+02   2.7629040181636810e-02
   2.4400000000000000e+02   2.7508717030286789e-02
   2.4500000000000000e+02   2.7370546013116837e-02
   2.4600000000000000e+02   2.7111638337373734e-02
   2.4700000000000000e+02   2.6987491175532341e-02
   2.4800000000000000e+02   2.6733465492725372e-02
   2.4900000000000000e+02   2.6420151814818382e-02
   2.5000000000000000e+02   2.6089768856763840e-02
   2.5100000000000000e+02   2.5983072817325592e-02
   2.5200000000000000e+02   2.5630164891481400e-02
   2.5300000000000000e+02   2.5296617299318314e-02
   2.5400000000000000e+02   2.5082184001803398e-02
   2.5500000000000000e+02   2.4859143421053886e-02
   2.5600000000000000e+02   2.4782512336969376e-02
   2.5700000000000000e+02   2.4871565401554108e-02
   2.5800000000000000e+02   2.5059146806597710e-02
   2.5900000000000000e+02   2.4988861754536629e-02
   2.6000000000000000e+02   2.4920951575040817e-02
   2.6100000000000000e+02   2.5027627125382423e-02
   2.6200000000000000e+02   2.5158967822790146e-02
   2.6300000000000000e+02   2.5360519066452980e-02
   2.6400000000000000e+02   2.5544209405779839e-02
   2.6500000000000000e+02   2.5969618931412697e-02
   2.6600000000000000e+02   2.6040699332952499e-02
   2.6700000000000000e+02   2.6303360238671303e-02
   2.6800000000000000e+02   2.6774873957037926e-02
   2.6900000000000000e+02   2.7237685397267342e-02
   2.7000000000000000e+02   2.7623523026704788e-02
   2.7100000000000000e+02   2.7890115976333618e-02
   2.7200000000000000e+02   2.8203241527080536e-02
   2.7300000000000000e+02   2.8624223545193672e-02
   2.7400000000000000e+02   2.9213434085249901e-02
   2.7500000000000000e+02   2.9530707746744156e-02
   2.7600000000000000e+02   2.9829327017068863e-02
   2.7700000000000000e+02   3.0316330492496490e-02
   2.7800000000000000e+02   3.0441327020525932e-02
   2.7900000000000000e+02   3.0700959265232086e-02
   2.8000000000000000e+02   3.0725862830877304e-02
   2.8100000000000000e+02   3.1225863844156265e-02
   2.8200000000000000e+02   3.1502142548561096e-02
   2.8300000000000000e+02   3.1658191233873367e-02
   2.8400000000000000e+02   3.1838677823543549e-02
   2.8500000000000000e+02   3.2092876732349396e-02
   2.8600000000000000e+02   3.2314199954271317e-02
   2.8700000000000000e+02   3.2249841839075089e-02
   2.8800000000000000e+02   3.2261714339256287e-02
   2.8900000000000000e+02   3.1989011913537979e-02
   2.9000000000000000e+02   3.1964041292667389e-02
   2.9100000000000000e+02   3.2026018947362900e-02
   2.9200000000000000e+02   3.1920671463012695e-02
   2.9300000000000000e+02   3.2110173255205154e-02
   2.9400000000000000e+02   3.1901039183139801e-02
   2.9500000000000000e+02   3.1941298395395279e-02
   2.9600000000000000e+02   3.1603470444679260e-02
   2.9700000000000000e+02   3.1476583331823349e-02
   2.9800000000000000e+02   3.1420428305864334e-02
   2.9900000000000000e+02   3.1498413532972336e-02
   3.0000000000000000e+02   3.1322818249464035e-02
