   1.0000000000000000e+00   3.5250670043751597e-04
   2.0000000000000000e+00   3.5360644687898457e-04
   3.0000000000000000e+00   3.5492997267283499e-04
   4.0000000000000000e+00   3.5669357748702168e-04
   5.0000000000000000e+00   3.5938323708251119e-04
   6.0000000000000000e+00   3.6351082962937653e-04
   7.0000000000000000e+00   3.6963567254133523e-04
   8.0000000000000000e+00   3.7749306648038328e-04
   9.0000000000000000e+00   3.8663600571453571e-04
   1.0000000000000000e+01   3.9651530096307397e-04
   1.1000000000000000e+01   4.0633388562127948e-04
   1.2000000000000000e+01   4.1588710155338049e-04
   1.3000000000000000e+01   4.2543947347439826e-04
   1.4000000000000000e+01   4.3556882883422077e-04
   1.5000000000000000e+01   4.4634481309913099e-04
   1.6000000000000000e+01   4.5712821884080768e-04
   1.7000000000000000e+01   4.6699767699465156e-04
   1.8000000000000000e+01   4.7517733764834702e-04
   1.9000000000000000e+01   4.8154633259400725e-04
   2.0000000000000000e+01   4.8600367153994739e-04
   2.1000000000000000e+01   4.8906641313806176e-04
   2.2000000000000000e+01   4.9151718849316239e-04
   2.3000000000000000e+01   4.9406196922063828e-04
   2.4000000000000000e+01   4.9689924344420433e-04
   2.5000000000000000e+01   5.0005910452455282e-04
   2.6000000000000000e+01   5.0322193419560790e-04
   2.7000000000000000e+01   5.0626241136342287e-04
   2.8000000000000000e+01   5.0885009113699198e-04
   2.9000000000000000e+01   5.1059311954304576e-04
   3.0000000000000000e+01   5.1159306894987822e-04
   3.1000000000000000e+01   5.1287299720570445e-04
   3.2000000000000000e+01   5.1586423069238663e-04
   3.3000000000000000e+01   5.2217935444787145e-04
   3.4000000000000000e+01   5.3242465946823359e-04
   3.5000000000000000e+01   5.4631178500130773e-04
   3.6000000000000000e+01   5.6242820573970675e-04
   3.7000000000000000e+01   5.8028317289426923e-04
   3.8000000000000000e+01   6.0010928427800536e-04
   3.9000000000000000e+01   6.2419252935796976e-04
   4.0000000000000000e+01   6.5532786538824439e-04
   4.1000000000000000e+01   6.9701415486633778e-04
   4.2000000000000000e+01   7.5281359022483230e-04
   4.3000000000000000e+01   8.2680344348773360e-04
   4.4000000000000000e+01   9.2322978889569640e-04
   4.5000000000000000e+01   1.0475110029801726e-03
   4.6000000000000000e+01   1.2053963728249073e-03
   4.7000000000000000e+01   1.4033844927325845e-03
   4.8000000000000000e+01   1.6471798298880458e-03
   4.9000000000000000e+01   1.9435106078162789e-03
   5.0000000000000000e+01   2.2994501050561666e-03
   5.1000000000000000e+01   2.7227499522268772e-03
   5.2000000000000000e+01   3.2193830702453852e-03
   5.3000000000000000e+01   3.7939283065497875e-03
   5.4000000000000000e+01   4.4464026577770710e-03
   5.5000000000000000e+01   5.1741092465817928e-03
   5.6000000000000000e+01   5.9716789983212948e-03
   5.7000000000000000e+01   6.8354522809386253e-03
   5.8000000000000000e+01   7.7631934545934200e-03
   5.9000000000000000e+01   8.7526096031069756e-03
   6.0000000000000000e+01   9.7997607663273811e-03
   6.1000000000000000e+01   1.0899497196078300e-02
   6.2000000000000000e+01   1.2046140618622303e-02
   6.3000000000000000e+01   1.3236176222562790e-02
   6.4000000000000000e+01   1.4463628642261028e-02
   6.5000000000000000e+01   1.5723446384072304e-02
   6.6000000000000000e+01   1.7009494826197624e-02
   6.7000000000000000e+01   1.8317403271794319e-02
   6.8000000000000000e+01   1.9642231985926628e-02
   6.9000000000000000e+01   2.0980803295969963e-02
   7.0000000000000000e+01   2.2333839908242226e-02
   7.1000000000000000e+01   2.3705899715423584e-02
   7.2000000000000000e+01   2.5102829560637474e-02
   7.3000000000000000e+01   2.6526814326643944e-02
   7.4000000000000000e+01   2.7975214645266533e-02
   7.5000000000000000e+01   2.9444126412272453e-02
   7.6000000000000000e+01   3.0928386375308037e-02
   7.7000000000000000e+01   3.2422568649053574e-02
   7.8000000000000000e+01   3.3920690417289734e-02
   7.9000000000000000e+01   3.5419207066297531e-02
   8.0000000000000000e+01   3.6914315074682236e-02
   8.1000000000000000e+01   3.8408000022172928e-02
   8.2000000000000000e+01   3.9900604635477066e-02
   8.3000000000000000e+01   4.1393969208002090e-02
   8.4000000000000000e+01   4.2885575443506241e-02
   8.5000000000000000e+01   4.4367142021656036e-02
   8.6000000000000000e+01   4.5826200395822525e-02
   8.7000000000000000e+01   4.7249734401702881e-02
   8.8000000000000000e+01   4.8632539808750153e-02
   8.9000000000000000e+01   4.9976363778114319e-02
   9.0000000000000000e+01   5.1286891102790833e-02
   9.1000000000000000e+01   5.2567251026630402e-02
   9.2000000000000000e+01   5.3811449557542801e-02
   9.3000000000000000e+01   5.5014219135046005e-02
   9.4000000000000000e+01   5.6167639791965485e-02
   9.5000000000000000e+01   5.7267095893621445e-02
   9.6000000000000000e+01   5.8302033692598343e-02
   9.7000000000000000e+01   5.9266030788421631e-02
   9.8000000000000000e+01   6.0153242200613022e-02
   9.9000000000000000e+01   6.0962326824665070e-02
   1.0000000000000000e+02   6.1695784330368042e-02
   1.0100000000000000e+02   6.2357891350984573e-02
   1.0200000000000000e+02   6.2956489622592926e-02
   1.0300000000000000e+02   6.3495583832263947e-02
   1.0400000000000000e+02   6.3973136246204376e-02
   1.0500000000000000e+02   6.4386978745460510e-02
   1.0600000000000000e+02   6.4739905297756195e-02
   1.0700000000000000e+02   6.5043821930885315e-02
   1.0800000000000000e+02   6.5308459103107452e-02
   1.0900000000000000e+02   6.5543912351131439e-02
   1.1000000000000000e+02   6.5754868090152740e-02
   1.1100000000000000e+02   6.5947055816650391e-02
   1.1200000000000000e+02   6.6124916076660156e-02
   1.1300000000000000e+02   6.6293478012084961e-02
   1.1400000000000000e+02   6.6457495093345642e-02
   1.1500000000000000e+02   6.6624239087104797e-02
   1.1600000000000000e+02   6.6797360777854919e-02
   1.1700000000000000e+02   6.6972941160202026e-02
   1.1800000000000000e+02   6.7144058644771576e-02
   1.1900000000000000e+02   6.7302718758583069e-02
   1.2000000000000000e+02   6.7443445324897766e-02
   1.2100000000000000e+02   6.7567117512226105e-02
   1.2200000000000000e+02   6.7677445709705353e-02
   1.2300000000000000e+02   6.7778937518596649e-02
   1.2400000000000000e+02   6.7877806723117828e-02
   1.2500000000000000e+02   6.7986056208610535e-02
   1.2600000000000000e+02   6.8111993372440338e-02
   1.2700000000000000e+02   6.8259276449680328e-02
   1.2800000000000000e+02   6.8426638841629028e-02
   1.2900000000000000e+02   6.8613767623901367e-02
   1.3000000000000000e+02   6.8822182714939117e-02
   1.3100000000000000e+02   6.9057613611221313e-02
   1.3200000000000000e+02   6.9323658943176270e-02
   1.3300000000000000e+02   6.9623604416847229e-02
   1.3400000000000000e+02   6.9963969290256500e-02
   1.3500000000000000e+02   7.0347942411899567e-02
   1.3600000000000000e+02   7.0770777761936188e-02
   1.3700000000000000e+02   7.1226060390472412e-02
   1.3800000000000000e+02   7.1705281734466553e-02
   1.3900000000000000e+02   7.2197824716567993e-02
   1.4000000000000000e+02   7.2689205408096313e-02
   1.4100000000000000e+02   7.3168590664863586e-02
   1.4200000000000000e+02   7.3628917336463928e-02
   1.4300000000000000e+02   7.4066892266273499e-02
   1.4400000000000000e+02   7.4477538466453552e-02
   1.4500000000000000e+02   7.4857816100120544e-02
   1.4600000000000000e+02   7.5204893946647644e-02
   1.4700000000000000e+02   7.5522415339946747e-02
   1.4800000000000000e+02   7.5815923511981964e-02
   1.4900000000000000e+02   7.6091773808002472e-02
   1.5000000000000000e+02   7.6351553201675415e-02
   1.5100000000000000e+02   7.6591834425926208e-02
   1.5200000000000000e+02   7.6806947588920593e-02
   1.5300000000000000e+02   7.6990902423858643e-02
   1.5400000000000000e+02   7.7139578759670258e-02
   1.5500000000000000e+02   7.7250614762306213e-02
   1.5600000000000000e+02   7.7323064208030701e-02
   1.5700000000000000e+02   7.7362537384033203e-02
   1.5800000000000000e+02   7.7376961708068848e-02
   1.5900000000000000e+02   7.7378436923027039e-02
   1.6000000000000000e+02   7.7370055019855499e-02
   1.6100000000000000e+02   7.7350094914436340e-02
   1.6200000000000000e+02   7.7309332787990570e-02
   1.6300000000000000e+02   7.7236592769622803e-02
   1.6400000000000000e+02   7.7125273644924164e-02
   1.6500000000000000e+02   7.6978787779808044e-02
   1.6600000000000000e+02   7.6808579266071320e-02
   1.6700000000000000e+02   7.6625853776931763e-02
   1.6800000000000000e+02   7.6439224183559418e-02
   1.6900000000000000e+02   7.6255001127719879e-02
   1.7000000000000000e+02   7.6078616082668304e-02
   1.7100000000000000e+02   7.5920753180980682e-02
   1.7200000000000000e+02   7.5781472027301788e-02
   1.7300000000000000e+02   7.5656220316886902e-02
   1.7400000000000000e+02   7.5535483658313751e-02
   1.7500000000000000e+02   7.5411334633827209e-02
   1.7600000000000000e+02   7.5277864933013916e-02
   1.7700000000000000e+02   7.5131542980670929e-02
   1.7800000000000000e+02   7.4975676834583282e-02
   1.7900000000000000e+02   7.4811302125453949e-02
   1.8000000000000000e+02   7.4636206030845642e-02
   1.8100000000000000e+02   7.4448205530643463e-02
   1.8200000000000000e+02   7.4243932962417603e-02
   1.8300000000000000e+02   7.4029482901096344e-02
   1.8400000000000000e+02   7.3807947337627411e-02
   1.8500000000000000e+02   7.3578007519245148e-02
   1.8600000000000000e+02   7.3326379060745239e-02
   1.8700000000000000e+02   7.3045812547206879e-02
   1.8800000000000000e+02   7.2737149894237518e-02
   1.8900000000000000e+02   7.2408959269523621e-02
   1.9000000000000000e+02   7.2076000273227692e-02
   1.9100000000000000e+02   7.1749813854694366e-02
   1.9200000000000000e+02   7.1434140205383301e-02
   1.9300000000000000e+02   7.1124032139778137e-02
   1.9400000000000000e+02   7.0809572935104370e-02
   1.9500000000000000e+02   7.0486336946487427e-02
   1.9600000000000000e+02   7.0152647793292999e-02
   1.9700000000000000e+02   6.9816805422306061e-02
   1.9800000000000000e+02   6.9477044045925140e-02
   1.9900000000000000e+02   6.9133549928665161e-02
   2.0000000000000000e+02   6.8786367774009705e-02
   2.0100000000000000e+02   6.8440988659858704e-02
   2.0200000000000000e+02   6.8097218871116638e-02
   2.0300000000000000e+02   6.7750252783298492e-02
   2.0400000000000000e+02   6.7387878894805908e-02
   2.0500000000000000e+02   6.6993497312068939e-02
   2.0600000000000000e+02   6.6558152437210083e-02
   2.0700000000000000e+02   6.6089451313018799e-02
   2.0800000000000000e+02   6.5603435039520264e-02
   2.0900000000000000e+02   6.5125696361064911e-02
   2.1000000000000000e+02   6.4669869840145111e-02
   2.1100000000000000e+02   6.4233213663101196e-02
   2.1200000000000000e+02   6.3794992864131927e-02
   2.1300000000000000e+02   6.3337318599224091e-02
   2.1400000000000000e+02   6.2847957015037537e-02
   2.1500000000000000e+02   6.2328074127435684e-02
   2.1600000000000000e+02   6.1789449304342270e-02
   2.1700000000000000e+02   6.1246275901794434e-02
   2.1800000000000000e+02   6.0709748417139053e-02
   2.1900000000000000e+02   6.0188874602317810e-02
   2.2000000000000000e+02   5.9689491987228394e-02
   2.2100000000000000e+02   5.9212926775217056e-02
   2.2200000000000000e+02   5.8753747493028641e-02
   2.2300000000000000e+02   5.8302246034145355e-02
   2.2400000000000000e+02   5.7840447872877121e-02
   2.2500000000000000e+02   5.7355031371116638e-02
   2.2600000000000000e+02   5.6841846555471420e-02
   2.2700000000000000e+02   5.6313395500183105e-02
   2.2800000000000000e+02   5.5790387094020844e-02
   2.2900000000000000e+02   5.5289670825004578e-02
   2.3000000000000000e+02   5.4815690964460373e-02
   2.3100000000000000e+02   5.4356239736080170e-02
   2.3200000000000000e+02   5.3901407867670059e-02
   2.3300000000000000e+02   5.3443003445863724e-02
   2.3400000000000000e+02   5.2980676293373108e-02
   2.3500000000000000e+02   5.2520327270030975e-02
   2.3600000000000000e+02   5.2064862102270126e-02
   2.3700000000000000e+02   5.1616948097944260e-02
   2.3800000000000000e+02   5.1173925399780273e-02
   2.3900000000000000e+02   5.0736218690872192e-02
   2.4000000000000000e+02   5.0302825868129730e-02
   2.4100000000000000e+02   4.9877788871526718e-02
   2.4200000000000000e+02   4.9461692571640015e-02
   2.4300000000000000e+02   4.9047105014324188e-02
   2.4400000000000000e+02   4.8628494143486023e-02
   2.4500000000000000e+02   4.8202212899923325e-02
   2.4600000000000000e+02   4.7772571444511414e-02
   2.4700000000000000e+02   4.7344896942377090e-02
   2.4800000000000000e+02   4.6920344233512878e-02
   2.4900000000000000e+02   4.6497907489538193e-02
   2.5000000000000000e+02   4.6072188764810562e-02
   2.5100000000000000e+02   4.5645330101251602e-02
   2.5200000000000000e+02   4.5218318700790405e-02
   2.5300000000000000e+02   4.4797357171773911e-02
   2.5400000000000000e+02   4.4384986162185669e-02
   2.5500000000000000e+02   4.3979506939649582e-02
   2.5600000000000000e+02   4.3573755770921707e-02
   2.5700000000000000e+02   4.3160032480955124e-02
   2.5800000000000000e+02   4.2737297713756561e-02
   2.5900000000000000e+02   4.2308870702981949e-02
   2.6000000000000000e+02   4.1879728436470032e-02
   2.6100000000000000e+02   4.1452851146459579e-02
   2.6200000000000000e+02   4.1022203862667084e-02
   2.6300000000000000e+02   4.0587127208709717e-02
   2.6400000000000000e+02   4.0146075189113617e-02
   2.6500000000000000e+02   3.9701499044895172e-02
   2.6600000000000000e+02   3.9255615323781967e-02
   2.6700000000000000e+02   3.8808863610029221e-02
   2.6800000000000000e+02   3.8360293954610825e-02
   2.6900000000000000e+02   3.7913307547569275e-02
   2.7000000000000000e+02   3.7474039942026138e-02
   2.7100000000000000e+02   3.7050224840641022e-02
   2.7200000000000000e+02   3.6644093692302704e-02
   2.7300000000000000e+02   3.6254100501537323e-02
   2.7400000000000000e+02   3.5873770713806152e-02
   2.7500000000000000e+02   3.5497613251209259e-02
   2.7600000000000000e+02   3.5124424844980240e-02
   2.7700000000000000e+02   3.4758154302835464e-02
   2.7800000000000000e+02   3.4403920173645020e-02
   2.7900000000000000e+02   3.4063652157783508e-02
   2.8000000000000000e+02   3.3732187002897263e-02
   2.8100000000000000e+02   3.3403832465410233e-02
   2.8200000000000000e+02   3.3075168728828430e-02
   2.8300000000000000e+02   3.2745540142059326e-02
   2.8400000000000000e+02   3.2413944602012634e-02
   2.8500000000000000e+02   3.2084450125694275e-02
   2.8600000000000000e+02   3.1763620674610138e-02
   2.8700000000000000e+02   3.1455039978027344e-02
   2.8800000000000000e+02   3.1161213293671608e-02
   2.8900000000000000e+02   3.0883295461535454e-02
   2.9000000000000000e+02   3.0622353777289391e-02
   2.9100000000000000e+02   3.0378706753253937e-02
   2.9200000000000000e+02   3.0154246836900711e-02
   2.9300000000000000e+02   2.9949050396680832e-02
   2.9400000000000000e+02   2.9764778912067413e-02
   2.9500000000000000e+02   2.9603537172079086e-02
   2.9600000000000000e+02   2.9468251392245293e-02
   2.9700000000000000e+02   2.9357256367802620e-02
   2.9800000000000000e+02   2.9271373525261879e-02
   2.9900000000000000e+02   2.9209105297923088e-02
   3.0000000000000000e+02   2.9166411608457565e-02
