   1.0000000000000000e+00   3.9231126720551401e-05
   2.0000000000000000e+00   3.6817789805354550e-05
   3.0000000000000000e+00   3.9837181248003617e-05
   4.0000000000000000e+00   3.8272297388175502e-05
   5.0000000000000000e+00   3.5487177228787914e-05
   6.0000000000000000e+00   3.3339183573843911e-05
   7.0000000000000000e+00   3.5747412766795605e-05
   8.0000000000000000e+00   3.4753182262647897e-05
   9.0000000000000000e+00   3.5113258491037413e-05
   1.0000000000000000e+01   3.7284102290868759e-05
   1.1000000000000000e+01   3.8135585782583803e-05
   1.2000000000000000e+01   3.7142061046324670e-05
   1.3000000000000000e+01   3.2049531000666320e-05
   1.4000000000000000e+01   3.0508215786539949e-05
   1.5000000000000000e+01   3.5078574001090601e-05
   1.6000000000000000e+01   3.3753174648154527e-05
   1.7000000000000000e+01   3.4408913052175194e-05
   1.8000000000000000e+01   3.2686213671695441e-05
   1.9000000000000000e+01   3.1866751669440418e-05
   2.0000000000000000e+01   3.2046853448264301e-05
   2.1000000000000000e+01   3.2041090889833868e-05
   2.2000000000000000e+01   2.8359883799566887e-05
   2.3000000000000000e+01   2.7948535716859624e-05
   2.4000000000000000e+01   2.9767361411359161e-05
   2.5000000000000000e+01   2.9593880753964186e-05
   2.6000000000000000e+01   2.8470134566305205e-05
   2.7000000000000000e+01   2.6588593755150214e-05
   2.8000000000000000e+01   2.9600698326248676e-05
   2.9000000000000000e+01   2.7712578230421059e-05
   3.0000000000000000e+01   2.9595399610116147e-05
   3.1000000000000000e+01   2.6868669010582380e-05
   3.2000000000000000e+01   2.5935511075658724e-05
   3.3000000000000000e+01   2.4529195798095316e-05
   3.4000000000000000e+01   2.6423680537845939e-05
   3.5000000000000000e+01   3.8313042750814930e-05
   3.6000000000000000e+01   4.5350458094617352e-05
   3.7000000000000000e+01   4.5307675463845953e-05
   3.8000000000000000e+01   4.5796237827744335e-05
   3.9000000000000000e+01   4.4635882659349591e-05
   4.0000000000000000e+01   4.5852277253288776e-05
   4.1000000000000000e+01   4.6472581743728369e-05
   4.2000000000000000e+01   6.0560236306628212e-05
   4.3000000000000000e+01   6.4511499658692628e-05
   4.4000000000000000e+01   7.5676005508285016e-05
   4.5000000000000000e+01   7.4538249464239925e-05
   4.6000000000000000e+01   8.3025013736914843e-05
   4.7000000000000000e+01   1.0741539881564677e-04
   4.8000000000000000e+01   1.3085282989777625e-04
   4.9000000000000000e+01   1.4630149235017598e-04
   5.0000000000000000e+01   1.6291566134896129e-04
   5.1000000000000000e+01   1.8904333410318941e-04
   5.2000000000000000e+01   2.1098893193993717e-04
   5.3000000000000000e+01   2.5231449399143457e-04
   5.4000000000000000e+01   3.0365597922354937e-04
   5.5000000000000000e+01   3.4604690154083073e-04
   5.6000000000000000e+01   3.8513104664161801e-04
   5.7000000000000000e+01   4.2079002014361322e-04
   5.8000000000000000e+01   4.5231461990624666e-04
   5.9000000000000000e+01   4.8379047075286508e-04
   6.0000000000000000e+01   5.2978645544499159e-04
   6.1000000000000000e+01   5.6821765610948205e-04
   6.2000000000000000e+01   5.7515123626217246e-04
   6.3000000000000000e+01   5.8275792980566621e-04
   6.4000000000000000e+01   6.0418696375563741e-04
   6.5000000000000000e+01   6.0593115631490946e-04
   6.6000000000000000e+01   5.9868796961382031e-04
   6.7000000000000000e+01   6.0252787079662085e-04
   6.8000000000000000e+01   5.9059716295450926e-04
   6.9000000000000000e+01   5.7621608721092343e-04
   7.0000000000000000e+01   5.5831857025623322e-04
   7.1000000000000000e+01   5.3866201778873801e-04
   7.2000000000000000e+01   5.1763356896117330e-04
   7.3000000000000000e+01   5.1133695524185896e-04
   7.4000000000000000e+01   4.9455690896138549e-04
   7.5000000000000000e+01   4.6663350076414645e-04
   7.6000000000000000e+01   4.4224585872143507e-04
   7.7000000000000000e+01   4.3508756789378822e-04
   7.8000000000000000e+01   4.2847616714425385e-04
   7.9000000000000000e+01   4.0934406570158899e-04
   8.0000000000000000e+01   4.0337536484003067e-04
   8.1000000000000000e+01   4.0211473242379725e-04
   8.2000000000000000e+01   3.9338422357104719e-04
   8.3000000000000000e+01   3.8145846338011324e-04
   8.4000000000000000e+01   3.6069870111532509e-04
   8.5000000000000000e+01   3.4869127557612956e-04
   8.6000000000000000e+01   3.5451623261906207e-04
   8.7000000000000000e+01   3.4179596696048975e-04
   8.8000000000000000e+01   3.2859112252481282e-04
   8.9000000000000000e+01   3.1625604606233537e-04
   9.0000000000000000e+01   3.0709899147041142e-04
   9.1000000000000000e+01   2.9831187566742301e-04
   9.2000000000000000e+01   2.9096976504661143e-04
   9.3000000000000000e+01   2.8135936008766294e-04
   9.4000000000000000e+01   2.7643947396427393e-04
   9.5000000000000000e+01   2.6652432279661298e-04
   9.6000000000000000e+01   2.6082026306539774e-04
   9.7000000000000000e+01   2.5966338580474257e-04
   9.8000000000000000e+01   2.5494751753285527e-04
   9.9000000000000000e+01   2.5145677500404418e-04
   1.0000000000000000e+02   2.5079038459807634e-04
   1.0100000000000000e+02   2.3645642795599997e-04
   1.0200000000000000e+02   2.3261349997483194e-04
   1.0300000000000000e+02   2.2825058840680867e-04
   1.0400000000000000e+02   2.2935208107810467e-04
   1.0500000000000000e+02   2.2824465122539550e-04
   1.0600000000000000e+02   2.2956701286602765e-04
   1.0700000000000000e+02   2.2747454931959510e-04
   1.0800000000000000e+02   2.2401414753403515e-04
   1.0900000000000000e+02   2.2363902826327831e-04
   1.1000000000000000e+02   2.2329212515614927e-04
   1.1100000000000000e+02   2.1923700114712119e-04
   1.1200000000000000e+02   2.1726111299358308e-04
   1.1300000000000000e+02   2.2023561177775264e-04
   1.1400000000000000e+02   2.2253431961871684e-04
   1.1500000000000000e+02   2.2552552400156856e-04
   1.1600000000000000e+02   2.2947633988223970e-04
   1.1700000000000000e+02   2.3204249737318605e-04
   1.1800000000000000e+02   2.3760519979987293e-04
   1.1900000000000000e+02   2.4009036133065820e-04
   1.2000000000000000e+02   2.5052527780644596e-04
   1.2100000000000000e+02   2.5642200489528477e-04
   1.2200000000000000e+02   2.6118161622434855e-04
   1.2300000000000000e+02   2.7022470021620393e-04
   1.2400000000000000e+02   2.7732033049687743e-04
   1.2500000000000000e+02   2.8800588916055858e-04
   1.2600000000000000e+02   3.0786637216806412e-04
   1.2700000000000000e+02   3.2696741982363164e-04
   1.2800000000000000e+02   3.5201618447899818e-04
   1.2900000000000000e+02   3.8723932811990380e-04
   1.3000000000000000e+02   4.2620144085958600e-04
   1.3100000000000000e+02   4.7263081069104373e-04
   1.3200000000000000e+02   5.3789303638041019e-04
   1.3300000000000000e+02   6.0322316130623221e-04
   1.3400000000000000e+02   6.9311412516981363e-04
   1.3500000000000000e+02   7.7383860480040312e-04
   1.3600000000000000e+02   8.7232911027967930e-04
   1.3700000000000000e+02   9.9159672390669584e-04
   1.3800000000000000e+02   1.1260749306529760e-03
   1.3900000000000000e+02   1.2785034487023950e-03
   1.4000000000000000e+02   1.4394277241080999e-03
   1.4100000000000000e+02   1.6450497787445784e-03
   1.4200000000000000e+02   1.8739161314442754e-03
   1.4300000000000000e+02   2.1377755329012871e-03
   1.4400000000000000e+02   2.3915916681289673e-03
   1.4500000000000000e+02   2.6772522833198309e-03
   1.4600000000000000e+02   3.0590030364692211e-03
   1.4700000000000000e+02   3.4149801358580589e-03
   1.4800000000000000e+02   3.7773263175040483e-03
   1.4900000000000000e+02   4.1664964519441128e-03
   1.5000000000000000e+02   4.6278103254735470e-03
   1.5100000000000000e+02   5.0420900806784630e-03
   1.5200000000000000e+02   5.5468366481363773e-03
   1.5300000000000000e+02   6.0375574976205826e-03
   1.5400000000000000e+02   6.5308096818625927e-03
   1.5500000000000000e+02   7.0914058014750481e-03
   1.5600000000000000e+02   7.6925326138734818e-03
   1.5700000000000000e+02   8.2659395411610603e-03
   1.5800000000000000e+02   8.8207190856337547e-03
   1.5900000000000000e+02   9.4686467200517654e-03
   1.6000000000000000e+02   1.0166259482502937e-02
   1.6100000000000000e+02   1.0735821910202503e-02
   1.6200000000000000e+02   1.1354450136423111e-02
   1.6300000000000000e+02   1.2023583985865116e-02
   1.6400000000000000e+02   1.2677522376179695e-02
   1.6500000000000000e+02   1.3367448002099991e-02
   1.6600000000000000e+02   1.4134530909359455e-02
   1.6700000000000000e+02   1.4804613776504993e-02
   1.6800000000000000e+02   1.5558104962110519e-02
   1.6900000000000000e+02   1.6237802803516388e-02
   1.7000000000000000e+02   1.7018821090459824e-02
   1.7100000000000000e+02   1.7750067636370659e-02
   1.7200000000000000e+02   1.8578808754682541e-02
   1.7300000000000000e+02   1.9410043954849243e-02
   1.7400000000000000e+02   2.0159773528575897e-02
   1.7500000000000000e+02   2.0947838202118874e-02
   1.7600000000000000e+02   2.1778654307126999e-02
   1.7700000000000000e+02   2.2638320922851562e-02
   1.7800000000000000e+02   2.3516096174716949e-02
   1.7900000000000000e+02   2.4354709312319756e-02
   1.8000000000000000e+02   2.5292910635471344e-02
   1.8100000000000000e+02   2.6207191869616508e-02
   1.8200000000000000e+02   2.7229458093643188e-02
   1.8300000000000000e+02   2.8147574514150620e-02
   1.8400000000000000e+02   2.9308397322893143e-02
   1.8500000000000000e+02   3.0386624857783318e-02
   1.8600000000000000e+02   3.1360361725091934e-02
   1.8700000000000000e+02   3.2398417592048645e-02
   1.8800000000000000e+02   3.3540785312652588e-02
   1.8900000000000000e+02   3.4693848341703415e-02
   1.9000000000000000e+02   3.5821113735437393e-02
   1.9100000000000000e+02   3.6842994391918182e-02
   1.9200000000000000e+02   3.8096170872449875e-02
   1.9300000000000000e+02   3.9240498095750809e-02
   1.9400000000000000e+02   4.0470324456691742e-02
   1.9500000000000000e+02   4.1448883712291718e-02
   1.9600000000000000e+02   4.2626474052667618e-02
   1.9700000000000000e+02   4.3659050017595291e-02
   1.9800000000000000e+02   4.4802136719226837e-02
   1.9900000000000000e+02   4.5883074402809143e-02
   2.0000000000000000e+02   4.6890255063772202e-02
   2.0100000000000000e+02   4.7885466367006302e-02
   2.0200000000000000e+02   4.8899412155151367e-02
   2.0300000000000000e+02   4.9920629709959030e-02
   2.0400000000000000e+02   5.0875712186098099e-02
   2.0500000000000000e+02   5.1634121686220169e-02
   2.0600000000000000e+02   5.2655860781669617e-02
   2.0700000000000000e+02   5.3447898477315903e-02
   2.0800000000000000e+02   5.4187584668397903e-02
   2.0900000000000000e+02   5.5021513253450394e-02
   2.1000000000000000e+02   5.5750999599695206e-02
   2.1100000000000000e+02   5.6548755615949631e-02
   2.1200000000000000e+02   5.7391293346881866e-02
   2.1300000000000000e+02   5.8252945542335510e-02
   2.1400000000000000e+02   5.8930400758981705e-02
   2.1500000000000000e+02   5.9435423463582993e-02
   2.1600000000000000e+02   6.0243390500545502e-02
   2.1700000000000000e+02   6.0774814337491989e-02
   2.1800000000000000e+02   6.1381865292787552e-02
   2.1900000000000000e+02   6.2051173299551010e-02
   2.2000000000000000e+02   6.2678538262844086e-02
   2.2100000000000000e+02   6.3277631998062134e-02
   2.2200000000000000e+02   6.3899472355842590e-02
   2.2300000000000000e+02   6.4565330743789673e-02
   2.2400000000000000e+02   6.5207213163375854e-02
   2.2500000000000000e+02   6.6007852554321289e-02
   2.2600000000000000e+02   6.6459365189075470e-02
   2.2700000000000000e+02   6.6910654306411743e-02
   2.2800000000000000e+02   6.7299768328666687e-02
   2.2900000000000000e+02   6.7707180976867676e-02
   2.3000000000000000e+02   6.8366207182407379e-02
   2.3100000000000000e+02   6.8590559065341949e-02
   2.3200000000000000e+02   6.9080285727977753e-02
   2.3300000000000000e+02   6.9399043917655945e-02
   2.3400000000000000e+02   6.9569282233715057e-02
   2.3500000000000000e+02   6.9933794438838959e-02
   2.3600000000000000e+02   7.0135861635208130e-02
   2.3700000000000000e+02   7.0410385727882385e-02
   2.3800000000000000e+02   7.0798635482788086e-02
   2.3900000000000000e+02   7.0880837738513947e-02
   2.4000000000000000e+02   7.1001611649990082e-02
   2.4100000000000000e+02   7.1158900856971741e-02
   2.4200000000000000e+02   7.1326851844787598e-02
   2.4300000000000000e+02   7.1364901959896088e-02
   2.4400000000000000e+02   7.1646772325038910e-02
   2.4500000000000000e+02   7.1749612689018250e-02
   2.4600000000000000e+02   7.1902871131896973e-02
   2.4700000000000000e+02   7.1869328618049622e-02
   2.4800000000000000e+02   7.1926921606063843e-02
   2.4900000000000000e+02   7.2043687105178833e-02
   2.5000000000000000e+02   7.2210565209388733e-02
   2.5100000000000000e+02   7.2467699646949768e-02
   2.5200000000000000e+02   7.2540417313575745e-02
   2.5300000000000000e+02   7.2326622903347015e-02
   2.5400000000000000e+02   7.2463400661945343e-02
   2.5500000000000000e+02   7.2433404624462128e-02
   2.5600000000000000e+02   7.2417132556438446e-02
   2.5700000000000000e+02   7.2335228323936462e-02
   2.5800000000000000e+02   7.2362571954727173e-02
   2.5900000000000000e+02   7.2144977748394012e-02
   2.6000000000000000e+02   7.1935921907424927e-02
   2.6100000000000000e+02   7.1919910609722137e-02
   2.6200000000000000e+02   7.1983672678470612e-02
   2.6300000000000000e+02   7.1912690997123718e-02
   2.6400000000000000e+02   7.1868084371089935e-02
   2.6500000000000000e+02   7.1613192558288574e-02
   2.6600000000000000e+02   7.1261301636695862e-02
   2.6700000000000000e+02   7.1014299988746643e-02
   2.6800000000000000e+02   7.1056045591831207e-02
   2.6900000000000000e+02   7.0723906159400940e-02
   2.7000000000000000e+02   7.0720858871936798e-02
   2.7100000000000000e+02   7.0557221770286560e-02
   2.7200000000000000e+02   7.0351384580135345e-02
   2.7300000000000000e+02   6.9983996450901031e-02
   2.7400000000000000e+02   6.9823637604713440e-02
   2.7500000000000000e+02   6.9598771631717682e-02
   2.7600000000000000e+02   6.9518916308879852e-02
   2.7700000000000000e+02   6.9273084402084351e-02
   2.7800000000000000e+02   6.8952970206737518e-02
   2.7900000000000000e+02   6.8735040724277496e-02
   2.8000000000000000e+02   6.8665318191051483e-02
   2.8100000000000000e+02   6.8604320287704468e-02
   2.8200000000000000e+02   6.8284705281257629e-02
   2.8300000000000000e+02   6.7921273410320282e-02
   2.8400000000000000e+02   6.7812703549861908e-02
   2.8500000000000000e+02   6.7350722849369049e-02
   2.8600000000000000e+02   6.7175835371017456e-02
   2.8700000000000000e+02   6.7026905715465546e-02
   2.8800000000000000e+02   6.7078672349452972e-02
   2.8900000000000000e+02   6.6911712288856506e-02
   2.9000000000000000e+02   6.6773802042007446e-02
   2.9100000000000000e+02   6.6655427217483521e-02
   2.9200000000000000e+02   6.6442847251892090e-02
   2.9300000000000000e+02   6.6285766661167145e-02
   2.9400000000000000e+02   6.6193513572216034e-02
   2.9500000000000000e+02   6.6037148237228394e-02
   2.9600000000000000e+02   6.5872877836227417e-02
   2.9700000000000000e+02   6.5911717712879181e-02
   2.9800000000000000e+02   6.5906323492527008e-02
   2.9900000000000000e+02   6.5773904323577881e-02
   3.0000000000000000e+02   6.5879315137863159e-02
