   1.0000000000000000e+00   9.8949931270908564e-06
   2.0000000000000000e+00   9.1304464149288833e-06
   3.0000000000000000e+00   9.7600568551570177e-06
   4.0000000000000000e+00   9.2210684670135379e-06
   5.0000000000000000e+00   8.4960292952018790e-06
   6.0000000000000000e+00   7.9096435001702048e-06
   7.0000000000000000e+00   8.3599570643855259e-06
   8.0000000000000000e+00   8.0208756116917357e-06
   9.0000000000000000e+00   8.0547106335870922e-06
   1.0000000000000000e+01   8.4281391536933370e-06
   1.1000000000000000e+01   8.5238489191397093e-06
   1.2000000000000000e+01   7.9358287621289492e-06
   1.3000000000000000e+01   6.5221515797020402e-06
   1.4000000000000000e+01   5.9221470110060181e-06
   1.5000000000000000e+01   6.9054526647960301e-06
   1.6000000000000000e+01   6.3532702370139305e-06
   1.7000000000000000e+01   6.4247219597746152e-06
   1.8000000000000000e+01   5.8653668020269834e-06
   1.9000000000000000e+01   5.6899025366874412e-06
   2.0000000000000000e+01   5.7093679970421363e-06
   2.1000000000000000e+01   5.7046054280363023e-06
   2.2000000000000000e+01   4.8512615649087820e-06
   2.3000000000000000e+01   4.7609528337488882e-06
   2.4000000000000000e+01   5.1135593821527436e-06
   2.5000000000000000e+01   5.0851449486799538e-06
   2.6000000000000000e+01   4.8719184633227997e-06
   2.7000000000000000e+01   4.4980592974752653e-06
   2.8000000000000000e+01   5.0788680709956679e-06
   2.9000000000000000e+01   4.7238695515261497e-06
   3.0000000000000000e+01   5.1968850129924249e-06
   3.1000000000000000e+01   4.6007762648514472e-06
   3.2000000000000000e+01   4.4432899812818505e-06
   3.3000000000000000e+01   4.1620396586949937e-06
   3.4000000000000000e+01   4.5312244765227661e-06
   3.5000000000000000e+01   7.7016211434965953e-06
   3.6000000000000000e+01   9.3267699412535876e-06
   3.7000000000000000e+01   9.3219687187229283e-06
   3.8000000000000000e+01   9.4027263912721537e-06
   3.9000000000000000e+01   9.1492938736337237e-06
   4.0000000000000000e+01   9.3984099294175394e-06
   4.1000000000000000e+01   9.4919496405054815e-06
   4.2000000000000000e+01   1.3202327863837127e-05
   4.3000000000000000e+01   1.4142768122837879e-05
   4.4000000000000000e+01   1.6781779777375050e-05
   4.5000000000000000e+01   1.6302114090649411e-05
   4.6000000000000000e+01   1.8157910744776018e-05
   4.7000000000000000e+01   2.4802657208056189e-05
   4.8000000000000000e+01   3.0969738872954622e-05
   4.9000000000000000e+01   3.4678720112424344e-05
   5.0000000000000000e+01   3.9016242226352915e-05
   5.1000000000000000e+01   4.6466222556773573e-05
   5.2000000000000000e+01   5.1431252359179780e-05
   5.3000000000000000e+01   6.3073333876673132e-05
   5.4000000000000000e+01   7.7894190326333046e-05
   5.5000000000000000e+01   8.9524008217267692e-05
   5.6000000000000000e+01   9.9098084319848567e-05
   5.7000000000000000e+01   1.0901816131081432e-04
   5.8000000000000000e+01   1.1650638771243393e-04
   5.9000000000000000e+01   1.2425315799191594e-04
   6.0000000000000000e+01   1.3646199658978730e-04
   6.1000000000000000e+01   1.4632208331022412e-04
   6.2000000000000000e+01   1.4663409092463553e-04
   6.3000000000000000e+01   1.4703777560498565e-04
   6.4000000000000000e+01   1.5202772920019925e-04
   6.5000000000000000e+01   1.5100558812264353e-04
   6.6000000000000000e+01   1.4688145893160254e-04
   6.7000000000000000e+01   1.4698786253575236e-04
   6.8000000000000000e+01   1.4140851271804422e-04
   6.9000000000000000e+01   1.3456438318826258e-04
   7.0000000000000000e+01   1.2753537157550454e-04
   7.1000000000000000e+01   1.2132405390730128e-04
   7.2000000000000000e+01   1.1326410458423197e-04
   7.3000000000000000e+01   1.1078299576183781e-04
   7.4000000000000000e+01   1.0507319530006498e-04
   7.5000000000000000e+01   9.5884548500180244e-05
   7.6000000000000000e+01   8.8166991190519184e-05
   7.7000000000000000e+01   8.5370651504490525e-05
   7.8000000000000000e+01   8.3140163042116910e-05
   7.9000000000000000e+01   7.7392636740114540e-05
   8.0000000000000000e+01   7.5119307439308614e-05
   8.1000000000000000e+01   7.4533498263917863e-05
   8.2000000000000000e+01   7.2053000621963292e-05
   8.3000000000000000e+01   6.8693268985953182e-05
   8.4000000000000000e+01   6.3161038269754499e-05
   8.5000000000000000e+01   6.0311260313028470e-05
   8.6000000000000000e+01   6.1436403484549373e-05
   8.7000000000000000e+01   5.8247860579285771e-05
   8.8000000000000000e+01   5.4715466831112280e-05
   8.9000000000000000e+01   5.1916304073529318e-05
   9.0000000000000000e+01   4.9914517148863524e-05
   9.1000000000000000e+01   4.7851248382357880e-05
   9.2000000000000000e+01   4.6334589569596574e-05
   9.3000000000000000e+01   4.4148451706860214e-05
   9.4000000000000000e+01   4.3050349631812423e-05
   9.5000000000000000e+01   4.0891893149819225e-05
   9.6000000000000000e+01   3.9639438909944147e-05
   9.7000000000000000e+01   3.9564551116200164e-05
   9.8000000000000000e+01   3.8667632907163352e-05
   9.9000000000000000e+01   3.8000955100869760e-05
   1.0000000000000000e+02   3.7821740988874808e-05
   1.0100000000000000e+02   3.4764027077471837e-05
   1.0200000000000000e+02   3.4092157875420526e-05
   1.0300000000000000e+02   3.3290987630607560e-05
   1.0400000000000000e+02   3.3599553717067465e-05
   1.0500000000000000e+02   3.3500331483082846e-05
   1.0600000000000000e+02   3.3914195228135213e-05
   1.0700000000000000e+02   3.3487427572254092e-05
   1.0800000000000000e+02   3.2901836675591767e-05
   1.0900000000000000e+02   3.2778534659883007e-05
   1.1000000000000000e+02   3.2742529583629221e-05
   1.1100000000000000e+02   3.1845156627241522e-05
   1.1200000000000000e+02   3.1384282920043916e-05
   1.1300000000000000e+02   3.2060586818261072e-05
   1.1400000000000000e+02   3.2598367397440597e-05
   1.1500000000000000e+02   3.3264361263718456e-05
   1.1600000000000000e+02   3.4183689422206953e-05
   1.1700000000000000e+02   3.4638036595424637e-05
   1.1800000000000000e+02   3.5694549296749756e-05
   1.1900000000000000e+02   3.6190020182402804e-05
   1.2000000000000000e+02   3.8529346056748182e-05
   1.2100000000000000e+02   3.9580059819854796e-05
   1.2200000000000000e+02   4.0442704630549997e-05
   1.2300000000000000e+02   4.2104296881007031e-05
   1.2400000000000000e+02   4.3475105485413224e-05
   1.2500000000000000e+02   4.5826873247278854e-05
   1.2600000000000000e+02   5.0373149861115962e-05
   1.2700000000000000e+02   5.4518401157110929e-05
   1.2800000000000000e+02   6.0279056924628094e-05
   1.2900000000000000e+02   6.8365246988832951e-05
   1.3000000000000000e+02   7.7834898547735065e-05
   1.3100000000000000e+02   8.8947876065503806e-05
   1.3200000000000000e+02   1.0600422683637589e-04
   1.3300000000000000e+02   1.2322976544965059e-04
   1.3400000000000000e+02   1.4827742415945977e-04
   1.3500000000000000e+02   1.7100018158089370e-04
   1.3600000000000000e+02   2.0035280613228679e-04
   1.3700000000000000e+02   2.3752461129333824e-04
   1.3800000000000000e+02   2.7838317328132689e-04
   1.3900000000000000e+02   3.2625586027279496e-04
   1.4000000000000000e+02   3.7712635821662843e-04
   1.4100000000000000e+02   4.5233813580125570e-04
   1.4200000000000000e+02   5.3790677338838577e-04
   1.4300000000000000e+02   6.3765898812562227e-04
   1.4400000000000000e+02   7.3581910692155361e-04
   1.4500000000000000e+02   8.5034326184540987e-04
   1.4600000000000000e+02   1.0165111161768436e-03
   1.4700000000000000e+02   1.1635593837127090e-03
   1.4800000000000000e+02   1.3173279585316777e-03
   1.4900000000000000e+02   1.4854607870802283e-03
   1.5000000000000000e+02   1.6973793972283602e-03
   1.5100000000000000e+02   1.8860470736399293e-03
   1.5200000000000000e+02   2.1261016372591257e-03
   1.5300000000000000e+02   2.3711577523499727e-03
   1.5400000000000000e+02   2.6124415453523397e-03
   1.5500000000000000e+02   2.8994500171393156e-03
   1.5600000000000000e+02   3.2097143121063709e-03
   1.5700000000000000e+02   3.5027922131121159e-03
   1.5800000000000000e+02   3.8103102706372738e-03
   1.5900000000000000e+02   4.1670906357467175e-03
   1.6000000000000000e+02   4.5539936982095242e-03
   1.6100000000000000e+02   4.8726052045822144e-03
   1.6200000000000000e+02   5.2303653210401535e-03
   1.6300000000000000e+02   5.6225978769361973e-03
   1.6400000000000000e+02   6.0110921040177345e-03
   1.6500000000000000e+02   6.4208232797682285e-03
   1.6600000000000000e+02   6.8915132433176041e-03
   1.6700000000000000e+02   7.3029310442507267e-03
   1.6800000000000000e+02   7.7868378721177578e-03
   1.6900000000000000e+02   8.2307513803243637e-03
   1.7000000000000000e+02   8.7264096364378929e-03
   1.7100000000000000e+02   9.2151584103703499e-03
   1.7200000000000000e+02   9.7786150872707367e-03
   1.7300000000000000e+02   1.0334749706089497e-02
   1.7400000000000000e+02   1.0855668224394321e-02
   1.7500000000000000e+02   1.1442567221820354e-02
   1.7600000000000000e+02   1.2040939182043076e-02
   1.7700000000000000e+02   1.2669792398810387e-02
   1.7800000000000000e+02   1.3327161781489849e-02
   1.7900000000000000e+02   1.3965443708002567e-02
   1.8000000000000000e+02   1.4720413833856583e-02
   1.8100000000000000e+02   1.5448849648237228e-02
   1.8200000000000000e+02   1.6284720972180367e-02
   1.8300000000000000e+02   1.7038689926266670e-02
   1.8400000000000000e+02   1.7992310225963593e-02
   1.8500000000000000e+02   1.8949232995510101e-02
   1.8600000000000000e+02   1.9821640104055405e-02
   1.8700000000000000e+02   2.0772639662027359e-02
   1.8800000000000000e+02   2.1826554089784622e-02
   1.8900000000000000e+02   2.2925104945898056e-02
   1.9000000000000000e+02   2.3941958323121071e-02
   1.9100000000000000e+02   2.4950969964265823e-02
   1.9200000000000000e+02   2.6200933381915092e-02
   1.9300000000000000e+02   2.7346532791852951e-02
   1.9400000000000000e+02   2.8578158468008041e-02
   1.9500000000000000e+02   2.9670841991901398e-02
   1.9600000000000000e+02   3.0917666852474213e-02
   1.9700000000000000e+02   3.2055936753749847e-02
   1.9800000000000000e+02   3.3294808119535446e-02
   1.9900000000000000e+02   3.4492276608943939e-02
   2.0000000000000000e+02   3.5647079348564148e-02
   2.0100000000000000e+02   3.6818277090787888e-02
   2.0200000000000000e+02   3.8012679666280746e-02
   2.0300000000000000e+02   3.9182003587484360e-02
   2.0400000000000000e+02   4.0295217186212540e-02
   2.0500000000000000e+02   4.1314486414194107e-02
   2.0600000000000000e+02   4.2514171451330185e-02
   2.0700000000000000e+02   4.3486278504133224e-02
   2.0800000000000000e+02   4.4451721012592316e-02
   2.0900000000000000e+02   4.5540109276771545e-02
   2.1000000000000000e+02   4.6465702354907990e-02
   2.1100000000000000e+02   4.7432411462068558e-02
   2.1200000000000000e+02   4.8478059470653534e-02
   2.1300000000000000e+02   4.9518961459398270e-02
   2.1400000000000000e+02   5.0462342798709869e-02
   2.1500000000000000e+02   5.1211643964052200e-02
   2.1600000000000000e+02   5.2219551056623459e-02
   2.1700000000000000e+02   5.2999742329120636e-02
   2.1800000000000000e+02   5.3852610290050507e-02
   2.1900000000000000e+02   5.4778244346380234e-02
   2.2000000000000000e+02   5.5641885846853256e-02
   2.2100000000000000e+02   5.6469310075044632e-02
   2.2200000000000000e+02   5.7345993816852570e-02
   2.2300000000000000e+02   5.8245193213224411e-02
   2.2400000000000000e+02   5.9139899909496307e-02
   2.2500000000000000e+02   6.0135357081890106e-02
   2.2600000000000000e+02   6.0816388577222824e-02
   2.2700000000000000e+02   6.1494410037994385e-02
   2.2800000000000000e+02   6.2077585607767105e-02
   2.2900000000000000e+02   6.2684029340744019e-02
   2.3000000000000000e+02   6.3505239784717560e-02
   2.3100000000000000e+02   6.3917793333530426e-02
   2.3200000000000000e+02   6.4531832933425903e-02
   2.3300000000000000e+02   6.5061889588832855e-02
   2.3400000000000000e+02   6.5373592078685760e-02
   2.3500000000000000e+02   6.5847888588905334e-02
   2.3600000000000000e+02   6.6219910979270935e-02
   2.3700000000000000e+02   6.6602282226085663e-02
   2.3800000000000000e+02   6.7067384719848633e-02
   2.3900000000000000e+02   6.7209728062152863e-02
   2.4000000000000000e+02   6.7391172051429749e-02
   2.4100000000000000e+02   6.7738316953182220e-02
   2.4200000000000000e+02   6.8016372621059418e-02
   2.4300000000000000e+02   6.8262621760368347e-02
   2.4400000000000000e+02   6.8616524338722229e-02
   2.4500000000000000e+02   6.8811081349849701e-02
   2.4600000000000000e+02   6.9060094654560089e-02
   2.4700000000000000e+02   6.9156967103481293e-02
   2.4800000000000000e+02   6.9307222962379456e-02
   2.4900000000000000e+02   6.9516673684120178e-02
   2.5000000000000000e+02   6.9757647812366486e-02
   2.5100000000000000e+02   7.0075497031211853e-02
   2.5200000000000000e+02   7.0278130471706390e-02
   2.5300000000000000e+02   7.0197857916355133e-02
   2.5400000000000000e+02   7.0430539548397064e-02
   2.5500000000000000e+02   7.0540927350521088e-02
   2.5600000000000000e+02   7.0598192512989044e-02
   2.5700000000000000e+02   7.0577621459960938e-02
   2.5800000000000000e+02   7.0640087127685547e-02
   2.5900000000000000e+02   7.0466659963130951e-02
   2.6000000000000000e+02   7.0291846990585327e-02
   2.6100000000000000e+02   7.0308774709701538e-02
   2.6200000000000000e+02   7.0399098098278046e-02
   2.6300000000000000e+02   7.0275612175464630e-02
   2.6400000000000000e+02   7.0207796990871429e-02
   2.6500000000000000e+02   7.0031978189945221e-02
   2.6600000000000000e+02   6.9684140384197235e-02
   2.6700000000000000e+02   6.9379203021526337e-02
   2.6800000000000000e+02   6.9384448230266571e-02
   2.6900000000000000e+02   6.9083929061889648e-02
   2.7000000000000000e+02   6.9046653807163239e-02
   2.7100000000000000e+02   6.8837754428386688e-02
   2.7200000000000000e+02   6.8589709699153900e-02
   2.7300000000000000e+02   6.8188212811946869e-02
   2.7400000000000000e+02   6.8027071654796600e-02
   2.7500000000000000e+02   6.7800067365169525e-02
   2.7600000000000000e+02   6.7686088383197784e-02
   2.7700000000000000e+02   6.7353948950767517e-02
   2.7800000000000000e+02   6.7076221108436584e-02
   2.7900000000000000e+02   6.6942095756530762e-02
   2.8000000000000000e+02   6.6754527390003204e-02
   2.8100000000000000e+02   6.6658087074756622e-02
   2.8200000000000000e+02   6.6298574209213257e-02
   2.8300000000000000e+02   6.5908335149288177e-02
   2.8400000000000000e+02   6.5702848136425018e-02
   2.8500000000000000e+02   6.5178297460079193e-02
   2.8600000000000000e+02   6.4926393330097198e-02
   2.8700000000000000e+02   6.4716249704360962e-02
   2.8800000000000000e+02   6.4765162765979767e-02
   2.8900000000000000e+02   6.4587049186229706e-02
   2.9000000000000000e+02   6.4393028616905212e-02
   2.9100000000000000e+02   6.4231492578983307e-02
   2.9200000000000000e+02   6.4041942358016968e-02
   2.9300000000000000e+02   6.3821688294410706e-02
   2.9400000000000000e+02   6.3619934022426605e-02
   2.9500000000000000e+02   6.3491888344287872e-02
   2.9600000000000000e+02   6.3309714198112488e-02
   2.9700000000000000e+02   6.3375599682331085e-02
   2.9800000000000000e+02   6.3362218439579010e-02
   2.9900000000000000e+02   6.3225045800209045e-02
   3.0000000000000000e+02   6.3351809978485107e-02
