   1.0000000000000000e+00   9.4960555434226990e-02
   2.0000000000000000e+00   9.2281483113765717e-02
   3.0000000000000000e+00   8.9727446436882019e-02
   4.0000000000000000e+00   8.7882317602634430e-02
   5.0000000000000000e+00   8.6892895400524139e-02
   6.0000000000000000e+00   8.5671067237854004e-02
   7.0000000000000000e+00   8.4266439080238342e-02
   8.0000000000000000e+00   8.2888647913932800e-02
   9.0000000000000000e+00   7.9260721802711487e-02
   1.0000000000000000e+01   7.5856253504753113e-02
   1.1000000000000000e+01   7.3173694312572479e-02
   1.2000000000000000e+01   7.1251593530178070e-02
   1.3000000000000000e+01   6.9542154669761658e-02
   1.4000000000000000e+01   6.7735575139522552e-02
   1.5000000000000000e+01   6.5875314176082611e-02
   1.6000000000000000e+01   6.4558714628219604e-02
   1.7000000000000000e+01   6.3567213714122772e-02
   1.8000000000000000e+01   6.2840141355991364e-02
   1.9000000000000000e+01   6.1915878206491470e-02
   2.0000000000000000e+01   6.0400281101465225e-02
   2.1000000000000000e+01   5.9251673519611359e-02
   2.2000000000000000e+01   5.8453593403100967e-02
   2.3000000000000000e+01   5.7727709412574768e-02
   2.4000000000000000e+01   5.6200366467237473e-02
   2.5000000000000000e+01   5.5360540747642517e-02
   2.6000000000000000e+01   5.4407890886068344e-02
   2.7000000000000000e+01   5.3500257432460785e-02
   2.8000000000000000e+01   5.2013412117958069e-02
   2.9000000000000000e+01   5.1601998507976532e-02
   3.0000000000000000e+01   5.1010835915803909e-02
   3.1000000000000000e+01   5.0504453480243683e-02
   3.2000000000000000e+01   4.9811314791440964e-02
   3.3000000000000000e+01   4.9099992960691452e-02
   3.4000000000000000e+01   4.8099581152200699e-02
   3.5000000000000000e+01   4.7186765819787979e-02
   3.6000000000000000e+01   4.6230021864175797e-02
   3.7000000000000000e+01   4.5664198696613312e-02
   3.8000000000000000e+01   4.5175563544034958e-02
   3.9000000000000000e+01   4.4875979423522949e-02
   4.0000000000000000e+01   4.4569421559572220e-02
   4.1000000000000000e+01   4.4398877769708633e-02
   4.2000000000000000e+01   4.4030502438545227e-02
   4.3000000000000000e+01   4.4337444007396698e-02
   4.4000000000000000e+01   4.4057216495275497e-02
   4.5000000000000000e+01   4.4363118708133698e-02
   4.6000000000000000e+01   4.4585093855857849e-02
   4.7000000000000000e+01   4.5040305703878403e-02
   4.8000000000000000e+01   4.5564826577901840e-02
   4.9000000000000000e+01   4.6500787138938904e-02
   5.0000000000000000e+01   4.7452647238969803e-02
   5.1000000000000000e+01   4.8514883965253830e-02
   5.2000000000000000e+01   4.9444757401943207e-02
   5.3000000000000000e+01   5.0389096140861511e-02
   5.4000000000000000e+01   5.1810231059789658e-02
   5.5000000000000000e+01   5.2954100072383881e-02
   5.6000000000000000e+01   5.4494239389896393e-02
   5.7000000000000000e+01   5.6191843003034592e-02
   5.8000000000000000e+01   5.7722177356481552e-02
   5.9000000000000000e+01   5.9624057263135910e-02
   6.0000000000000000e+01   6.1432439833879471e-02
   6.1000000000000000e+01   6.3077576458454132e-02
   6.2000000000000000e+01   6.4560182392597198e-02
   6.3000000000000000e+01   6.6149771213531494e-02
   6.4000000000000000e+01   6.7895762622356415e-02
   6.5000000000000000e+01   6.9706395268440247e-02
   6.6000000000000000e+01   7.1657106280326843e-02
   6.7000000000000000e+01   7.3550119996070862e-02
   6.8000000000000000e+01   7.5275212526321411e-02
   6.9000000000000000e+01   7.6694853603839874e-02
   7.0000000000000000e+01   7.8378081321716309e-02
   7.1000000000000000e+01   7.9713039100170135e-02
   7.2000000000000000e+01   8.1210210919380188e-02
   7.3000000000000000e+01   8.2516625523567200e-02
   7.4000000000000000e+01   8.3476744592189789e-02
   7.5000000000000000e+01   8.4516085684299469e-02
   7.6000000000000000e+01   8.5489258170127869e-02
   7.7000000000000000e+01   8.6431995034217834e-02
   7.8000000000000000e+01   8.7213881313800812e-02
   7.9000000000000000e+01   8.7758801877498627e-02
   8.0000000000000000e+01   8.8058747351169586e-02
   8.1000000000000000e+01   8.8119901716709137e-02
   8.2000000000000000e+01   8.8003426790237427e-02
   8.3000000000000000e+01   8.8019698858261108e-02
   8.4000000000000000e+01   8.8112764060497284e-02
   8.5000000000000000e+01   8.7803483009338379e-02
   8.6000000000000000e+01   8.7638586759567261e-02
   8.7000000000000000e+01   8.7240763008594513e-02
   8.8000000000000000e+01   8.6804993450641632e-02
   8.9000000000000000e+01   8.6221762001514435e-02
   9.0000000000000000e+01   8.5596427321434021e-02
   9.1000000000000000e+01   8.4886044263839722e-02
   9.2000000000000000e+01   8.4010615944862366e-02
   9.3000000000000000e+01   8.3206363022327423e-02
   9.4000000000000000e+01   8.2322619855403900e-02
   9.5000000000000000e+01   8.1683285534381866e-02
   9.6000000000000000e+01   8.0699086189270020e-02
   9.7000000000000000e+01   7.9579085111618042e-02
   9.8000000000000000e+01   7.8498750925064087e-02
   9.9000000000000000e+01   7.7289119362831116e-02
   1.0000000000000000e+02   7.6272703707218170e-02
   1.0100000000000000e+02   7.4926957488059998e-02
   1.0200000000000000e+02   7.3676124215126038e-02
   1.0300000000000000e+02   7.2384797036647797e-02
   1.0400000000000000e+02   7.1223586797714233e-02
   1.0500000000000000e+02   6.9813974201679230e-02
   1.0600000000000000e+02   6.8461962044239044e-02
   1.0700000000000000e+02   6.7220740020275116e-02
   1.0800000000000000e+02   6.5795868635177612e-02
   1.0900000000000000e+02   6.4398854970932007e-02
   1.1000000000000000e+02   6.2983684241771698e-02
   1.1100000000000000e+02   6.1795402318239212e-02
   1.1200000000000000e+02   6.0537595301866531e-02
   1.1300000000000000e+02   5.9177841991186142e-02
   1.1400000000000000e+02   5.7765740901231766e-02
   1.1500000000000000e+02   5.6289292871952057e-02
   1.1600000000000000e+02   5.4985355585813522e-02
   1.1700000000000000e+02   5.3728364408016205e-02
   1.1800000000000000e+02   5.2363086491823196e-02
   1.1900000000000000e+02   5.1025118678808212e-02
   1.2000000000000000e+02   4.9780488014221191e-02
   1.2100000000000000e+02   4.8704113811254501e-02
   1.2200000000000000e+02   4.7531306743621826e-02
   1.2300000000000000e+02   4.6387001872062683e-02
   1.2400000000000000e+02   4.5343402773141861e-02
   1.2500000000000000e+02   4.4092193245887756e-02
   1.2600000000000000e+02   4.3021585792303085e-02
   1.2700000000000000e+02   4.2063254863023758e-02
   1.2800000000000000e+02   4.1247434914112091e-02
   1.2900000000000000e+02   4.0359243750572205e-02
   1.3000000000000000e+02   3.9464678615331650e-02
   1.3100000000000000e+02   3.8649603724479675e-02
   1.3200000000000000e+02   3.7638317793607712e-02
   1.3300000000000000e+02   3.6926027387380600e-02
   1.3400000000000000e+02   3.6019962280988693e-02
   1.3500000000000000e+02   3.5265937447547913e-02
   1.3600000000000000e+02   3.4430358558893204e-02
   1.3700000000000000e+02   3.3840361982584000e-02
   1.3800000000000000e+02   3.3303145319223404e-02
   1.3900000000000000e+02   3.2622206956148148e-02
   1.4000000000000000e+02   3.2149918377399445e-02
   1.4100000000000000e+02   3.1586367636919022e-02
   1.4200000000000000e+02   3.1045204028487206e-02
   1.4300000000000000e+02   3.0452331528067589e-02
   1.4400000000000000e+02   2.9912659898400307e-02
   1.4500000000000000e+02   2.9603712260723114e-02
   1.4600000000000000e+02   2.9011817649006844e-02
   1.4700000000000000e+02   2.8558295220136642e-02
   1.4800000000000000e+02   2.8131920844316483e-02
   1.4900000000000000e+02   2.7815422043204308e-02
   1.5000000000000000e+02   2.7403939515352249e-02
   1.5100000000000000e+02   2.7116041630506516e-02
   1.5200000000000000e+02   2.6601230725646019e-02
   1.5300000000000000e+02   2.6152813807129860e-02
   1.5400000000000000e+02   2.5883043184876442e-02
   1.5500000000000000e+02   2.5417035445570946e-02
   1.5600000000000000e+02   2.5047315284609795e-02
   1.5700000000000000e+02   2.4730246514081955e-02
   1.5800000000000000e+02   2.4298029020428658e-02
   1.5900000000000000e+02   2.3983307182788849e-02
   1.6000000000000000e+02   2.3513326421380043e-02
   1.6100000000000000e+02   2.3266728967428207e-02
   1.6200000000000000e+02   2.3120928555727005e-02
   1.6300000000000000e+02   2.2795232012867928e-02
   1.6400000000000000e+02   2.2633837535977364e-02
   1.6500000000000000e+02   2.2350728511810303e-02
   1.6600000000000000e+02   2.1892987191677094e-02
   1.6700000000000000e+02   2.1614069119095802e-02
   1.6800000000000000e+02   2.1375661715865135e-02
   1.6900000000000000e+02   2.1141873672604561e-02
   1.7000000000000000e+02   2.0962754264473915e-02
   1.7100000000000000e+02   2.0677275955677032e-02
   1.7200000000000000e+02   2.0299039781093597e-02
   1.7300000000000000e+02   2.0034072920680046e-02
   1.7400000000000000e+02   1.9798755645751953e-02
   1.7500000000000000e+02   1.9573006778955460e-02
   1.7600000000000000e+02   1.9218770787119865e-02
   1.7700000000000000e+02   1.8938006833195686e-02
   1.7800000000000000e+02   1.8620859831571579e-02
   1.7900000000000000e+02   1.8434995785355568e-02
   1.8000000000000000e+02   1.8262684345245361e-02
   1.8100000000000000e+02   1.8300794064998627e-02
   1.8200000000000000e+02   1.8145741894841194e-02
   1.8300000000000000e+02   1.7946891486644745e-02
   1.8400000000000000e+02   1.7620807513594627e-02
   1.8500000000000000e+02   1.7397455871105194e-02
   1.8600000000000000e+02   1.7344925552606583e-02
   1.8700000000000000e+02   1.7223063856363297e-02
   1.8800000000000000e+02   1.7091004177927971e-02
   1.8900000000000000e+02   1.6959374770522118e-02
   1.9000000000000000e+02   1.6790622845292091e-02
   1.9100000000000000e+02   1.6741761937737465e-02
   1.9200000000000000e+02   1.6403445973992348e-02
   1.9300000000000000e+02   1.6190432012081146e-02
   1.9400000000000000e+02   1.5847969800233841e-02
   1.9500000000000000e+02   1.5610371716320515e-02
   1.9600000000000000e+02   1.5393320471048355e-02
   1.9700000000000000e+02   1.5314150601625443e-02
   1.9800000000000000e+02   1.5149912796914577e-02
   1.9900000000000000e+02   1.4951750636100769e-02
   2.0000000000000000e+02   1.4849690720438957e-02
   2.0100000000000000e+02   1.4619421213865280e-02
   2.0200000000000000e+02   1.4485915191471577e-02
   2.0300000000000000e+02   1.4249232597649097e-02
   2.0400000000000000e+02   1.4010268263518810e-02
   2.0500000000000000e+02   1.3833164237439632e-02
   2.0600000000000000e+02   1.3711351901292801e-02
   2.0700000000000000e+02   1.3698393478989601e-02
   2.0800000000000000e+02   1.3666965998709202e-02
   2.0900000000000000e+02   1.3455684296786785e-02
   2.1000000000000000e+02   1.3368443585932255e-02
   2.1100000000000000e+02   1.3122528791427612e-02
   2.1200000000000000e+02   1.2842983938753605e-02
   2.1300000000000000e+02   1.2506664730608463e-02
   2.1400000000000000e+02   1.2236146256327629e-02
   2.1500000000000000e+02   1.2114373967051506e-02
   2.1600000000000000e+02   1.1924986727535725e-02
   2.1700000000000000e+02   1.1625628918409348e-02
   2.1800000000000000e+02   1.1531957425177097e-02
   2.1900000000000000e+02   1.1334679089486599e-02
   2.2000000000000000e+02   1.1197371408343315e-02
   2.2100000000000000e+02   1.0989477857947350e-02
   2.2200000000000000e+02   1.0762802325189114e-02
   2.2300000000000000e+02   1.0564179159700871e-02
   2.2400000000000000e+02   1.0387887246906757e-02
   2.2500000000000000e+02   1.0182487778365612e-02
   2.2600000000000000e+02   1.0095518082380295e-02
   2.2700000000000000e+02   9.9451374262571335e-03
   2.2800000000000000e+02   9.8194815218448639e-03
   2.2900000000000000e+02   9.7674485296010971e-03
   2.3000000000000000e+02   9.5470426604151726e-03
   2.3100000000000000e+02   9.3482965603470802e-03
   2.3200000000000000e+02   9.2281419783830643e-03
   2.3300000000000000e+02   9.1271353885531425e-03
   2.3400000000000000e+02   9.0433638542890549e-03
   2.3500000000000000e+02   8.8730724528431892e-03
   2.3600000000000000e+02   8.6678955703973770e-03
   2.3700000000000000e+02   8.5617071017622948e-03
   2.3800000000000000e+02   8.3892317488789558e-03
   2.3900000000000000e+02   8.3648506551980972e-03
   2.4000000000000000e+02   8.2502327859401703e-03
   2.4100000000000000e+02   8.0736912786960602e-03
   2.4200000000000000e+02   7.9230396077036858e-03
   2.4300000000000000e+02   7.8857429325580597e-03
   2.4400000000000000e+02   7.7280597761273384e-03
   2.4500000000000000e+02   7.6253800652921200e-03
   2.4600000000000000e+02   7.5349374674260616e-03
   2.4700000000000000e+02   7.5656040571630001e-03
   2.4800000000000000e+02   7.4331802316009998e-03
   2.4900000000000000e+02   7.2864242829382420e-03
   2.5000000000000000e+02   7.1880281902849674e-03
   2.5100000000000000e+02   7.2110560722649097e-03
   2.5200000000000000e+02   7.1728248149156570e-03
   2.5300000000000000e+02   7.1278307586908340e-03
   2.5400000000000000e+02   6.9916886277496815e-03
   2.5500000000000000e+02   6.9437036290764809e-03
   2.5600000000000000e+02   6.8815350532531738e-03
   2.5700000000000000e+02   6.8082264624536037e-03
   2.5800000000000000e+02   6.7711626179516315e-03
   2.5900000000000000e+02   6.6955615766346455e-03
   2.6000000000000000e+02   6.5664243884384632e-03
   2.6100000000000000e+02   6.4809364266693592e-03
   2.6200000000000000e+02   6.2947268597781658e-03
   2.6300000000000000e+02   6.2505318783223629e-03
   2.6400000000000000e+02   6.2138275243341923e-03
   2.6500000000000000e+02   6.1753112822771072e-03
   2.6600000000000000e+02   6.0477857477962971e-03
   2.6700000000000000e+02   5.9502501972019672e-03
   2.6800000000000000e+02   5.8415425010025501e-03
   2.6900000000000000e+02   5.8137499727308750e-03
   2.7000000000000000e+02   5.6288782507181168e-03
   2.7100000000000000e+02   5.4618809372186661e-03
   2.7200000000000000e+02   5.4109022021293640e-03
   2.7300000000000000e+02   5.3327414207160473e-03
   2.7400000000000000e+02   5.3711095824837685e-03
   2.7500000000000000e+02   5.2782809361815453e-03
   2.7600000000000000e+02   5.1046833395957947e-03
   2.7700000000000000e+02   5.0507634878158569e-03
   2.7800000000000000e+02   4.9030007794499397e-03
   2.7900000000000000e+02   4.7975238412618637e-03
   2.8000000000000000e+02   4.6458141878247261e-03
   2.8100000000000000e+02   4.4925813563168049e-03
   2.8200000000000000e+02   4.3664495460689068e-03
   2.8300000000000000e+02   4.2545059695839882e-03
   2.8400000000000000e+02   4.1794995777308941e-03
   2.8500000000000000e+02   4.1895885951817036e-03
   2.8600000000000000e+02   4.0519339963793755e-03
   2.8700000000000000e+02   3.9688958786427975e-03
   2.8800000000000000e+02   3.8244910538196564e-03
   2.8900000000000000e+02   3.6820466630160809e-03
   2.9000000000000000e+02   3.5815683659166098e-03
   2.9100000000000000e+02   3.5189474001526833e-03
   2.9200000000000000e+02   3.4279967658221722e-03
   2.9300000000000000e+02   3.3011501654982567e-03
   2.9400000000000000e+02   3.2324015628546476e-03
   2.9500000000000000e+02   3.2108540181070566e-03
   2.9600000000000000e+02   3.1756779644638300e-03
   2.9700000000000000e+02   3.1347312033176422e-03
   2.9800000000000000e+02   3.1055130530148745e-03
   2.9900000000000000e+02   2.9972635675221682e-03
   3.0000000000000000e+02   2.8531416319310665e-03
