   1.0000000000000000e+00   2.6895471382886171e-03
   2.0000000000000000e+00   2.6307189837098122e-03
   3.0000000000000000e+00   2.8003766201436520e-03
   4.0000000000000000e+00   2.7637106832116842e-03
   5.0000000000000000e+00   2.6299804449081421e-03
   6.0000000000000000e+00   2.5257626548409462e-03
   7.0000000000000000e+00   2.6137793902307749e-03
   8.0000000000000000e+00   2.5878369342535734e-03
   9.0000000000000000e+00   2.6244337204843760e-03
   1.0000000000000000e+01   2.7573530096560717e-03
   1.1000000000000000e+01   2.8275044169276953e-03
   1.2000000000000000e+01   2.7715594042092562e-03
   1.3000000000000000e+01   2.5602092500776052e-03
   1.4000000000000000e+01   2.5179961230605841e-03
   1.5000000000000000e+01   2.7348387520760298e-03
   1.6000000000000000e+01   2.6988263707607985e-03
   1.7000000000000000e+01   2.7266857214272022e-03
   1.8000000000000000e+01   2.6458494830876589e-03
   1.9000000000000000e+01   2.5904739741235971e-03
   2.0000000000000000e+01   2.5972886942327023e-03
   2.1000000000000000e+01   2.6037695351988077e-03
   2.2000000000000000e+01   2.4695163592696190e-03
   2.3000000000000000e+01   2.4501672014594078e-03
   2.4000000000000000e+01   2.5413630064576864e-03
   2.5000000000000000e+01   2.5711660273373127e-03
   2.6000000000000000e+01   2.4799820967018604e-03
   2.7000000000000000e+01   2.3985786829143763e-03
   2.8000000000000000e+01   2.5657429359853268e-03
   2.9000000000000000e+01   2.4569781962782145e-03
   3.0000000000000000e+01   2.4641517084091902e-03
   3.1000000000000000e+01   2.3491242900490761e-03
   3.2000000000000000e+01   2.2963099181652069e-03
   3.3000000000000000e+01   2.2238260135054588e-03
   3.4000000000000000e+01   2.3306650109589100e-03
   3.5000000000000000e+01   2.7014717925339937e-03
   3.6000000000000000e+01   2.9189710039645433e-03
   3.7000000000000000e+01   2.9095592908561230e-03
   3.8000000000000000e+01   2.9246683698147535e-03
   3.9000000000000000e+01   2.8481858316808939e-03
   4.0000000000000000e+01   2.8496007435023785e-03
   4.1000000000000000e+01   2.8813492972403765e-03
   4.2000000000000000e+01   3.2193858642131090e-03
   4.3000000000000000e+01   3.3544898033142090e-03
   4.4000000000000000e+01   3.7002388853579760e-03
   4.5000000000000000e+01   3.6439932882785797e-03
   4.6000000000000000e+01   3.8399943150579929e-03
   4.7000000000000000e+01   4.3251058086752892e-03
   4.8000000000000000e+01   4.7534001059830189e-03
   4.9000000000000000e+01   5.0557488575577736e-03
   5.0000000000000000e+01   5.1961895078420639e-03
   5.1000000000000000e+01   5.5587906390428543e-03
   5.2000000000000000e+01   5.9478650800883770e-03
   5.3000000000000000e+01   6.4936880953609943e-03
   5.4000000000000000e+01   7.1025216020643711e-03
   5.5000000000000000e+01   7.6561751775443554e-03
   5.6000000000000000e+01   8.2078855484724045e-03
   5.7000000000000000e+01   8.5060037672519684e-03
   5.8000000000000000e+01   8.7414290755987167e-03
   5.9000000000000000e+01   8.9737530797719955e-03
   6.0000000000000000e+01   9.4794519245624542e-03
   6.1000000000000000e+01   9.8799383267760277e-03
   6.2000000000000000e+01   9.9228732287883759e-03
   6.3000000000000000e+01   1.0009014047682285e-02
   6.4000000000000000e+01   1.0233563371002674e-02
   6.5000000000000000e+01   1.0292919352650642e-02
   6.6000000000000000e+01   1.0218310169875622e-02
   6.7000000000000000e+01   1.0337579064071178e-02
   6.8000000000000000e+01   1.0330211371183395e-02
   6.9000000000000000e+01   1.0342082940042019e-02
   7.0000000000000000e+01   1.0187357664108276e-02
   7.1000000000000000e+01   1.0035380721092224e-02
   7.2000000000000000e+01   9.9197113886475563e-03
   7.3000000000000000e+01   1.0059752501547337e-02
   7.4000000000000000e+01   9.9699851125478745e-03
   7.5000000000000000e+01   9.7853997722268105e-03
   7.6000000000000000e+01   9.6230171620845795e-03
   7.7000000000000000e+01   9.5582390204071999e-03
   7.8000000000000000e+01   9.4875385984778404e-03
   7.9000000000000000e+01   9.2978924512863159e-03
   8.0000000000000000e+01   9.2049203813076019e-03
   8.1000000000000000e+01   9.1768307611346245e-03
   8.2000000000000000e+01   9.0117026120424271e-03
   8.3000000000000000e+01   8.8073639199137688e-03
   8.4000000000000000e+01   8.5005490109324455e-03
   8.5000000000000000e+01   8.3275996148586273e-03
   8.6000000000000000e+01   8.4131769835948944e-03
   8.7000000000000000e+01   8.2158064469695091e-03
   8.8000000000000000e+01   7.9685980454087257e-03
   8.9000000000000000e+01   7.7715641818940639e-03
   9.0000000000000000e+01   7.6444805599749088e-03
   9.1000000000000000e+01   7.4706105515360832e-03
   9.2000000000000000e+01   7.3165437206625938e-03
   9.3000000000000000e+01   7.1436138823628426e-03
   9.4000000000000000e+01   7.0322360843420029e-03
   9.5000000000000000e+01   6.8634827621281147e-03
   9.6000000000000000e+01   6.7689199931919575e-03
   9.7000000000000000e+01   6.7304284311830997e-03
   9.8000000000000000e+01   6.6036796197295189e-03
   9.9000000000000000e+01   6.5186661668121815e-03
   1.0000000000000000e+02   6.4549120143055916e-03
   1.0100000000000000e+02   6.1713582836091518e-03
   1.0200000000000000e+02   6.0919974930584431e-03
   1.0300000000000000e+02   5.9884465299546719e-03
   1.0400000000000000e+02   6.0015008784830570e-03
   1.0500000000000000e+02   5.9115909971296787e-03
   1.0600000000000000e+02   5.9186578728258610e-03
   1.0700000000000000e+02   5.8823768049478531e-03
   1.0800000000000000e+02   5.8165779337286949e-03
   1.0900000000000000e+02   5.7493480853736401e-03
   1.1000000000000000e+02   5.7315360754728317e-03
   1.1100000000000000e+02   5.6566786952316761e-03
   1.1200000000000000e+02   5.6074056774377823e-03
   1.1300000000000000e+02   5.6740758009254932e-03
   1.1400000000000000e+02   5.7370108552277088e-03
   1.1500000000000000e+02   5.7949223555624485e-03
   1.1600000000000000e+02   5.8412775397300720e-03
   1.1700000000000000e+02   5.8571798726916313e-03
   1.1800000000000000e+02   5.9420750476419926e-03
   1.1900000000000000e+02   5.9331762604415417e-03
   1.2000000000000000e+02   6.0820090584456921e-03
   1.2100000000000000e+02   6.1221877112984657e-03
   1.2200000000000000e+02   6.1385179869830608e-03
   1.2300000000000000e+02   6.2324940226972103e-03
   1.2400000000000000e+02   6.3020233064889908e-03
   1.2500000000000000e+02   6.4275995828211308e-03
   1.2600000000000000e+02   6.6387816332280636e-03
   1.2700000000000000e+02   6.8464437499642372e-03
   1.2800000000000000e+02   7.0640849880874157e-03
   1.2900000000000000e+02   7.3565253987908363e-03
   1.3000000000000000e+02   7.6650329865515232e-03
   1.3100000000000000e+02   8.0092083662748337e-03
   1.3200000000000000e+02   8.4835430607199669e-03
   1.3300000000000000e+02   8.8974032551050186e-03
   1.3400000000000000e+02   9.4904182478785515e-03
   1.3500000000000000e+02   9.9754361435770988e-03
   1.3600000000000000e+02   1.0591288097202778e-02
   1.3700000000000000e+02   1.1245172470808029e-02
   1.3800000000000000e+02   1.1978722177445889e-02
   1.3900000000000000e+02   1.2738782912492752e-02
   1.4000000000000000e+02   1.3515074737370014e-02
   1.4100000000000000e+02   1.4301394112408161e-02
   1.4200000000000000e+02   1.5249409712851048e-02
   1.4300000000000000e+02   1.6334479674696922e-02
   1.4400000000000000e+02   1.7216144129633904e-02
   1.4500000000000000e+02   1.8127238377928734e-02
   1.4600000000000000e+02   1.9327947869896889e-02
   1.4700000000000000e+02   2.0192643627524376e-02
   1.4800000000000000e+02   2.1210871636867523e-02
   1.4900000000000000e+02   2.2070609033107758e-02
   1.5000000000000000e+02   2.3256989195942879e-02
   1.5100000000000000e+02   2.4120369926095009e-02
   1.5200000000000000e+02   2.5215012952685356e-02
   1.5300000000000000e+02   2.6241101324558258e-02
   1.5400000000000000e+02   2.7224961668252945e-02
   1.5500000000000000e+02   2.8170103207230568e-02
   1.5600000000000000e+02   2.9016230255365372e-02
   1.5700000000000000e+02   2.9927419498562813e-02
   1.5800000000000000e+02   3.0439432710409164e-02
   1.5900000000000000e+02   3.1185617670416832e-02
   1.6000000000000000e+02   3.2026320695877075e-02
   1.6100000000000000e+02   3.2607037574052811e-02
   1.6200000000000000e+02   3.3388417214155197e-02
   1.6300000000000000e+02   3.3867366611957550e-02
   1.6400000000000000e+02   3.4543335437774658e-02
   1.6500000000000000e+02   3.4902416169643402e-02
   1.6600000000000000e+02   3.5588271915912628e-02
   1.6700000000000000e+02   3.6161329597234726e-02
   1.6800000000000000e+02   3.6821376532316208e-02
   1.6900000000000000e+02   3.7308827042579651e-02
   1.7000000000000000e+02   3.7955243140459061e-02
   1.7100000000000000e+02   3.8581427186727524e-02
   1.7200000000000000e+02   3.9156328886747360e-02
   1.7300000000000000e+02   3.9985504001379013e-02
   1.7400000000000000e+02   4.0657684206962585e-02
   1.7500000000000000e+02   4.1027177125215530e-02
   1.7600000000000000e+02   4.1719816625118256e-02
   1.7700000000000000e+02   4.2508110404014587e-02
   1.7800000000000000e+02   4.3313212692737579e-02
   1.7900000000000000e+02   4.4143211096525192e-02
   1.8000000000000000e+02   4.4828452169895172e-02
   1.8100000000000000e+02   4.5808270573616028e-02
   1.8200000000000000e+02   4.6497087925672531e-02
   1.8300000000000000e+02   4.7113820910453796e-02
   1.8400000000000000e+02   4.7858614474534988e-02
   1.8500000000000000e+02   4.8533879220485687e-02
   1.8600000000000000e+02   4.9300324171781540e-02
   1.8700000000000000e+02   5.0042729824781418e-02
   1.8800000000000000e+02   5.0797574222087860e-02
   1.8900000000000000e+02   5.1559492945671082e-02
   1.9000000000000000e+02   5.2711490541696548e-02
   1.9100000000000000e+02   5.3443193435668945e-02
   1.9200000000000000e+02   5.4116837680339813e-02
   1.9300000000000000e+02   5.5043514817953110e-02
   1.9400000000000000e+02   5.5980049073696136e-02
   1.9500000000000000e+02   5.6793518364429474e-02
   1.9600000000000000e+02   5.7326503098011017e-02
   1.9700000000000000e+02   5.8256253600120544e-02
   1.9800000000000000e+02   5.9025015681982040e-02
   1.9900000000000000e+02   5.9967108070850372e-02
   2.0000000000000000e+02   6.0818549245595932e-02
   2.0100000000000000e+02   6.1357907950878143e-02
   2.0200000000000000e+02   6.2188174575567245e-02
   2.0300000000000000e+02   6.3111163675785065e-02
   2.0400000000000000e+02   6.3954636454582214e-02
   2.0500000000000000e+02   6.4568378031253815e-02
   2.0600000000000000e+02   6.5410465002059937e-02
   2.0700000000000000e+02   6.6105775535106659e-02
   2.0800000000000000e+02   6.6741034388542175e-02
   2.0900000000000000e+02   6.7213796079158783e-02
   2.1000000000000000e+02   6.7893542349338531e-02
   2.1100000000000000e+02   6.8841390311717987e-02
   2.1200000000000000e+02   6.9627001881599426e-02
   2.1300000000000000e+02   7.0599250495433807e-02
   2.1400000000000000e+02   7.1220360696315765e-02
   2.1500000000000000e+02   7.1613579988479614e-02
   2.1600000000000000e+02   7.2549842298030853e-02
   2.1700000000000000e+02   7.2877787053585052e-02
   2.1800000000000000e+02   7.3357321321964264e-02
   2.1900000000000000e+02   7.3689870536327362e-02
   2.2000000000000000e+02   7.3983192443847656e-02
   2.2100000000000000e+02   7.4223831295967102e-02
   2.2200000000000000e+02   7.4520938098430634e-02
   2.2300000000000000e+02   7.4796214699745178e-02
   2.2400000000000000e+02   7.5127460062503815e-02
   2.2500000000000000e+02   7.5506873428821564e-02
   2.2600000000000000e+02   7.5629211962223053e-02
   2.2700000000000000e+02   7.5724840164184570e-02
   2.2800000000000000e+02   7.6096870005130768e-02
   2.2900000000000000e+02   7.6253794133663177e-02
   2.3000000000000000e+02   7.6979085803031921e-02
   2.3100000000000000e+02   7.6984874904155731e-02
   2.3200000000000000e+02   7.7377475798130035e-02
   2.3300000000000000e+02   7.7412113547325134e-02
   2.3400000000000000e+02   7.7816411852836609e-02
   2.3500000000000000e+02   7.8319050371646881e-02
   2.3600000000000000e+02   7.8450091183185577e-02
   2.3700000000000000e+02   7.9032264649868011e-02
   2.3800000000000000e+02   7.9535029828548431e-02
   2.3900000000000000e+02   7.9669095575809479e-02
   2.4000000000000000e+02   8.0139204859733582e-02
   2.4100000000000000e+02   8.0108486115932465e-02
   2.4200000000000000e+02   8.0124340951442719e-02
   2.4300000000000000e+02   7.9781636595726013e-02
   2.4400000000000000e+02   8.0042511224746704e-02
   2.4500000000000000e+02   7.9807542264461517e-02
   2.4600000000000000e+02   7.9898595809936523e-02
   2.4700000000000000e+02   7.9813651740550995e-02
   2.4800000000000000e+02   7.9735182225704193e-02
   2.4900000000000000e+02   7.9663895070552826e-02
   2.5000000000000000e+02   7.9433687031269073e-02
   2.5100000000000000e+02   7.9515680670738220e-02
   2.5200000000000000e+02   7.9188585281372070e-02
   2.5300000000000000e+02   7.8798577189445496e-02
   2.5400000000000000e+02   7.8823104500770569e-02
   2.5500000000000000e+02   7.8372783958911896e-02
   2.5600000000000000e+02   7.8491307795047760e-02
   2.5700000000000000e+02   7.8266896307468414e-02
   2.5800000000000000e+02   7.8088454902172089e-02
   2.5900000000000000e+02   7.7814355492591858e-02
   2.6000000000000000e+02   7.7686712145805359e-02
   2.6100000000000000e+02   7.7660627663135529e-02
   2.6200000000000000e+02   7.7793017029762268e-02
   2.6300000000000000e+02   7.7953256666660309e-02
   2.6400000000000000e+02   7.7823325991630554e-02
   2.6500000000000000e+02   7.7617153525352478e-02
   2.6600000000000000e+02   7.7439837157726288e-02
   2.6700000000000000e+02   7.7538572251796722e-02
   2.6800000000000000e+02   7.7533788979053497e-02
   2.6900000000000000e+02   7.7294021844863892e-02
   2.7000000000000000e+02   7.7185653150081635e-02
   2.7100000000000000e+02   7.6924890279769897e-02
   2.7200000000000000e+02   7.7027961611747742e-02
   2.7300000000000000e+02   7.7039033174514771e-02
   2.7400000000000000e+02   7.7036544680595398e-02
   2.7500000000000000e+02   7.6882787048816681e-02
   2.7600000000000000e+02   7.6684087514877319e-02
   2.7700000000000000e+02   7.6377399265766144e-02
   2.7800000000000000e+02   7.6183959841728210e-02
   2.7900000000000000e+02   7.5645513832569122e-02
   2.8000000000000000e+02   7.5609281659126282e-02
   2.8100000000000000e+02   7.5468055903911591e-02
   2.8200000000000000e+02   7.5136795639991760e-02
   2.8300000000000000e+02   7.4875093996524811e-02
   2.8400000000000000e+02   7.4949763715267181e-02
   2.8500000000000000e+02   7.4877701699733734e-02
   2.8600000000000000e+02   7.4782133102416992e-02
   2.8700000000000000e+02   7.4666574597358704e-02
   2.8800000000000000e+02   7.4450343847274780e-02
   2.8900000000000000e+02   7.3877997696399689e-02
   2.9000000000000000e+02   7.3670156300067902e-02
   2.9100000000000000e+02   7.3435015976428986e-02
   2.9200000000000000e+02   7.3053002357482910e-02
   2.9300000000000000e+02   7.2503574192523956e-02
   2.9400000000000000e+02   7.2729535400867462e-02
   2.9500000000000000e+02   7.2601243853569031e-02
   2.9600000000000000e+02   7.2503410279750824e-02
   2.9700000000000000e+02   7.2308950126171112e-02
   2.9800000000000000e+02   7.2222776710987091e-02
   2.9900000000000000e+02   7.1784824132919312e-02
   3.0000000000000000e+02   7.1497321128845215e-02
