0.00	0.00	0.05
0.21	0.00	0.05
0.43	0.00	0.05
0.64	0.00	0.05
0.85	0.00	0.05
1.07	0.00	0.05
1.28	0.00	0.05
1.49	0.00	0.05
1.71	0.00	0.05
1.92	0.00	0.05
2.13	0.00	0.05
2.34	0.00	0.05
2.56	0.00	0.05
2.77	0.00	0.05
2.98	0.00	0.05
3.20	0.00	0.05
3.41	0.00	0.05
3.62	0.00	0.05
3.84	0.00	0.05
4.05	0.00	0.05
4.26	0.00	0.05
4.48	0.00	0.05
4.69	0.00	0.05
4.90	0.00	0.05
5.12	0.00	0.05
5.33	0.00	0.05
5.54	0.00	0.05
5.76	0.00	0.05
5.97	0.00	0.05
6.18	0.00	0.05
6.39	0.00	0.05
6.61	0.00	0.05
6.82	0.00	0.05
7.03	0.00	0.05
7.25	0.00	0.05
7.46	0.00	0.05
7.67	0.00	0.05
7.89	0.00	0.05
8.10	0.00	0.05
8.31	0.00	0.05
8.53	0.00	0.05
8.74	0.00	0.05
8.95	0.00	0.05
9.17	0.00	0.05
9.38	0.00	0.05
9.59	0.00	0.05
9.81	0.00	0.05
10.02	0.00	0.05
10.23	0.00	0.05
10.44	0.00	0.05
10.66	0.00	0.05
10.87	0.00	0.05
11.08	0.00	0.05
11.30	0.00	0.05
11.51	0.00	0.05
11.72	0.00	0.05
11.94	0.00	0.05
12.15	0.00	0.05
12.36	0.00	0.05
12.58	0.00	0.05
12.79	0.00	0.05
13.00	0.00	0.05
13.22	0.00	0.05
13.43	0.00	0.05
13.64	0.00	0.05
13.86	0.00	0.05
14.07	0.00	0.05
14.28	0.00	0.05
14.49	0.00	0.05
14.71	0.00	0.05
14.92	0.00	0.05
15.13	0.00	0.05
15.35	0.00	0.05
15.56	0.00	0.05
15.77	0.00	0.05
15.99	0.00	0.05
16.20	0.00	0.05
16.41	0.00	0.05
16.63	0.00	0.05
16.84	0.00	0.05
17.05	0.00	0.05
17.27	0.00	0.05
17.48	0.00	0.05
17.69	0.00	0.05
17.90	0.00	0.05
18.12	0.00	0.05
18.33	0.00	0.05
18.54	0.00	0.05
18.76	0.00	0.05
18.97	0.00	0.05
19.18	0.00	0.05
19.40	0.00	0.05
19.61	0.00	0.05
19.82	0.00	0.05
20.04	0.00	0.05
20.25	0.00	0.05
20.46	0.00	0.05
20.68	0.00	0.05
20.89	0.00	0.05
21.10	0.00	0.05
21.32	0.00	0.05
21.53	0.00	0.05
21.74	0.00	0.05
21.95	0.00	0.05
22.17	0.00	0.05
22.38	0.00	0.05
22.59	0.00	0.05
22.81	0.00	0.05
23.02	0.00	0.05
23.23	0.00	0.05
23.45	0.00	0.05
23.66	0.00	0.05
23.87	0.00	0.05
24.09	0.00	0.05
24.30	0.00	0.05
24.51	0.00	0.05
24.73	0.00	0.05
24.94	0.00	0.05
25.15	0.00	0.05
25.37	0.00	0.05
25.58	0.00	0.05
25.79	0.00	0.05
26.00	0.00	0.05
26.22	0.00	0.05
26.43	0.00	0.05
26.64	0.00	0.05
26.86	0.00	0.05
27.07	0.00	0.05
27.28	0.00	0.05
27.50	0.00	0.05
27.71	0.00	0.05
27.92	0.00	0.05
28.14	0.00	0.05
28.35	0.00	0.05
28.56	0.00	0.05
28.78	0.00	0.05
28.99	0.00	0.05
29.20	0.00	0.05
29.42	0.00	0.05
29.63	0.00	0.05
29.84	0.00	0.05
30.05	0.00	0.05
30.27	0.00	0.05
30.48	0.00	0.05
30.69	0.00	0.05
30.91	0.00	0.05
31.12	0.00	0.05
31.33	0.00	0.05
31.55	0.00	0.05
31.76	0.00	0.05
31.97	0.00	0.05
32.19	0.00	0.05
32.40	0.00	0.05
32.61	0.00	0.05
32.83	0.00	0.05
33.04	0.00	0.05
33.25	0.00	0.05
33.47	0.00	0.05
33.68	0.00	0.05
33.89	0.00	0.05
34.10	0.00	0.05
34.32	0.00	0.05
34.53	0.00	0.05
34.74	0.00	0.05
34.96	0.00	0.05
35.17	0.00	0.05
35.38	0.00	0.05
35.60	0.00	0.05
35.81	0.00	0.05
36.02	0.00	0.05
36.24	0.00	0.05
36.45	0.00	0.05
36.66	0.00	0.05
36.88	0.00	0.05
37.09	0.00	0.05
37.30	0.00	0.05
37.52	0.00	0.05
37.73	0.00	0.05
37.94	0.00	0.05
38.15	0.00	0.05
38.37	0.00	0.05
38.58	0.00	0.05
38.79	0.00	0.05
39.01	0.00	0.05
39.22	0.00	0.05
39.43	0.00	0.05
39.65	0.00	0.05
39.86	0.00	0.05
40.07	0.00	0.05
40.29	0.00	0.05
40.50	0.00	0.05
40.71	0.00	0.05
40.93	0.00	0.06
41.14	0.00	0.06
41.35	0.00	0.06
41.57	0.00	0.06
41.78	0.00	0.06
41.99	0.00	0.06
42.20	0.00	0.07
42.42	0.00	0.07
42.63	0.00	0.07
42.84	0.00	0.07
43.06	0.00	0.08
43.27	0.00	0.08
43.48	0.00	0.08
43.70	0.00	0.08
43.91	0.00	0.09
44.12	0.00	0.09
44.34	0.00	0.09
44.55	0.00	0.10
44.76	0.00	0.10
44.98	0.00	0.10
45.19	0.00	0.11
45.40	0.00	0.11
45.61	0.00	0.11
45.83	0.00	0.12
46.04	0.00	0.12
46.25	0.00	0.12
46.47	0.00	0.13
46.68	0.00	0.13
46.89	0.00	0.13
47.11	0.00	0.14
47.32	0.00	0.14
47.53	0.00	0.14
47.75	0.02	0.15
47.96	0.05	0.15
48.17	0.22	0.16
48.39	0.27	0.16
48.60	0.28	0.16
48.81	0.42	0.17
49.03	0.55	0.17
49.24	0.69	0.18
49.45	0.79	0.18
49.66	0.93	0.18
49.88	1.12	0.19
50.09	1.28	0.19
50.30	1.47	0.20
50.52	1.64	0.20
50.73	1.87	0.20
50.94	2.12	0.21
51.16	2.37	0.21
51.37	2.62	0.22
51.58	2.92	0.22
51.80	3.27	0.22
52.01	3.62	0.23
52.22	4.06	0.23
52.44	4.49	0.24
52.65	5.00	0.24
52.86	5.58	0.24
53.08	6.19	0.25
53.29	6.82	0.25
53.50	7.54	0.26
53.71	8.29	0.26
53.93	9.15	0.27
54.14	10.01	0.27
54.35	10.90	0.27
54.57	11.90	0.28
54.78	13.01	0.28
54.99	14.05	0.29
55.21	15.24	0.29
55.42	16.38	0.29
55.63	17.61	0.30
55.85	18.79	0.30
56.06	20.02	0.31
56.27	21.26	0.31
56.49	22.45	0.31
56.70	23.61	0.32
56.91	24.79	0.32
57.13	25.89	0.33
57.34	26.90	0.33
57.55	27.86	0.33
57.76	28.74	0.34
57.98	29.54	0.34
58.19	30.32	0.35
58.40	30.96	0.35
58.62	31.48	0.35
58.83	31.97	0.36
59.04	32.30	0.36
59.26	32.56	0.37
59.47	32.78	0.37
59.68	32.84	0.38
59.90	32.89	0.38
60.11	32.86	0.38
60.32	32.68	0.39
60.54	32.56	0.39
60.75	32.24	0.40
60.96	31.92	0.40
61.18	31.62	0.40
61.39	31.20	0.41
61.60	30.77	0.41
61.81	30.27	0.42
62.03	29.75	0.42
62.24	29.22	0.42
62.45	28.62	0.43
62.67	28.06	0.43
62.88	27.41	0.44
63.09	26.86	0.44
63.31	26.20	0.44
63.52	25.52	0.45
63.73	24.92	0.45
63.95	24.24	0.45
64.16	23.62	0.46
64.37	22.89	0.46
64.59	22.32	0.47
64.80	21.75	0.47
65.01	21.11	0.47
65.23	20.53	0.48
65.44	19.92	0.48
65.65	19.31	0.49
65.86	18.70	0.49
66.08	18.22	0.49
66.29	17.66	0.50
66.50	17.19	0.50
66.72	16.57	0.51
66.93	16.16	0.51
67.14	15.65	0.51
67.36	15.20	0.52
67.57	14.78	0.52
67.78	14.29	0.52
68.00	13.88	0.53
68.21	13.47	0.53
68.42	13.09	0.54
68.64	12.69	0.54
68.85	12.32	0.54
69.06	11.99	0.55
69.28	11.67	0.55
69.49	11.40	0.56
69.70	11.05	0.56
69.91	10.83	0.56
70.13	10.51	0.57
70.34	10.23	0.57
70.55	9.96	0.57
70.77	9.68	0.58
70.98	9.47	0.58
71.19	9.21	0.59
71.41	8.98	0.59
71.62	8.74	0.59
71.83	8.50	0.60
72.05	8.31	0.60
72.26	8.12	0.60
72.47	7.98	0.61
72.69	7.76	0.61
72.90	7.56	0.61
73.11	7.43	0.62
73.33	7.26	0.62
73.54	7.06	0.63
73.75	6.96	0.63
73.96	6.77	0.63
74.18	6.70	0.64
74.39	6.54	0.64
74.60	6.38	0.64
74.82	6.31	0.65
75.03	6.18	0.65
75.24	6.10	0.66
75.46	5.99	0.66
75.67	5.84	0.66
75.88	5.76	0.67
76.10	5.61	0.67
76.31	5.52	0.67
76.52	5.42	0.68
76.74	5.36	0.68
76.95	5.27	0.68
77.16	5.17	0.69
77.37	5.03	0.69
77.59	5.02	0.70
77.80	4.95	0.70
78.01	4.82	0.70
78.23	4.75	0.71
78.44	4.68	0.71
78.65	4.61	0.71
78.87	4.56	0.72
79.08	4.49	0.72
79.29	4.41	0.72
79.51	4.37	0.73
79.72	4.28	0.73
79.93	4.27	0.73
80.15	4.24	0.74
80.36	4.11	0.74
80.57	3.99	0.75
80.79	4.04	0.75
81.00	4.01	0.75
81.21	3.96	0.76
81.42	3.86	0.76
81.64	3.79	0.76
81.85	3.77	0.77
82.06	3.73	0.77
82.28	3.68	0.77
82.49	3.61	0.78
82.70	3.60	0.78
82.92	3.54	0.78
83.13	3.50	0.79
83.34	3.44	0.79
83.56	3.43	0.79
83.77	3.39	0.80
83.98	3.31	0.80
84.20	3.32	0.81
84.41	3.25	0.81
84.62	3.23	0.81
84.84	3.17	0.82
85.05	3.16	0.82
85.26	3.12	0.82
85.47	3.04	0.83
85.69	3.05	0.83
85.90	3.04	0.83
86.11	2.99	0.84
86.33	2.97	0.84
86.54	2.92	0.84
86.75	2.88	0.85
86.97	2.86	0.85
87.18	2.84	0.85
87.39	2.81	0.86
87.61	2.74	0.86
87.82	2.76	0.86
88.03	2.71	0.87
88.25	2.65	0.87
88.46	2.66	0.87
88.67	2.61	0.88
88.89	2.64	0.88
89.10	2.56	0.88
89.31	2.52	0.89
89.52	2.48	0.89
89.74	2.44	0.89
89.95	2.40	0.90
90.16	2.42	0.90
90.38	2.42	0.90
90.59	2.34	0.91
90.80	2.34	0.91
91.02	2.29	0.91
91.23	2.27	0.92
91.44	2.26	0.92
91.66	2.20	0.92
91.87	2.18	0.92
92.08	2.12	0.93
92.30	2.07	0.93
92.51	2.07	0.93
92.72	2.06	0.93
92.94	2.01	0.94
93.15	2.02	0.94
93.36	1.90	0.94
93.57	1.95	0.94
93.79	1.90	0.95
94.00	1.80	0.95
94.21	1.78	0.95
94.43	1.77	0.95
94.64	1.72	0.95
94.85	1.73	0.95
95.07	1.71	0.96
95.28	1.64	0.96
95.49	1.62	0.96
95.71	1.58	0.96
95.92	1.53	0.96
96.13	1.53	0.96
96.35	1.48	0.97
96.56	1.51	0.97
96.77	1.43	0.97
96.99	1.41	0.97
97.20	1.38	0.97
97.41	1.33	0.97
97.62	1.31	0.97
97.84	1.31	0.97
98.05	1.28	0.97
98.26	1.22	0.98
98.48	1.25	0.98
98.69	1.19	0.98
98.90	1.13	0.98
99.12	1.13	0.98
99.33	1.09	0.98
99.54	1.05	0.98
99.76	1.05	0.98
99.97	1.00	0.98
100.18	1.06	0.98
100.40	0.99	0.98
100.61	1.00	0.98
100.82	0.94	0.98
101.04	0.92	0.99
101.25	0.95	0.99
101.46	0.85	0.99
101.67	0.86	0.99
101.89	0.83	0.99
102.10	0.80	0.99
102.31	0.76	0.99
102.53	0.76	0.99
102.74	0.75	0.99
102.95	0.76	0.99
103.17	0.73	0.99
103.38	0.69	0.99
103.59	0.62	0.99
103.81	0.58	0.99
104.02	0.63	0.99
104.23	0.61	0.99
104.45	0.58	0.99
104.66	0.58	0.99
104.87	0.56	0.99
105.09	0.55	0.99
105.30	0.47	0.99
105.51	0.52	0.99
105.72	0.50	0.99
105.94	0.45	0.99
106.15	0.46	0.99
106.36	0.41	0.99
106.58	0.43	0.99
106.79	0.41	0.99
107.00	0.39	0.99
107.22	0.42	0.99
107.43	0.34	0.99
107.64	0.36	0.99
107.86	0.35	1.00
108.07	0.33	1.00
108.28	0.32	1.00
108.50	0.27	1.00
108.71	0.32	1.00
108.92	0.23	1.00
109.13	0.26	1.00
109.35	0.24	1.00
109.56	0.20	1.00
109.77	0.27	1.00
109.99	0.20	1.00
110.20	0.22	1.00
110.41	0.16	1.00
110.63	0.18	1.00
110.84	0.14	1.00
111.05	0.20	1.00
111.27	0.19	1.00
111.48	0.07	1.00
111.69	0.09	1.00
111.91	0.10	1.00
112.12	0.08	1.00
112.33	0.08	1.00
112.55	0.07	1.00
112.76	0.04	1.00
112.97	0.05	1.00
113.18	0.02	1.00
113.40	0.02	1.00
113.61	0.00	1.00
113.82	0.06	1.00
114.04	0.00	1.00
114.25	0.00	1.00
114.46	0.00	1.00
114.68	0.00	1.00
114.89	0.00	1.00
115.10	0.00	1.00
115.32	0.00	1.00
115.53	0.00	1.00
115.74	0.00	1.00
115.96	0.00	1.00
116.17	0.00	1.00
116.38	0.00	1.00
116.60	0.00	1.00
116.81	0.00	1.00
117.02	0.00	1.00
117.23	0.00	1.00
117.45	0.00	1.00
117.66	0.00	1.00
117.87	0.00	1.00
118.09	0.00	1.00
118.30	0.00	1.00
118.51	0.00	1.00
118.73	0.00	1.00
118.94	0.00	1.00
119.15	0.00	1.00
119.37	0.00	1.00
119.58	0.00	1.00
119.79	0.00	1.00
120.01	0.00	1.00
120.22	0.00	1.00
120.43	0.00	1.00
120.65	0.00	1.00
120.86	0.00	1.00
121.07	0.00	1.00
121.28	0.00	1.00
121.50	0.00	1.00
121.71	0.00	1.00
121.92	0.00	1.00
122.14	0.00	1.00
122.35	0.00	1.00
122.56	0.00	1.00
122.78	0.00	1.00
122.99	0.00	1.00
123.20	0.00	1.00
123.42	0.00	1.00
123.63	0.00	1.00
123.84	0.00	1.00
124.06	0.00	1.00
124.27	0.00	1.00
124.48	0.00	1.00
124.70	0.00	1.00
124.91	0.00	1.00
125.12	0.00	1.00
125.33	0.00	1.00
125.55	0.00	1.00
125.76	0.00	1.00
125.97	0.00	1.00
126.19	0.00	1.00
126.40	0.00	1.00
126.61	0.00	1.00
126.83	0.00	1.00
127.04	0.00	1.00
127.25	0.00	1.00
127.47	0.00	1.00
127.68	0.00	1.00
127.89	0.00	1.00
128.11	0.00	1.00
128.32	0.00	1.00
128.53	0.00	1.00
128.75	0.00	1.00
128.96	0.00	1.00
129.17	0.00	1.00
129.38	0.00	1.00
129.60	0.00	1.00
129.81	0.00	1.00
130.02	0.00	1.00
130.24	0.00	1.00
130.45	0.00	1.00
130.66	0.00	1.00
130.88	0.00	1.00
131.09	0.00	1.00
131.30	0.00	1.00
131.52	0.00	1.00
131.73	0.00	1.00
131.94	0.00	1.00
132.16	0.00	1.00
132.37	0.00	1.00
132.58	0.00	1.00
132.80	0.00	1.00
133.01	0.00	1.00
133.22	0.00	1.00
133.43	0.00	1.00
133.65	0.00	1.00
133.86	0.00	1.00
134.07	0.00	1.00
134.29	0.00	1.00
134.50	0.00	1.00
134.71	0.00	1.00
134.93	0.00	1.00
135.14	0.00	1.00
135.35	0.00	1.00
135.57	0.00	1.00
135.78	0.00	1.00
135.99	0.00	1.00
136.21	0.00	1.00
136.42	0.00	1.00
136.63	0.00	1.00
136.84	0.00	1.00
137.06	0.00	1.00
137.27	0.00	1.00
137.48	0.00	1.00
137.70	0.00	1.00
137.91	0.00	1.00
138.12	0.00	1.00
138.34	0.00	1.00
138.55	0.00	1.00
138.76	0.00	1.00
138.98	0.00	1.00
139.19	0.00	1.00
139.40	0.00	1.00
139.62	0.00	1.00
139.83	0.00	1.00
140.04	0.00	1.00
140.26	0.00	1.00
140.47	0.00	1.00
140.68	0.00	1.00
140.89	0.00	1.00
141.11	0.00	1.00
141.32	0.00	1.00
141.53	0.00	1.00
141.75	0.00	1.00
141.96	0.00	1.00
142.17	0.00	1.00
142.39	0.00	1.00
142.60	0.00	1.00
142.81	0.00	1.00
143.03	0.00	1.00
143.24	0.00	1.00
143.45	0.00	1.00
143.67	0.00	1.00
143.88	0.00	1.00
144.09	0.00	1.00
144.31	0.00	1.00
144.52	0.00	1.00
144.73	0.00	1.00
144.94	0.00	1.00
145.16	0.00	1.00
145.37	0.00	1.00
145.58	0.00	1.00
145.80	0.00	1.00
146.01	0.00	1.00
146.22	0.00	1.00
146.44	0.00	1.00
146.65	0.00	1.00
146.86	0.00	1.00
147.08	0.00	1.00
147.29	0.00	1.00
147.50	0.00	1.00
147.72	0.00	1.00
147.93	0.00	1.00
148.14	0.00	1.00
148.36	0.00	1.00
148.57	0.00	1.00
148.78	0.00	1.00
148.99	0.00	1.00
149.21	0.00	1.00
149.42	0.00	1.00
149.63	0.00	1.00
149.85	0.00	1.00
150.06	0.00	1.00
150.27	0.00	1.00
150.49	0.00	1.00
150.70	0.00	1.00
150.91	0.00	1.00
151.13	0.00	1.00
151.34	0.00	1.00
151.55	0.00	1.00
151.77	0.00	1.00
151.98	0.00	1.00
152.19	0.00	1.00
152.41	0.00	1.00
152.62	0.00	1.00
152.83	0.00	1.00
153.04	0.00	1.00
