%tpo	abs	sal
%min	mAU	M
0.0000	0.0000	0.0158
0.0116	0.0000	0.0155
0.0231	0.0000	0.0154
0.0347	0.0000	0.0150
0.0462	0.0000	0.0149
0.0578	0.0000	0.0146
0.0693	0.0000	0.0143
0.0809	0.0000	0.0140
0.0924	0.0000	0.0138
0.1040	0.0000	0.0136
0.1155	0.0000	0.0133
0.1271	0.0000	0.0132
0.1387	0.0000	0.0129
0.1502	0.0000	0.0127
0.1618	0.0000	0.0125
0.1733	0.0000	0.0124
0.1849	0.0000	0.0121
0.1964	0.0000	0.0119
0.2080	0.0000	0.0118
0.2195	0.0000	0.0116
0.2311	0.0000	0.0113
0.2426	0.0000	0.0112
0.2542	0.0000	0.0111
0.2658	0.0000	0.0108
0.2773	0.0000	0.0107
0.2889	0.0000	0.0105
0.3004	0.0000	0.0103
0.3120	0.0000	0.0101
0.3235	0.0000	0.0100
0.3351	0.0000	0.0097
0.3466	0.0000	0.0095
0.3582	0.0000	0.0093
0.3697	0.0000	0.0091
0.3813	0.0000	0.0089
0.3929	0.0000	0.0087
0.4044	0.0000	0.0085
0.4160	0.0000	0.0083
0.4275	0.0000	0.0082
0.4391	0.0000	0.0080
0.4506	0.0000	0.0076
0.4622	0.0000	0.0072
0.4737	0.0000	0.0068
0.4853	0.0000	0.0064
0.4968	0.0000	0.0060
0.5084	0.0000	0.0056
0.5200	0.0000	0.0053
0.5315	0.0000	0.0050
0.5431	0.0000	0.0048
0.5546	0.0000	0.0046
0.5662	0.0000	0.0046
0.5777	0.0000	0.0046
0.5893	0.0000	0.0047
0.6008	0.0000	0.0048
0.6124	0.0000	0.0050
0.6239	0.0000	0.0053
0.6355	0.0000	0.0056
0.6470	0.0000	0.0059
0.6586	0.0000	0.0062
0.6702	0.0000	0.0065
0.6817	0.0000	0.0067
0.6933	0.0000	0.0069
0.7048	0.0000	0.0072
0.7164	0.0000	0.0074
0.7279	0.0000	0.0076
0.7395	0.0000	0.0078
0.7510	0.0000	0.0079
0.7626	0.0000	0.0080
0.7741	0.0000	0.0081
0.7857	0.0000	0.0082
0.7973	0.0000	0.0082
0.8088	0.0000	0.0082
0.8204	0.0000	0.0082
0.8319	0.0000	0.0082
0.8435	0.0000	0.0081
0.8550	0.0000	0.0080
0.8666	0.0000	0.0079
0.8781	0.0000	0.0079
0.8897	0.0000	0.0078
0.9012	0.0000	0.0077
0.9128	0.0000	0.0076
0.9244	0.0000	0.0075
0.9359	0.0000	0.0074
0.9475	0.0000	0.0073
0.9590	0.0000	0.0072
0.9706	0.0000	0.0071
0.9821	0.0000	0.0069
0.9937	0.0000	0.0069
1.0052	0.0000	0.0067
1.0168	0.0000	0.0066
1.0283	0.0000	0.0065
1.0399	0.0000	0.0064
1.0515	0.0000	0.0062
1.0630	0.0000	0.0061
1.0746	0.0000	0.0059
1.0861	0.0000	0.0058
1.0977	0.0000	0.0057
1.1092	0.0000	0.0056
1.1208	0.0000	0.0055
1.1323	0.0000	0.0054
1.1439	0.0000	0.0053
1.1554	0.0000	0.0052
1.1670	0.0000	0.0051
1.1786	0.0000	0.0050
1.1901	0.0000	0.0049
1.2017	0.0000	0.0048
1.2132	0.0000	0.0047
1.2248	0.0000	0.0046
1.2363	0.0000	0.0045
1.2479	0.0000	0.0044
1.2594	0.0000	0.0043
1.2710	0.0000	0.0042
1.2825	0.0000	0.0041
1.2941	0.0000	0.0041
1.3057	0.0000	0.0040
1.3172	0.0000	0.0039
1.3288	0.0000	0.0038
1.3403	0.0000	0.0038
1.3519	0.0000	0.0037
1.3634	0.0000	0.0036
1.3750	0.0000	0.0036
1.3865	0.0000	0.0035
1.3981	0.0000	0.0034
1.4096	0.0000	0.0034
1.4212	0.0000	0.0033
1.4328	0.0000	0.0032
1.4443	0.0000	0.0032
1.4559	0.0000	0.0031
1.4674	0.0000	0.0031
1.4790	0.0000	0.0030
1.4905	0.0000	0.0030
1.5021	0.0000	0.0029
1.5136	0.0000	0.0029
1.5252	0.0000	0.0028
1.5367	0.0000	0.0028
1.5483	0.0000	0.0027
1.5599	0.0000	0.0027
1.5714	0.0000	0.0026
1.5830	0.0000	0.0026
1.5945	0.0000	0.0025
1.6061	0.0000	0.0025
1.6176	0.0000	0.0024
1.6292	0.0000	0.0024
1.6407	0.0000	0.0024
1.6523	0.0000	0.0023
1.6638	0.0000	0.0023
1.6754	0.0000	0.0022
1.6870	0.0000	0.0022
1.6985	0.0000	0.0021
1.7101	0.0000	0.0021
1.7216	0.0000	0.0021
1.7332	0.0000	0.0020
1.7447	0.0000	0.0020
1.7563	0.0000	0.0020
1.7678	0.0000	0.0019
1.7794	0.0000	0.0019
1.7909	0.0000	0.0018
1.8025	0.0000	0.0018
1.8141	0.0000	0.0018
1.8256	0.0000	0.0017
1.8372	0.0000	0.0017
1.8487	0.0000	0.0017
1.8603	0.0000	0.0016
1.8718	0.0000	0.0016
1.8834	0.0000	0.0016
1.8949	0.0000	0.0015
1.9065	0.0000	0.0015
1.9180	0.0000	0.0015
1.9296	0.0000	0.0014
1.9411	0.0000	0.0014
1.9527	0.0000	0.0014
1.9643	0.0000	0.0013
1.9758	0.0000	0.0013
1.9874	0.0000	0.0013
1.9989	0.0000	0.0012
2.0105	0.0000	0.0012
2.0220	0.0000	0.0012
2.0336	0.0000	0.0011
2.0451	0.0000	0.0011
2.0567	0.0000	0.0011
2.0682	0.0000	0.0011
2.0798	0.0000	0.0010
2.0914	0.0000	0.0010
2.1029	0.0000	0.0010
2.1145	0.0000	0.0009
2.1260	0.0000	0.0009
2.1376	0.0000	0.0008
2.1491	0.0000	0.0008
2.1607	0.0000	0.0008
2.1722	0.0000	0.0008
2.1838	0.0000	0.0007
2.1953	0.0000	0.0007
2.2069	0.0000	0.0007
2.2185	0.0000	0.0006
2.2300	0.0000	0.0006
2.2416	0.0000	0.0006
2.2531	0.0000	0.0006
2.2647	0.0000	0.0005
2.2762	0.0000	0.0005
2.2878	0.0000	0.0005
2.2993	0.0000	0.0004
2.3109	0.0000	0.0004
2.3224	0.0000	0.0004
2.3340	0.0000	0.0004
2.3456	0.0000	0.0004
2.3571	0.0000	0.0003
2.3687	0.0000	0.0003
2.3802	0.0000	0.0002
2.3918	0.0000	0.0002
2.4033	0.0000	0.0002
2.4149	0.0000	0.0001
2.4264	0.0000	0.0001
2.4380	0.0000	0.0000
2.4495	0.0000	0.0001
2.4611	0.0000	0.0008
2.4727	0.0000	0.0015
2.4842	0.0000	0.0048
2.4958	0.0000	0.0103
2.5073	0.0000	0.0148
2.5189	0.0000	0.0233
2.5304	0.0000	0.0363
2.5420	0.0000	0.0451
2.5535	0.0000	0.0574
2.5651	0.0000	0.0740
2.5766	0.0000	0.0866
2.5882	0.0000	0.1005
2.5998	0.0000	0.1189
2.6113	0.0000	0.1335
2.6229	0.0000	0.1484
2.6344	0.0000	0.1642
2.6460	0.0000	0.1808
2.6575	0.0000	0.2001
2.6691	0.0000	0.2223
2.6806	0.0000	0.2476
2.6922	0.0000	0.2754
2.7037	0.0000	0.3005
2.7153	0.0000	0.3244
2.7269	0.0000	0.3486
2.7384	0.0000	0.3681
2.7500	0.0000	0.3852
2.7615	0.0000	0.4023
2.7731	0.0000	0.4169
2.7846	0.0000	0.4327
2.7962	0.0000	0.4492
2.8077	0.0000	0.4648
2.8193	0.0000	0.4836
2.8308	0.0000	0.5006
2.8424	0.0000	0.5166
2.8540	0.0000	0.5377
2.8655	0.0000	0.5559
2.8771	0.0000	0.5714
2.8886	0.0000	0.5943
2.9002	0.0000	0.6135
2.9117	0.0000	0.6283
2.9233	0.0000	0.6509
2.9348	0.0000	0.6728
2.9464	0.0000	0.6875
2.9579	0.0000	0.7070
2.9695	0.0000	0.7263
2.9811	0.0000	0.7390
2.9926	2.8461	0.7523
3.0042	6.8002	0.7675
3.0157	12.3505	0.7800
3.0273	20.6451	0.7901
3.0388	31.2599	0.8032
3.0504	43.3002	0.8176
3.0619	61.3277	0.8271
3.0735	84.0177	0.8386
3.0850	109.5017	0.8569
3.0966	138.3306	0.8688
3.1081	175.3008	0.8796
3.1197	215.5105	0.8999
3.1313	258.6185	0.9135
3.1428	307.7850	0.9215
3.1544	363.2064	0.9403
3.1659	425.3274	0.9575
3.1775	487.8309	0.9660
3.1890	564.4014	0.9831
3.2006	637.1307	1.0057
3.2121	706.8511	1.0206
3.2237	770.0391	1.0275
3.2352	821.8545	1.0490
3.2468	860.5648	1.0562
3.2584	891.6745	1.0730
3.2699	921.8669	1.0935
3.2815	952.0053	1.1108
3.2930	983.3703	1.1278
3.3046	1014.9067	1.1358
3.3161	1044.2108	1.1547
3.3277	1066.1216	1.1631
3.3392	1082.9759	1.1751
3.3508	1095.7149	1.1928
3.3623	1098.6008	1.2032
3.3739	1094.9589	1.2119
3.3855	1085.0244	1.2273
3.3970	1070.2487	1.2400
3.4086	1060.0411	1.2496
3.4201	1052.7013	1.2649
3.4317	1048.0404	1.2843
3.4432	1042.2873	1.2981
3.4548	1031.6523	1.3152
3.4663	1011.2434	1.3390
3.4779	975.0468	1.3574
3.4894	930.8882	1.3725
3.5010	884.3222	1.3933
3.5126	828.0297	1.4108
3.5241	760.7909	1.4229
3.5357	703.3820	1.4384
3.5472	643.6108	1.4547
3.5588	573.8451	1.4659
3.5703	517.2458	1.4797
3.5819	471.7380	1.4967
3.5934	426.0487	1.5105
3.6050	375.5971	1.5247
3.6165	333.5305	1.5433
3.6281	292.8743	1.5598
3.6397	245.1657	1.5750
3.6512	198.7523	1.5926
3.6628	162.5889	1.6103
3.6743	131.8725	1.6263
3.6859	104.8507	1.6432
3.6974	87.9623	1.6591
3.7090	76.3296	1.6727
3.7205	65.8499	1.6847
3.7321	56.7784	1.6962
3.7436	50.0196	1.7074
3.7552	44.6431	1.7186
3.7668	39.2711	1.7305
3.7783	35.1951	1.7417
3.7899	31.9877	1.7527
3.8014	29.0504	1.7624
3.8130	25.9141	1.7709
3.8245	23.1038	1.7800
3.8361	20.7243	1.7893
3.8476	18.2824	1.7984
3.8592	16.0177	1.8087
3.8707	14.2860	1.8206
3.8823	12.8558	1.8314
3.8939	11.4952	1.8421
3.9054	10.3208	1.8538
3.9170	9.2611	1.8634
3.9285	8.2978	1.8712
3.9401	7.4147	1.8798
3.9516	6.7483	1.8880
3.9632	6.1317	1.8942
3.9747	5.4105	1.9013
3.9863	4.7194	1.9097
3.9978	4.0352	1.9157
4.0094	3.4791	1.9214
4.0210	2.9765	1.9291
4.0325	2.5717	1.9346
4.0441	2.2510	1.9383
4.0556	2.0171	1.9436
4.0672	1.7750	1.9474
4.0787	1.5661	1.9495
4.0903	1.3088	1.9525
4.1018	1.0183	1.9563
4.1134	0.8163	1.9589
4.1249	0.6075	1.9621
4.1365	0.3683	1.9667
4.1481	0.0703	1.9700
4.1596	0.0000	1.9726
4.1712	0.0000	1.9769
4.1827	0.0000	1.9811
4.1943	0.0000	1.9837
4.2058	0.0000	1.9872
4.2174	0.0000	1.9912
4.2289	0.0000	1.9920
4.2405	0.0000	1.9942
4.2520	0.0000	1.9978
4.2636	0.0000	2.0000
4.2752	0.0000	2.0000
4.2867	0.0000	2.0000
4.2983	0.0000	2.0000
4.3098	0.0000	2.0000
4.3214	0.0000	2.0000
4.3329	0.0000	2.0000
4.3445	0.0000	2.0000
4.3560	0.0000	2.0000
4.3676	0.0000	2.0000
4.3791	0.0000	2.0000
4.3907	0.0000	2.0000
4.4022	0.0000	2.0000
4.4138	0.0000	2.0000
4.4254	0.0000	2.0000
4.4369	0.0000	2.0000
4.4485	0.0000	2.0000
4.4600	0.0000	2.0000
4.4716	0.0000	2.0000
4.4831	0.0000	2.0000
4.4947	0.0000	2.0000
4.5062	0.0000	2.0000
4.5178	0.0000	2.0000
4.5293	0.0000	2.0000
4.5409	0.0000	2.0000
4.5525	0.0000	2.0000
4.5640	0.0000	2.0000
4.5756	0.0000	2.0000
4.5871	0.0000	2.0000
4.5987	0.0000	2.0000
4.6102	0.0000	2.0000
4.6218	0.0000	2.0000
4.6333	0.0000	2.0000
4.6449	0.0000	2.0000
4.6564	0.0000	2.0000
4.6680	0.0000	2.0000
4.6796	0.0000	2.0000
4.6911	0.0000	2.0000
4.7027	0.0000	2.0000
4.7142	0.0000	2.0000
4.7258	0.0000	2.0000
4.7373	0.0000	2.0000
4.7489	0.0000	2.0000
4.7604	0.0000	2.0000
4.7720	0.0000	2.0000
4.7835	0.0000	2.0000
4.7951	0.0000	2.0000
4.8067	0.0000	2.0000
4.8182	0.0000	2.0000
4.8298	0.0000	2.0000
4.8413	0.0000	2.0000
4.8529	0.0000	2.0000
4.8644	0.0000	2.0000
4.8760	0.0000	2.0000
4.8875	0.0000	2.0000
4.8991	0.0000	2.0000
4.9106	0.0000	2.0000
4.9222	0.0000	2.0000
4.9338	0.0000	2.0000
4.9453	0.0000	2.0000
4.9569	0.0000	2.0000
4.9684	0.0000	2.0000
4.9800	0.0000	2.0000
4.9915	0.0000	2.0000
5.0031	0.0000	2.0000
5.0146	0.0000	2.0000
5.0262	0.0000	2.0000
5.0377	0.0000	2.0000
5.0493	0.0000	2.0000
5.0609	0.0000	2.0000
5.0724	0.0000	2.0000
5.0840	0.0000	2.0000
5.0955	0.0000	2.0000
5.1071	0.0000	2.0000
5.1186	0.0000	2.0000
5.1302	0.0000	2.0000
5.1417	0.0000	2.0000
5.1533	0.0000	2.0000
5.1648	0.0000	2.0000
5.1764	0.0000	2.0000
5.1880	0.0000	2.0000
5.1995	0.0000	2.0000
5.2111	0.0000	2.0000
5.2226	0.0000	2.0000
5.2342	0.0000	2.0000
5.2457	0.0000	2.0000
5.2573	0.0000	2.0000
5.2688	0.0000	2.0000
5.2804	0.0000	2.0000
5.2919	0.0000	2.0000
5.3035	0.0000	2.0000
5.3151	0.0000	2.0000
5.3266	0.0000	2.0000
5.3382	0.0000	2.0000
5.3497	0.0000	2.0000
5.3613	0.0000	2.0000
5.3728	0.0000	2.0000
5.3844	0.0000	2.0000
5.3959	0.0000	2.0000
5.4075	0.0000	2.0000
5.4190	0.0000	2.0000
5.4306	0.0000	2.0000
5.4422	0.0000	2.0000
5.4537	0.0000	2.0000
5.4653	0.0000	2.0000
5.4768	0.0000	2.0000
5.4884	0.0000	2.0000
5.4999	0.0000	2.0000
5.5115	0.0000	2.0000
5.5230	0.0000	2.0000
5.5346	0.0000	2.0000
5.5461	0.0000	2.0000
5.5577	0.0000	2.0000
5.5692	0.0000	2.0000
5.5808	0.0000	2.0000
5.5924	0.0000	2.0000
5.6039	0.0000	2.0000
5.6155	0.0000	2.0000
5.6270	0.0000	2.0000
5.6386	0.0000	2.0000
5.6501	0.0000	2.0000
5.6617	0.0000	2.0000
5.6732	0.0000	2.0000
5.6848	0.0000	2.0000
5.6963	0.0000	2.0000
5.7079	0.0000	2.0000
5.7195	0.0000	2.0000
5.7310	0.0000	2.0000
5.7426	0.0000	2.0000
5.7541	0.0000	2.0000
5.7657	0.0000	2.0000
5.7772	0.0000	2.0000
5.7888	0.0000	2.0000
5.8003	0.0000	2.0000
5.8119	0.0000	2.0000
5.8234	0.0000	2.0000
5.8350	0.0000	2.0000
5.8466	0.0000	2.0000
5.8581	0.0000	2.0000
5.8697	0.0000	2.0000
5.8812	0.0000	2.0000
5.8928	0.0000	2.0000
5.9043	0.0000	2.0000
5.9159	0.0000	2.0000
5.9274	0.0000	2.0000
5.9390	0.0000	2.0000
5.9505	0.0000	2.0000
5.9621	0.0000	2.0000
5.9737	0.0000	2.0000
5.9852	0.0000	2.0000
5.9968	0.0000	2.0000
6.0083	0.0000	2.0000
