54.46	1.60	0.06
54.65	1.80	0.06
54.84	2.07	0.06
55.02	2.33	0.06
55.21	2.77	0.06
55.40	3.16	0.06
55.58	3.63	0.07
55.77	4.21	0.07
55.96	5.07	0.07
56.14	5.95	0.08
56.33	6.91	0.08
56.52	7.94	0.08
56.70	9.37	0.09
56.89	10.74	0.09
57.07	12.42	0.09
57.26	14.15	0.10
57.45	15.95	0.10
57.63	18.24	0.10
57.82	20.45	0.11
58.01	22.87	0.11
58.19	25.28	0.12
58.38	27.90	0.12
58.57	30.47	0.12
58.75	33.15	0.13
58.94	35.66	0.13
59.13	38.17	0.14
59.31	40.56	0.14
59.50	42.70	0.15
59.69	44.76	0.15
59.87	46.45	0.15
60.06	48.16	0.16
60.25	49.44	0.16
60.43	50.58	0.17
60.62	51.56	0.17
60.81	52.28	0.18
60.99	52.94	0.18
61.18	53.38	0.19
61.36	53.71	0.19
61.55	53.94	0.19
61.74	54.10	0.20
61.92	54.30	0.20
62.11	54.29	0.21
62.30	54.38	0.21
62.48	54.44	0.22
62.67	54.45	0.22
62.86	54.60	0.23
63.04	54.79	0.23
63.23	54.99	0.24
63.42	55.35	0.24
63.60	55.86	0.25
63.79	56.36	0.25
63.98	57.02	0.26
64.16	57.61	0.26
64.35	58.52	0.27
64.54	59.45	0.27
64.72	60.53	0.28
64.91	61.71	0.28
65.09	62.85	0.28
65.28	64.14	0.29
65.47	65.41	0.29
65.65	66.78	0.30
65.84	68.10	0.30
66.03	69.43	0.31
66.21	70.55	0.31
66.40	71.73	0.32
66.59	72.82	0.32
66.77	73.83	0.33
66.96	74.61	0.33
67.15	75.30	0.34
67.33	75.95	0.34
67.52	76.32	0.34
67.71	76.56	0.35
67.89	76.63	0.35
68.08	76.61	0.36
68.27	76.42	0.36
68.45	75.92	0.37
68.64	75.44	0.37
68.83	74.80	0.38
69.01	73.96	0.38
69.20	73.13	0.39
69.38	72.21	0.39
69.57	71.06	0.39
69.76	69.98	0.40
69.94	68.73	0.40
70.13	67.53	0.41
70.32	66.25	0.41
70.50	65.02	0.42
70.69	63.59	0.42
70.88	62.23	0.43
71.06	60.89	0.43
71.25	59.50	0.44
71.44	58.12	0.44
71.62	56.66	0.44
71.81	55.43	0.45
72.00	54.11	0.45
72.18	52.77	0.46
72.37	51.43	0.46
72.56	50.30	0.47
72.74	49.10	0.47
72.93	47.89	0.48
73.12	46.71	0.48
73.30	45.51	0.48
73.49	44.48	0.49
73.67	43.41	0.49
73.86	42.46	0.50
74.05	41.34	0.50
74.23	40.45	0.51
74.42	39.54	0.51
74.61	38.57	0.51
74.79	37.74	0.52
74.98	36.92	0.52
75.17	36.12	0.53
75.35	35.31	0.53
75.54	34.55	0.54
75.73	33.91	0.54
75.91	33.19	0.55
76.10	32.53	0.55
76.29	31.97	0.55
76.47	31.35	0.56
76.66	30.69	0.56
76.85	30.16	0.57
77.03	29.56	0.57
77.22	29.06	0.58
77.41	28.48	0.58
77.59	28.07	0.58
77.78	27.50	0.59
77.96	27.15	0.59
78.15	26.68	0.60
78.34	26.25	0.60
78.52	25.91	0.60
78.71	25.46	0.61
78.90	25.07	0.61
79.08	24.78	0.62
79.27	24.34	0.62
79.46	23.95	0.63
79.64	23.66	0.63
79.83	23.36	0.63
80.02	22.91	0.64
80.20	22.74	0.64
80.39	22.37	0.65
80.58	22.11	0.65
80.76	21.71	0.65
80.95	21.57	0.66
81.14	21.27	0.66
81.32	21.00	0.67
81.51	20.77	0.67
81.70	20.49	0.68
81.88	20.27	0.68
82.07	20.04	0.68
82.25	19.83	0.69
82.44	19.54	0.69
82.63	19.38	0.70
82.81	19.16	0.70
83.00	18.89	0.70
83.19	18.72	0.71
83.37	18.52	0.71
83.56	18.34	0.72
83.75	18.08	0.72
83.93	17.88	0.72
84.12	17.72	0.73
84.31	17.52	0.73
84.49	17.36	0.74
84.68	17.11	0.74
84.87	16.97	0.74
85.05	16.87	0.75
85.24	16.62	0.75
85.43	16.48	0.76
85.61	16.37	0.76
85.80	16.13	0.76
85.99	16.04	0.77
86.17	15.91	0.77
86.36	15.74	0.78
86.54	15.52	0.78
86.73	15.42	0.78
86.92	15.23	0.79
87.10	15.08	0.79
87.29	14.95	0.80
87.48	14.81	0.80
87.66	14.70	0.80
87.85	14.55	0.81
88.04	14.43	0.81
88.22	14.28	0.82
88.41	14.16	0.82
88.60	14.01	0.82
88.78	13.89	0.83
88.97	13.81	0.83
89.16	13.66	0.84
89.34	13.56	0.84
89.53	13.41	0.84
89.72	13.28	0.85
89.90	13.17	0.85
90.09	12.99	0.85
90.27	12.89	0.86
90.46	12.80	0.86
90.65	12.71	0.87
90.83	12.55	0.87
91.02	12.45	0.87
91.21	12.33	0.88
91.39	12.23	0.88
91.58	12.08	0.88
91.77	11.96	0.89
91.95	11.90	0.89
92.14	11.74	0.90
92.33	11.68	0.90
92.51	11.49	0.90
92.70	11.35	0.91
92.89	11.34	0.91
93.07	11.15	0.91
93.26	11.05	0.92
93.45	10.95	0.92
93.63	10.81	0.92
93.82	10.70	0.92
94.01	10.62	0.93
94.19	10.45	0.93
94.38	10.32	0.93
94.56	10.20	0.94
94.75	10.05	0.94
94.94	9.98	0.94
95.12	9.90	0.94
95.31	9.78	0.94
95.50	9.65	0.95
95.68	9.54	0.95
95.87	9.43	0.95
96.06	9.26	0.95
96.24	9.20	0.95
96.43	9.09	0.96
96.62	9.00	0.96
96.80	8.85	0.96
96.99	8.74	0.96
97.18	8.67	0.96
97.36	8.50	0.96
97.55	8.44	0.96
97.74	8.36	0.97
97.92	8.21	0.97
98.11	8.12	0.97
98.30	8.08	0.97
98.48	7.94	0.97
98.67	7.85	0.97
98.85	7.76	0.97
99.04	7.65	0.97
99.23	7.54	0.97
99.41	7.46	0.98
99.60	7.35	0.98
99.79	7.31	0.98
99.97	7.18	0.98
100.16	7.10	0.98
100.35	7.01	0.98
100.53	6.91	0.98
100.72	6.87	0.98
100.91	6.76	0.98
101.09	6.68	0.98
101.28	6.55	0.98
101.47	6.52	0.98
101.65	6.44	0.98
101.84	6.40	0.98
102.03	6.28	0.98
102.21	6.23	0.98
102.40	6.13	0.99
102.59	6.11	0.99
102.77	6.01	0.99
102.96	5.91	0.99
103.14	5.84	0.99
103.33	5.77	0.99
103.52	5.75	0.99
103.70	5.67	0.99
103.89	5.58	0.99
104.08	5.49	0.99
104.26	5.44	0.99
104.45	5.34	0.99
104.64	5.32	0.99
104.82	5.31	0.99
105.01	5.15	0.99
105.20	5.11	0.99
105.38	5.07	0.99
105.57	5.03	0.99
105.76	4.99	0.99
105.94	4.96	0.99
106.13	4.86	0.99
106.32	4.85	0.99
106.50	4.71	0.99
106.69	4.65	0.99
106.88	4.63	0.99
107.06	4.60	0.99
107.25	4.58	0.99
107.43	4.51	0.99
107.62	4.44	0.99
107.81	4.40	0.99
107.99	4.34	0.99
108.18	4.24	0.99
108.37	4.26	0.99
108.55	4.17	0.99
108.74	4.13	0.99
108.93	4.04	0.99
109.11	4.00	0.99
109.30	4.03	0.99
109.49	3.98	0.99
109.67	3.94	0.99
109.86	3.93	0.99
110.05	3.90	0.99
110.23	3.79	0.99
110.42	3.78	0.99
110.61	3.75	0.99
110.79	3.69	0.99
110.98	3.65	0.99
111.16	3.61	0.99
111.35	3.63	0.99
111.54	3.64	0.99
111.72	3.53	0.99
111.91	3.50	0.99
112.10	3.48	0.99
112.28	3.42	0.99
112.47	3.41	1.00
112.66	3.36	1.00
112.84	3.26	1.00
113.03	3.28	1.00
113.22	3.24	1.00
113.40	3.20	1.00
113.59	3.19	1.00
113.78	3.16	1.00
113.96	3.11	1.00
114.15	3.03	1.00
114.34	3.02	1.00
114.52	3.01	1.00
114.71	3.02	1.00
114.90	2.94	1.00
115.08	2.94	1.00
115.27	2.92	1.00
115.45	2.92	1.00
115.64	2.80	1.00
115.83	2.82	1.00
116.01	2.77	1.00
116.20	2.75	1.00
116.39	2.73	1.00
116.57	2.68	1.00
116.76	2.67	1.00
116.95	2.64	1.00
117.13	2.60	1.00
117.32	2.59	1.00
117.51	2.58	1.00
117.69	2.54	1.00
117.88	2.53	1.00
118.07	2.48	1.00
118.25	2.50	1.00
118.44	2.43	1.00
118.63	2.39	1.00
118.81	2.39	1.00
119.00	2.36	1.00
119.19	2.38	1.00
119.37	2.39	1.00
119.56	2.34	1.00
119.74	2.33	1.00
119.93	2.29	1.00
120.12	2.26	1.00
120.30	2.23	1.00
120.49	2.23	1.00
120.68	2.17	1.00
120.86	2.18	1.00
121.05	2.16	1.00
121.24	2.14	1.00
121.42	2.10	1.00
121.61	2.12	1.00
121.80	2.07	1.00
121.98	2.05	1.00
122.17	2.03	1.00
122.36	2.00	1.00
122.54	2.00	1.00
122.73	1.99	1.00
122.92	1.98	1.00
123.10	1.95	1.00
123.29	1.95	1.00
123.48	1.95	1.00
123.66	1.88	1.00
123.85	1.85	1.00
124.03	1.88	1.00
124.22	1.85	1.00
124.41	1.83	1.00
124.59	1.75	1.00
124.78	1.79	1.00
124.97	1.78	1.00
125.15	1.76	1.00
125.34	1.72	1.00
125.53	1.73	1.00
125.71	1.77	1.00
125.90	1.68	1.00
126.09	1.69	1.00
126.27	1.69	1.00
126.46	1.63	1.00
126.65	1.62	1.00
126.83	1.61	1.00
127.02	1.63	1.00
127.21	1.61	1.00
127.39	1.63	1.00
127.58	1.56	1.00
127.77	1.54	1.00
127.95	1.55	1.00
128.14	1.53	1.00
128.32	1.51	1.00
128.51	1.53	1.00
128.70	1.46	1.00
128.88	1.51	1.00
129.07	1.48	1.00
129.26	1.48	1.00
129.44	1.48	1.00
129.63	1.41	1.00
129.82	1.38	1.00
130.00	1.36	1.00
130.19	1.38	1.00
130.38	1.38	1.00
130.56	1.35	1.00
130.75	1.34	1.00
130.94	1.35	1.00
131.12	1.29	1.00
131.31	1.32	1.00
131.50	1.26	1.00
131.68	1.28	1.00
131.87	1.26	1.00
132.06	1.27	1.00
132.24	1.17	1.00
132.43	1.21	1.00
132.61	1.20	1.00
132.80	1.22	1.00
132.99	1.19	1.00
133.17	1.16	1.00
133.36	1.19	1.00
133.55	1.19	1.00
133.73	1.12	1.00
133.92	1.13	1.00
134.11	1.10	1.00
134.29	1.09	1.00
134.48	1.10	1.00
134.67	1.06	1.00
134.85	1.08	1.00
135.04	1.02	1.00
135.23	0.99	1.00
135.41	1.03	1.00
135.60	1.02	1.00
135.79	1.03	1.00
135.97	0.96	1.00
136.16	0.98	1.00
136.34	0.95	1.00
136.53	0.91	1.00
136.72	0.97	1.00
136.90	0.97	1.00
137.09	0.94	1.00
137.28	0.92	1.00
137.46	0.94	1.00
137.65	0.90	1.00
137.84	0.87	1.00
138.02	0.88	1.00
138.21	0.88	1.00
138.40	0.88	1.00
138.58	0.86	1.00
138.77	0.86	1.00
138.96	0.80	1.00
139.14	0.80	1.00
139.33	0.81	1.00
139.52	0.79	1.00
139.70	0.81	1.00
139.89	0.74	1.00
140.08	0.78	1.00
140.26	0.74	1.00
140.45	0.79	1.00
140.63	0.77	1.00
140.82	0.75	1.00
141.01	0.72	1.00
141.19	0.72	1.00
141.38	0.67	1.00
141.57	0.72	1.00
141.75	0.73	1.00
141.94	0.71	1.00
142.13	0.69	1.00
142.31	0.66	1.00
142.50	0.63	1.00
142.69	0.59	0.99
142.87	0.63	0.99
143.06	0.59	0.99
143.25	0.61	0.99
143.43	0.65	0.99
143.62	0.64	0.99
143.81	0.59	0.99
143.99	0.54	0.99
144.18	0.62	0.99
144.37	0.59	0.99
144.55	0.56	0.99
144.74	0.53	0.99
144.92	0.47	0.99
145.11	0.55	0.99
145.30	0.56	0.99
145.48	0.49	0.99
145.67	0.45	0.99
145.86	0.51	0.99
146.04	0.51	0.99
146.23	0.47	0.99
146.42	0.49	0.99
146.60	0.52	0.99
146.79	0.45	0.99
146.98	0.46	0.99
147.16	0.42	0.99
147.35	0.43	0.99
147.54	0.49	0.99
147.72	0.40	0.99
147.91	0.43	0.99
148.10	0.47	0.99
148.28	0.42	0.99
148.47	0.43	0.99
148.66	0.43	0.99
148.84	0.38	0.99
149.03	0.43	0.99
149.21	0.37	0.99
149.40	0.34	0.99
149.59	0.38	0.99
149.77	0.34	0.99
149.96	0.36	0.99
150.15	0.27	0.99
150.33	0.34	0.99
150.52	0.36	0.99
150.71	0.35	0.99
150.89	0.35	0.99
151.08	0.29	0.99
151.27	0.29	0.99
151.45	0.28	0.99
151.64	0.29	0.99
151.83	0.33	0.99
152.01	0.29	0.99
152.20	0.33	0.99
152.39	0.31	0.99
152.57	0.32	0.99
152.76	0.25	0.99
152.95	0.22	0.99
153.13	0.23	0.99
153.32	0.26	0.99
153.50	0.21	0.99
153.69	0.21	0.99
153.88	0.19	0.99
154.06	0.19	0.99
154.25	0.20	0.99
154.44	0.22	0.99
154.62	0.18	0.99
154.81	0.18	0.99
155.00	0.15	0.99
155.18	0.17	0.99
155.37	0.18	0.99
155.56	0.16	0.99
155.74	0.17	0.99
155.93	0.10	0.99
156.12	0.13	0.99
156.30	0.14	0.99
156.49	0.15	0.99
156.68	0.17	0.99
156.86	0.14	0.99
157.05	0.13	0.99
157.24	0.15	0.99
157.42	0.11	0.99
157.61	0.08	0.99
157.79	0.07	0.99
157.98	0.16	0.99
158.17	0.07	0.99
158.35	0.10	0.99
158.54	0.13	0.99
158.73	0.08	0.99
158.91	0.11	0.99
159.10	0.07	0.99
159.29	0.08	0.99
159.47	0.04	0.99
159.66	0.07	0.99
159.85	0.02	0.99
160.03	0.02	0.99