8.60	3.86	0.06
8.65	4.07	0.06
8.69	4.13	0.06
8.74	4.42	0.06
8.79	4.63	0.06
8.83	4.97	0.06
8.88	5.34	0.06
8.93	5.72	0.06
8.97	6.13	0.07
9.02	6.59	0.07
9.06	7.14	0.07
9.11	7.58	0.07
9.16	8.13	0.07
9.20	8.64	0.08
9.25	9.32	0.08
9.30	9.91	0.08
9.34	10.66	0.08
9.39	11.27	0.09
9.44	12.02	0.09
9.48	12.61	0.09
9.53	13.38	0.09
9.58	14.08	0.09
9.62	14.73	0.10
9.67	15.47	0.10
9.72	16.10	0.10
9.76	16.69	0.10
9.81	17.46	0.11
9.86	18.16	0.11
9.90	18.82	0.11
9.95	19.43	0.11
9.99	20.05	0.12
10.04	20.75	0.12
10.09	21.26	0.12
10.13	21.82	0.12
10.18	22.41	0.13
10.23	22.95	0.13
10.27	23.39	0.13
10.32	23.92	0.13
10.37	24.37	0.13
10.41	24.78	0.14
10.46	25.21	0.14
10.51	25.49	0.14
10.55	25.86	0.14
10.60	26.15	0.15
10.65	26.38	0.15
10.69	26.68	0.15
10.74	26.79	0.16
10.78	27.00	0.16
10.83	27.17	0.16
10.88	27.31	0.16
10.92	27.36	0.17
10.97	27.53	0.17
11.02	27.52	0.17
11.06	27.49	0.17
11.11	27.58	0.18
11.16	27.52	0.18
11.20	27.61	0.18
11.25	27.66	0.18
11.30	27.62	0.19
11.34	27.62	0.19
11.39	27.63	0.19
11.44	27.56	0.19
11.48	27.54	0.20
11.53	27.54	0.20
11.58	27.59	0.20
11.62	27.56	0.20
11.67	27.56	0.20
11.71	27.55	0.21
11.76	27.57	0.21
11.81	27.55	0.21
11.85	27.67	0.21
11.90	27.71	0.22
11.95	27.70	0.22
11.99	27.79	0.22
12.04	27.85	0.22
12.09	27.93	0.23
12.13	28.02	0.23
12.18	28.07	0.23
12.23	28.12	0.23
12.27	28.23	0.24
12.32	28.34	0.24
12.37	28.50	0.24
12.41	28.63	0.24
12.46	28.72	0.25
12.50	28.83	0.25
12.55	28.91	0.25
12.60	29.00	0.26
12.64	29.13	0.26
12.69	29.28	0.26
12.74	29.38	0.26
12.78	29.49	0.27
12.83	29.62	0.27
12.88	29.68	0.27
12.92	29.75	0.27
12.97	29.87	0.28
13.02	29.98	0.28
13.06	30.10	0.28
13.11	30.18	0.28
13.16	30.25	0.29
13.20	30.39	0.29
13.25	30.44	0.29
13.29	30.55	0.30
13.34	30.58	0.30
13.39	30.62	0.30
13.43	30.68	0.30
13.48	30.73	0.31
13.53	30.83	0.31
13.57	30.80	0.31
13.62	30.86	0.31
13.67	30.88	0.32
13.71	30.94	0.32
13.76	30.96	0.32
13.81	30.93	0.32
13.85	30.89	0.33
13.90	30.93	0.33
13.95	30.88	0.33
13.99	30.87	0.33
14.04	30.94	0.34
14.09	30.92	0.34
14.13	30.84	0.34
14.18	30.75	0.34
14.22	30.74	0.35
14.27	30.68	0.35
14.32	30.57	0.35
14.36	30.50	0.35
14.41	30.46	0.36
14.46	30.39	0.36
14.50	30.32	0.36
14.55	30.23	0.36
14.60	30.12	0.37
14.64	30.00	0.37
14.69	29.90	0.37
14.74	29.75	0.37
14.78	29.68	0.38
14.83	29.56	0.38
14.88	29.43	0.38
14.92	29.26	0.38
14.97	29.12	0.38
15.01	28.98	0.39
15.06	28.78	0.39
15.11	28.71	0.39
15.15	28.49	0.39
15.20	28.34	0.40
15.25	28.12	0.40
15.29	28.01	0.40
15.34	27.81	0.40
15.39	27.67	0.41
15.43	27.44	0.41
15.48	27.27	0.41
15.53	27.12	0.41
15.57	26.86	0.42
15.62	26.72	0.42
15.67	26.52	0.42
15.71	26.29	0.42
15.76	26.10	0.42
15.81	25.97	0.43
15.85	25.72	0.43
15.90	25.50	0.43
15.94	25.32	0.43
15.99	25.13	0.44
16.04	24.91	0.44
16.08	24.70	0.44
16.13	24.53	0.44
16.18	24.30	0.45
16.22	24.11	0.45
16.27	23.87	0.45
16.32	23.68	0.45
16.36	23.45	0.46
16.41	23.22	0.46
16.46	23.03	0.46
16.50	22.84	0.46
16.55	22.60	0.47
16.60	22.46	0.47
16.64	22.24	0.47
16.69	22.00	0.47
16.73	21.85	0.47
16.78	21.61	0.48
16.83	21.37	0.48
16.87	21.17	0.48
16.92	21.07	0.48
16.97	20.77	0.49
17.01	20.61	0.49
17.06	20.47	0.49
17.11	20.25	0.49
17.15	20.06	0.50
17.20	19.84	0.50
17.25	19.65	0.50
17.29	19.52	0.50
17.34	19.29	0.51
17.39	19.13	0.51
17.43	18.94	0.51
17.48	18.75	0.51
17.53	18.56	0.51
17.57	18.34	0.52
17.62	18.20	0.52
17.66	18.06	0.52
17.71	17.87	0.52
17.76	17.68	0.53
17.80	17.54	0.53
17.85	17.39	0.53
17.90	17.20	0.53
17.94	17.00	0.53
17.99	16.81	0.54
18.04	16.73	0.54
18.08	16.56	0.54
18.13	16.40	0.54
18.18	16.26	0.55
18.22	16.10	0.55
18.27	15.98	0.55
18.32	15.84	0.55
18.36	15.65	0.56
18.41	15.48	0.56
18.45	15.39	0.56
18.50	15.23	0.56
18.55	15.07	0.56
18.59	14.97	0.57
18.64	14.82	0.57
18.69	14.70	0.57
18.73	14.54	0.57
18.78	14.36	0.58
18.83	14.34	0.58
18.87	14.17	0.58
18.92	14.10	0.58
18.97	13.87	0.58
19.01	13.84	0.59
19.06	13.63	0.59
19.11	13.59	0.59
19.15	13.48	0.59
19.20	13.34	0.60
19.25	13.22	0.60
19.29	13.13	0.60
19.34	13.03	0.60
19.38	12.83	0.60
19.43	12.77	0.61
19.48	12.67	0.61
19.52	12.54	0.61
19.57	12.45	0.61
19.62	12.34	0.62
19.66	12.29	0.62
19.71	12.20	0.62
19.76	12.10	0.62
19.80	11.94	0.62
19.85	11.82	0.63
19.90	11.83	0.63
19.94	11.68	0.63
19.99	11.55	0.63
20.04	11.54	0.64
20.08	11.42	0.64
20.13	11.33	0.64
20.17	11.26	0.64
20.22	11.15	0.64
20.27	11.04	0.65
20.31	10.93	0.65
20.36	10.90	0.65
20.41	10.76	0.65
20.45	10.77	0.65
20.50	10.57	0.66
20.55	10.56	0.66
20.59	10.50	0.66
20.64	10.47	0.66
20.69	10.39	0.67
20.73	10.31	0.67
20.78	10.20	0.67
20.83	10.15	0.67
20.87	10.04	0.67
20.92	9.98	0.68
20.97	9.93	0.68
21.01	9.83	0.68
21.06	9.69	0.68
21.10	9.70	0.69
21.15	9.70	0.69
21.20	9.53	0.69
21.24	9.52	0.69
21.29	9.46	0.69
21.34	9.41	0.70
21.38	9.27	0.70
21.43	9.22	0.70
21.48	9.15	0.70
21.52	9.19	0.70
21.57	9.08	0.71
21.62	8.99	0.71
21.66	8.91	0.71
21.71	8.88	0.71
21.76	8.83	0.72
21.80	8.82	0.72
21.85	8.72	0.72
21.89	8.62	0.72
21.94	8.66	0.72
21.99	8.53	0.73
22.03	8.50	0.73
22.08	8.45	0.73
22.13	8.39	0.73
22.17	8.29	0.73
22.22	8.25	0.74
22.27	8.20	0.74
22.31	8.16	0.74
22.36	8.13	0.74
22.41	8.14	0.75
22.45	8.02	0.75
22.50	8.02	0.75
22.55	7.92	0.75
22.59	7.83	0.75
22.64	7.86	0.76
22.69	7.76	0.76
22.73	7.74	0.76
22.78	7.67	0.76
22.82	7.61	0.76
22.87	7.60	0.77
22.92	7.52	0.77
22.96	7.50	0.77
23.01	7.43	0.77
23.06	7.45	0.77
23.10	7.38	0.78
23.15	7.34	0.78
23.20	7.31	0.78
23.24	7.24	0.78
23.29	7.25	0.78
23.34	7.20	0.79
23.38	7.17	0.79
23.43	7.11	0.79
23.48	7.06	0.79
23.52	6.95	0.80
23.57	6.99	0.80
23.61	6.92	0.80
23.66	6.90	0.80
23.71	6.81	0.80
23.75	6.81	0.81
23.80	6.74	0.81
23.85	6.76	0.81
23.89	6.66	0.81
23.94	6.69	0.81
23.99	6.63	0.82
24.03	6.56	0.82
24.08	6.56	0.82
24.13	6.54	0.82
24.17	6.48	0.82
24.22	6.52	0.83
24.27	6.43	0.83
24.31	6.33	0.83
24.36	6.36	0.83
24.41	6.37	0.83
24.45	6.27	0.84
24.50	6.21	0.84
24.54	6.21	0.84
24.59	6.18	0.84
24.64	6.06	0.84
24.68	6.08	0.85
24.73	6.09	0.85
24.78	6.11	0.85
24.82	6.08	0.85
24.87	6.03	0.85
24.92	5.92	0.86
24.96	5.96	0.86
25.01	5.88	0.86
25.06	5.87	0.86
25.10	5.82	0.86
25.15	5.84	0.87
25.20	5.82	0.87
25.24	5.76	0.87
25.29	5.72	0.87
25.33	5.72	0.87
25.38	5.66	0.88
25.43	5.63	0.88
25.47	5.58	0.88
25.52	5.59	0.88
25.57	5.56	0.88
25.61	5.57	0.89
25.66	5.54	0.89
25.71	5.50	0.89
25.75	5.48	0.89
25.80	5.47	0.89
25.85	5.41	0.90
25.89	5.38	0.90
25.94	5.35	0.90
25.99	5.35	0.90
26.03	5.35	0.90
26.08	5.22	0.91
26.13	5.27	0.91
26.17	5.23	0.91
26.22	5.21	0.91
26.26	5.13	0.91
26.31	5.12	0.92
26.36	5.12	0.92
26.40	5.11	0.92
26.45	5.04	0.92
26.50	5.03	0.92
26.54	5.03	0.93
26.59	4.98	0.93
26.64	4.93	0.93
26.68	4.91	0.93
26.73	4.89	0.93
26.78	4.84	0.94
26.82	4.86	0.94
26.87	4.83	0.94
26.92	4.81	0.94
26.96	4.77	0.94
27.01	4.72	0.94
27.05	4.74	0.95
27.10	4.71	0.95
27.15	4.65	0.95
27.19	4.62	0.95
27.24	4.61	0.95
27.29	4.55	0.96
27.33	4.54	0.96
27.38	4.59	0.96
27.43	4.52	0.96
27.47	4.51	0.96
27.52	4.43	0.96
27.57	4.35	0.96
27.61	4.39	0.97
27.66	4.34	0.97
27.71	4.31	0.97
27.75	4.24	0.97
27.80	4.26	0.97
27.85	4.28	0.97
27.89	4.23	0.97
27.94	4.21	0.97
27.98	4.17	0.98
28.03	4.12	0.98
28.08	4.08	0.98
28.12	4.08	0.98
28.17	4.08	0.98
28.22	3.99	0.98
28.26	4.01	0.98
28.31	3.97	0.98
28.36	3.92	0.98
28.40	3.88	0.98
28.45	3.95	0.98
28.50	3.81	0.99
28.54	3.80	0.99
28.59	3.78	0.99
28.64	3.81	0.99
28.68	3.72	0.99
28.73	3.74	0.99
28.77	3.74	0.99
28.82	3.67	0.99
28.87	3.66	0.99
28.91	3.55	0.99
28.96	3.61	0.99
29.01	3.54	0.99
29.05	3.56	0.99
29.10	3.52	0.99
29.15	3.49	0.99
29.19	3.45	0.99
29.24	3.43	0.99
29.29	3.45	0.99
29.33	3.41	0.99
29.38	3.44	0.99
29.43	3.38	0.99
29.47	3.34	0.99
29.52	3.36	1.00
29.57	3.32	1.00
29.61	3.32	1.00
29.66	3.24	1.00
29.70	3.26	1.00
29.75	3.20	1.00
29.80	3.18	1.00
29.84	3.18	1.00
29.89	3.19	1.00
29.94	3.16	1.00
29.98	3.09	1.00
30.03	3.14	1.00
30.08	3.07	1.00
30.12	3.14	1.00
30.17	3.04	1.00
30.22	3.03	1.00
30.26	3.05	1.00
30.31	2.97	1.00
30.36	2.94	1.00
30.40	2.93	1.00
30.45	2.93	1.00
30.49	2.90	1.00
30.54	2.94	1.00
30.59	2.91	1.00
30.63	2.84	1.00
30.68	2.85	1.00
30.73	2.81	1.00
30.77	2.79	1.00
30.82	2.82	1.00
30.87	2.76	1.00
30.91	2.79	1.00
30.96	2.74	1.00
31.01	2.78	1.00
31.05	2.69	1.00
31.10	2.75	1.00
31.15	2.63	1.00
31.19	2.65	1.00
31.24	2.68	1.00
31.29	2.62	1.00
31.33	2.58	1.00
31.38	2.56	1.00
31.42	2.53	1.00
31.47	2.54	1.00
31.52	2.56	1.00
31.56	2.53	1.00
31.61	2.49	1.00
31.66	2.49	1.00
31.70	2.51	1.00
31.75	2.53	1.00
31.80	2.43	1.00
31.84	2.45	1.00
31.89	2.46	1.00
31.94	2.39	1.00
31.98	2.37	1.00
32.03	2.38	1.00
32.08	2.33	1.00
32.12	2.34	1.00
32.17	2.43	1.00
32.21	2.36	1.00
32.26	2.37	1.00
32.31	2.31	1.00
32.35	2.30	1.00
32.40	2.26	1.00
32.45	2.28	1.00
32.49	2.24	1.00
32.54	2.20	1.00
32.59	2.21	1.00
32.63	2.22	1.00
32.68	2.18	1.00
32.73	2.22	1.00
32.77	2.22	1.00
32.82	2.10	1.00
32.87	2.11	1.00
32.91	2.14	1.00
32.96	2.14	1.00
33.01	2.12	1.00
33.05	2.05	1.00
33.10	2.03	1.00
33.14	2.05	1.00
33.19	2.03	1.00
33.24	2.00	1.00
33.28	2.02	1.00
33.33	2.03	1.00
33.38	2.03	1.00
33.42	1.90	1.00
33.47	1.89	1.00
33.52	1.86	1.00
33.56	1.94	1.00
33.61	1.85	1.00
33.66	1.86	1.00
33.70	1.85	1.00
33.75	1.84	1.00
33.80	1.82	1.00
33.84	1.84	1.00
33.89	1.81	1.00
33.93	1.74	1.00
33.98	1.85	1.00
34.03	1.79	1.00
34.07	1.82	1.00
34.12	1.77	1.00
34.17	1.77	1.00
34.21	1.73	1.00
34.26	1.70	1.00
34.31	1.75	1.00
34.35	1.75	1.00
34.40	1.72	1.00
34.45	1.79	1.00
34.49	1.71	1.00
34.54	1.67	1.00
34.59	1.70	1.00
34.63	1.67	1.00
34.68	1.72	1.00
34.73	1.64	1.00
34.77	1.66	1.00
34.82	1.68	1.00
34.86	1.63	1.00
34.91	1.61	1.00
34.96	1.58	1.00
35.00	1.66	1.00
35.05	1.57	1.00
35.10	1.63	1.00
35.14	1.64	1.00
35.19	1.63	1.00
35.24	1.64	1.00
35.28	1.58	1.00
35.33	1.61	1.00
35.38	1.59	1.00
35.42	1.58	1.00
35.47	1.55	1.00
35.52	1.49	1.00
35.56	1.59	1.00
35.61	1.55	1.00
35.65	1.52	1.00
35.70	1.55	1.00
35.75	1.54	1.00
35.79	1.46	1.00
35.84	1.47	1.00
35.89	1.50	1.00
35.93	1.48	1.00
35.98	1.48	1.00
36.03	1.41	1.00
36.07	1.52	1.00
36.12	1.47	1.00
36.17	1.45	1.00
36.21	1.46	1.00
36.26	1.45	1.00
36.31	1.45	1.00
36.35	1.43	1.00
36.40	1.44	1.00
36.45	1.41	1.00
36.49	1.43	1.00
36.54	1.41	1.00
36.58	1.36	1.00
36.63	1.38	1.00
36.68	1.32	1.00
36.72	1.35	1.00
36.77	1.38	1.00
36.82	1.33	1.00
36.86	1.34	1.00
36.91	1.35	1.00
36.96	1.36	1.00
37.00	1.31	1.00
37.05	1.32	1.00
37.10	1.31	1.00
37.14	1.31	1.00
37.19	1.30	1.00
37.24	1.25	1.00
37.28	1.33	1.00
37.33	1.27	1.00
37.37	1.33	1.00
37.42	1.31	1.00
37.47	1.23	1.00
37.51	1.24	1.00
37.56	1.32	1.00
37.61	1.22	1.00
37.65	1.24	1.00
37.70	1.24	1.00
37.75	1.24	1.00
37.79	1.31	1.00
37.84	1.28	1.00
37.89	1.25	1.00
37.93	1.20	1.00
37.98	1.27	1.00
38.03	1.29	1.00
38.07	1.31	1.00
38.12	1.27	1.00
38.16	1.23	1.00
38.21	1.20	1.00
38.26	1.24	1.00
38.30	1.25	1.00
38.35	1.25	1.00
38.40	1.19	1.00
38.44	1.17	1.00
38.49	1.17	1.00
38.54	1.18	1.00
38.58	1.09	1.00
38.63	1.17	1.00
38.68	1.19	1.00
38.72	1.15	1.00
38.77	1.16	1.00
38.82	1.12	1.00
38.86	1.14	1.00
38.91	1.11	1.00
38.96	1.12	1.00
39.00	1.16	1.00
39.05	1.12	1.00
39.09	1.12	1.00
39.14	1.09	1.00
39.19	1.12	1.00
39.23	1.09	1.00
39.28	1.09	1.00
39.33	1.09	1.00
39.37	1.07	1.00
39.42	1.05	1.00
39.47	1.06	1.00
39.51	1.09	1.00
39.56	1.09	1.00
39.61	1.06	1.00
39.65	1.06	1.00
39.70	1.03	1.00
39.75	1.02	1.00
39.79	1.06	1.00
39.84	1.03	1.00
39.88	1.05	1.00
39.93	1.04	1.00
39.98	1.03	1.00
40.02	0.99	1.00
40.07	0.98	1.00
40.12	1.03	1.00
40.16	1.02	1.00
40.21	1.02	1.00
40.26	1.02	1.00
40.30	0.97	1.00
40.35	0.98	1.00
40.40	0.95	1.00
40.44	1.07	1.00
40.49	0.99	1.00
40.54	0.96	1.00
40.58	0.97	1.00
40.63	0.99	1.00
40.68	0.93	1.00
40.72	1.00	1.00
40.77	0.95	1.00
40.81	0.98	1.00
40.86	0.96	1.00
40.91	0.97	1.00
40.95	0.93	1.00
41.00	0.84	1.00
41.05	0.93	1.00
41.09	0.96	1.00
41.14	0.92	1.00
41.19	0.88	1.00
41.23	0.89	1.00
41.28	0.92	1.00
41.33	0.95	1.00
41.37	0.95	1.00
41.42	0.84	1.00
41.47	0.89	1.00
41.51	0.86	1.00
41.56	0.88	1.00
41.60	0.94	1.00
41.65	0.88	1.00
41.70	0.85	1.00
41.74	0.91	1.00
41.79	0.86	1.00
41.84	0.88	1.00
41.88	0.86	1.00
41.93	0.87	1.00
41.98	0.90	1.00
42.02	0.87	1.00
42.07	0.83	1.00
42.12	0.80	1.00
42.16	0.81	1.00
42.21	0.89	1.00
42.26	0.84	1.00
42.30	0.84	1.00
42.35	0.77	1.00
42.40	0.83	1.00
42.44	0.82	1.00
42.49	0.85	1.00
42.53	0.83	1.00
42.58	0.80	1.00
42.63	0.79	1.00
42.67	0.78	1.00
42.72	0.78	1.00
42.77	0.85	1.00
42.81	0.82	1.00
42.86	0.77	1.00
42.91	0.77	1.00
42.95	0.80	1.00
43.00	0.76	1.00
43.05	0.75	1.00
43.09	0.75	1.00
43.14	0.78	1.00
43.19	0.77	1.00
43.23	0.68	1.00
43.28	0.72	1.00
43.32	0.70	1.00
43.37	0.79	1.00
43.42	0.75	1.00
43.46	0.73	1.00
43.51	0.77	1.00
43.56	0.67	1.00
43.60	0.71	1.00
43.65	0.70	1.00
43.70	0.71	1.00
43.74	0.75	1.00
43.79	0.69	1.00
43.84	0.78	1.00
43.88	0.75	1.00
43.93	0.73	1.00
43.98	0.71	1.00
44.02	0.71	1.00
44.07	0.73	1.00
44.12	0.69	1.00
44.16	0.72	1.00
44.21	0.70	1.00
44.25	0.74	1.00
44.30	0.69	1.00
44.35	0.70	1.00
44.39	0.71	1.00
44.44	0.69	1.00
44.49	0.70	1.00
44.53	0.67	1.00