tpo	abs	sal
0.0000	0.0000	0.0158
0.0116	0.0000	0.0155
0.0231	0.0000	0.0154
0.0347	0.0000	0.0150
0.0462	0.0000	0.0149
0.0578	0.0000	0.0146
0.0693	0.0000	0.0143
0.0809	0.0000	0.0140
0.0924	0.0000	0.0138
0.1040	0.0000	0.0136
0.1155	0.0000	0.0133
0.1271	0.0000	0.0132
0.1387	0.0000	0.0129
0.1502	0.0000	0.0127
0.1618	0.0000	0.0125
0.1733	0.0000	0.0124
0.1849	0.0000	0.0121
0.1964	0.0000	0.0119
0.2080	0.0000	0.0118
0.2195	0.0000	0.0116
0.2311	0.0000	0.0113
0.2426	0.0000	0.0112
0.2542	0.0000	0.0111
0.2658	0.0000	0.0108
0.2773	0.0000	0.0107
0.2889	0.0000	0.0105
0.3004	0.0000	0.0103
0.3120	0.0000	0.0101
0.3235	0.0000	0.0100
0.3351	0.0000	0.0097
0.3466	0.0000	0.0095
0.3582	0.0000	0.0093
0.3697	0.0000	0.0091
0.3813	0.0000	0.0089
0.3929	0.0000	0.0087
0.4044	0.0000	0.0085
0.4160	0.0000	0.0083
0.4275	0.0000	0.0082
0.4391	0.0000	0.0080
0.4506	0.0000	0.0076
0.4622	0.0000	0.0072
0.4737	0.0000	0.0068
0.4853	0.0000	0.0064
0.4968	0.2033	0.0060
0.5084	0.6229	0.0056
0.5200	1.0814	0.0053
0.5315	1.5403	0.0050
0.5431	1.9510	0.0048
0.5546	2.3803	0.0046
0.5662	2.8366	0.0046
0.5777	3.2698	0.0046
0.5893	3.6334	0.0047
0.6008	3.9503	0.0048
0.6124	4.2324	0.0050
0.6239	4.4442	0.0053
0.6355	4.6583	0.0056
0.6470	4.8203	0.0059
0.6586	4.9460	0.0062
0.6702	5.0436	0.0065
0.6817	5.1208	0.0067
0.6933	5.1998	0.0069
0.7048	5.2578	0.0072
0.7164	5.3462	0.0074
0.7279	5.4002	0.0076
0.7395	5.4811	0.0078
0.7510	5.5348	0.0079
0.7626	5.5691	0.0080
0.7741	5.5813	0.0081
0.7857	5.5707	0.0082
0.7973	5.5691	0.0082
0.8088	5.5368	0.0082
0.8204	5.5041	0.0082
0.8319	5.4575	0.0082
0.8435	5.3930	0.0081
0.8550	5.3448	0.0080
0.8666	5.2827	0.0079
0.8781	5.2002	0.0079
0.8897	5.1107	0.0078
0.9012	5.0011	0.0077
0.9128	4.8820	0.0076
0.9244	4.7778	0.0075
0.9359	4.6461	0.0074
0.9475	4.4896	0.0073
0.9590	4.3946	0.0072
0.9706	4.2559	0.0071
0.9821	4.1124	0.0069
0.9937	3.9925	0.0069
1.0052	3.8758	0.0067
1.0168	3.7454	0.0066
1.0283	3.6160	0.0065
1.0399	3.5156	0.0064
1.0515	3.4041	0.0062
1.0630	3.2776	0.0061
1.0746	3.1563	0.0059
1.0861	3.0498	0.0058
1.0977	2.9529	0.0057
1.1092	2.8344	0.0056
1.1208	2.7443	0.0055
1.1323	2.6398	0.0054
1.1439	2.5329	0.0053
1.1554	2.4298	0.0052
1.1670	2.2997	0.0051
1.1786	2.1773	0.0050
1.1901	2.0594	0.0049
1.2017	1.9771	0.0048
1.2132	1.9299	0.0047
1.2248	1.8703	0.0046
1.2363	1.8002	0.0045
1.2479	1.7538	0.0044
1.2594	1.7023	0.0043
1.2710	1.6257	0.0042
1.2825	1.5626	0.0041
1.2941	1.4950	0.0041
1.3057	1.4412	0.0040
1.3172	1.4295	0.0039
1.3288	1.3889	0.0038
1.3403	1.3529	0.0038
1.3519	1.3139	0.0037
1.3634	1.2611	0.0036
1.3750	1.2259	0.0036
1.3865	1.1969	0.0035
1.3981	1.1598	0.0034
1.4096	1.1066	0.0034
1.4212	1.0963	0.0033
1.4328	1.0762	0.0032
1.4443	1.0741	0.0032
1.4559	1.0563	0.0031
1.4674	1.0223	0.0031
1.4790	0.9699	0.0030
1.4905	0.9147	0.0030
1.5021	0.9250	0.0029
1.5136	0.9315	0.0029
1.5252	0.9552	0.0028
1.5367	0.9454	0.0028
1.5483	0.9133	0.0027
1.5599	0.9038	0.0027
1.5714	0.8768	0.0026
1.5830	0.8725	0.0026
1.5945	0.8523	0.0025
1.6061	0.7985	0.0025
1.6176	0.7783	0.0024
1.6292	0.7414	0.0024
1.6407	0.6989	0.0024
1.6523	0.6940	0.0023
1.6638	0.6881	0.0023
1.6754	0.6940	0.0022
1.6870	0.6780	0.0022
1.6985	0.6711	0.0021
1.7101	0.6598	0.0021
1.7216	0.6388	0.0021
1.7332	0.6463	0.0020
1.7447	0.6106	0.0020
1.7563	0.5913	0.0020
1.7678	0.5762	0.0019
1.7794	0.5597	0.0019
1.7909	0.5645	0.0018
1.8025	0.5780	0.0018
1.8141	0.5532	0.0018
1.8256	0.5523	0.0017
1.8372	0.5576	0.0017
1.8487	0.5495	0.0017
1.8603	0.5507	0.0016
1.8718	0.5470	0.0016
1.8834	0.5319	0.0016
1.8949	0.5630	0.0015
1.9065	0.5860	0.0015
1.9180	0.6020	0.0015
1.9296	0.6050	0.0014
1.9411	0.5976	0.0014
1.9527	0.6253	0.0014
1.9643	0.6310	0.0013
1.9758	0.6486	0.0013
1.9874	0.6507	0.0013
1.9989	0.6045	0.0012
2.0105	0.5875	0.0012
2.0220	0.5752	0.0012
2.0336	0.5883	0.0011
2.0451	0.6041	0.0011
2.0567	0.6188	0.0011
2.0682	0.6116	0.0011
2.0798	0.6161	0.0010
2.0914	0.6101	0.0010
2.1029	0.6239	0.0010
2.1145	0.6280	0.0009
2.1260	0.6060	0.0009
2.1376	0.6066	0.0008
2.1491	0.6092	0.0008
2.1607	0.6138	0.0008
2.1722	0.6250	0.0008
2.1838	0.6060	0.0007
2.1953	0.6094	0.0007
2.2069	0.6036	0.0007
2.2185	0.6070	0.0006
2.2300	0.6124	0.0006
2.2416	0.5904	0.0006
2.2531	0.5983	0.0006
2.2647	0.5973	0.0005
2.2762	0.6080	0.0005
2.2878	0.6230	0.0005
2.2993	0.6309	0.0004
2.3109	0.6150	0.0004
2.3224	0.5940	0.0004
2.3340	0.5477	0.0004
2.3456	0.5119	0.0004
2.3571	0.4714	0.0003
2.3687	0.4295	0.0003
2.3802	0.4422	0.0002
2.3918	0.4834	0.0002
2.4033	0.5288	0.0002
2.4149	0.5475	0.0001
2.4264	0.5289	0.0001
2.4380	0.5144	0.0000
2.4495	0.5182	0.0001
2.4611	0.5499	0.0008
2.4727	0.6096	0.0015
2.4842	0.7791	0.0048
2.4958	1.0066	0.0103
2.5073	1.3260	0.0148
2.5189	1.7310	0.0233
2.5304	2.1805	0.0363
2.5420	2.6748	0.0451
2.5535	3.1643	0.0574
2.5651	3.9488	0.0740
2.5766	4.8385	0.0866
2.5882	5.8299	0.1005
2.5998	7.1200	0.1189
2.6113	9.0850	0.1335
2.6229	12.1120	0.1484
2.6344	16.4971	0.1642
2.6460	25.4467	0.1808
2.6575	42.5760	0.2001
2.6691	71.7206	0.2223
2.6806	114.6289	0.2476
2.6922	177.3329	0.2754
2.7037	246.3466	0.3005
2.7153	316.3820	0.3244
2.7269	375.0267	0.3486
2.7384	412.4557	0.3681
2.7500	433.9188	0.3852
2.7615	443.1640	0.4023
2.7731	440.7741	0.4169
2.7846	433.8674	0.4327
2.7962	424.0579	0.4492
2.8077	411.7243	0.4648
2.8193	397.1230	0.4836
2.8308	381.1016	0.5006
2.8424	362.4441	0.5166
2.8540	344.8791	0.5377
2.8655	333.8520	0.5559
2.8771	328.7886	0.5714
2.8886	326.9079	0.5943
2.9002	320.4024	0.6135
2.9117	307.2984	0.6283
2.9233	285.5987	0.6509
2.9348	254.3720	0.6728
2.9464	223.7862	0.6875
2.9579	196.6991	0.7070
2.9695	169.7949	0.7263
2.9811	144.7316	0.7390
2.9926	126.2988	0.7523
3.0042	109.2496	0.7675
3.0157	93.1330	0.7800
3.0273	80.6548	0.7901
3.0388	71.4589	0.8032
3.0504	63.1731	0.8176
3.0619	55.8907	0.8271
3.0735	50.5381	0.8386
3.0850	46.1769	0.8569
3.0966	41.9834	0.8688
3.1081	38.3110	0.8796
3.1197	35.6196	0.8999
3.1313	33.2325	0.9135
3.1428	30.6464	0.9215
3.1544	28.5523	0.9403
3.1659	26.8187	0.9575
3.1775	24.9643	0.9660
3.1890	22.9733	0.9831
3.2006	21.4702	1.0057
3.2121	20.2203	1.0206
3.2237	18.8906	1.0275
3.2352	17.7255	1.0490
3.2468	16.7280	1.0562
3.2584	15.7829	1.0730
3.2699	14.8635	1.0935
3.2815	14.1024	1.1108
3.2930	13.5102	1.1278
3.3046	12.8588	1.1358
3.3161	12.1730	1.1547
3.3277	11.6530	1.1631
3.3392	11.2351	1.1751
3.3508	10.7519	1.1928
3.3623	10.1462	1.2032
3.3739	9.5896	1.2119
3.3855	9.0221	1.2273
3.3970	8.3030	1.2400
3.4086	7.6122	1.2496
3.4201	6.9444	1.2649
3.4317	6.1978	1.2843
3.4432	5.4976	1.2981
3.4548	4.9771	1.3152
3.4663	4.4815	1.3390
3.4779	3.9438	1.3574
3.4894	3.5003	1.3725
3.5010	3.1653	1.3933
3.5126	2.8836	1.4108
3.5241	2.5427	1.4229
3.5357	2.2376	1.4384
3.5472	1.9722	1.4547
3.5588	1.7390	1.4659
3.5703	1.4851	1.4797
3.5819	1.2022	1.4967
3.5934	0.8930	1.5105
3.6050	0.5248	1.5247
3.6165	0.2543	1.5433
3.6281	0.0164	1.5598
3.6397	0.0000	1.5750
3.6512	0.0000	1.5926
3.6628	0.0000	1.6103
3.6743	0.0000	1.6263
3.6859	0.0000	1.6432
3.6974	0.0000	1.6591
3.7090	0.0000	1.6727
3.7205	0.0000	1.6847
3.7321	0.0000	1.6962
3.7436	0.0000	1.7074
3.7552	0.0000	1.7186
3.7668	0.0000	1.7305
3.7783	0.0000	1.7417
3.7899	0.0000	1.7527
3.8014	0.0000	1.7624
3.8130	0.0000	1.7709
3.8245	0.0000	1.7800
3.8361	0.0000	1.7893
3.8476	0.0000	1.7984
3.8592	0.0000	1.8087
3.8707	0.0000	1.8206
3.8823	0.0000	1.8314
3.8939	0.0000	1.8421
3.9054	0.0000	1.8538
3.9170	0.0000	1.8634
3.9285	0.0000	1.8712
3.9401	0.0000	1.8798
3.9516	0.0000	1.8880
3.9632	0.0000	1.8942
3.9747	0.0000	1.9013
3.9863	0.0000	1.9097
3.9978	0.0000	1.9157
4.0094	0.0000	1.9214
4.0210	0.0000	1.9291
4.0325	0.0000	1.9346
4.0441	0.0000	1.9383
4.0556	0.0000	1.9436
4.0672	0.0000	1.9474
4.0787	0.0000	1.9495
4.0903	0.0000	1.9525
4.1018	0.0000	1.9563
4.1134	0.0000	1.9589
4.1249	0.0000	1.9621
4.1365	0.0000	1.9667
4.1481	0.0000	1.9700
4.1596	0.0000	1.9726
4.1712	0.0000	1.9769
4.1827	0.0000	1.9811
4.1943	0.0000	1.9837
4.2058	0.0000	1.9872
4.2174	0.0000	1.9912
4.2289	0.0000	1.9920
4.2405	0.0000	1.9942
4.2520	0.0000	1.9978
4.2636	0.0000	2.0000
4.2752	0.0000	2.0000
4.2867	0.0000	2.0000
4.2983	0.0000	2.0000
4.3098	0.0000	2.0000
4.3214	0.0000	2.0000
4.3329	0.0000	2.0000
4.3445	0.0000	2.0000
4.3560	0.0000	2.0000
4.3676	0.0000	2.0000
4.3791	0.0000	2.0000
4.3907	0.0000	2.0000
4.4022	0.0000	2.0000
4.4138	0.0000	2.0000
4.4254	0.0000	2.0000
4.4369	0.0000	2.0000
4.4485	0.0000	2.0000
4.4600	0.0000	2.0000
