40.50	4.14	0.05
40.71	4.28	0.05
40.92	4.46	0.06
41.14	4.74	0.06
41.35	5.01	0.06
41.56	5.35	0.06
41.78	5.75	0.06
41.99	6.25	0.06
42.20	6.77	0.06
42.42	7.41	0.07
42.63	8.17	0.07
42.84	8.96	0.07
43.05	9.88	0.07
43.27	10.88	0.08
43.48	12.00	0.08
43.69	13.11	0.08
43.91	14.46	0.09
44.12	17.33	0.09
44.33	16.76	0.09
44.55	18.23	0.09
44.76	20.77	0.10
44.97	22.39	0.10
45.19	24.18	0.10
45.40	25.91	0.11
45.61	27.65	0.11
45.83	29.36	0.11
46.04	30.96	0.12
46.25	32.47	0.12
46.47	33.92	0.12
46.68	35.20	0.13
46.89	36.38	0.13
47.10	37.34	0.14
47.32	38.23	0.14
47.53	38.91	0.14
47.74	39.49	0.15
47.96	39.80	0.15
48.17	40.11	0.15
48.38	40.21	0.16
48.60	40.18	0.16
48.81	40.12	0.17
49.02	39.97	0.17
49.24	39.72	0.17
49.45	39.40	0.18
49.66	39.03	0.18
49.88	38.71	0.19
50.09	38.27	0.19
50.30	37.80	0.19
50.51	37.33	0.20
50.73	36.82	0.20
50.94	36.33	0.21
51.15	35.80	0.21
51.37	35.30	0.21
51.58	34.78	0.22
51.79	34.31	0.22
52.01	33.82	0.23
52.22	33.35	0.23
52.43	32.87	0.23
52.65	32.46	0.24
52.86	31.91	0.24
53.07	31.49	0.25
53.29	31.08	0.25
53.50	30.77	0.26
53.71	30.37	0.26
53.93	30.02	0.26
54.14	29.73	0.27
54.35	29.36	0.27
54.56	29.05	0.28
54.78	28.79	0.28
54.99	28.51	0.28
55.20	28.30	0.29
55.42	28.00	0.29
55.63	27.81	0.30
55.84	27.61	0.30
56.06	27.44	0.30
56.27	27.22	0.31
56.48	27.04	0.31
56.70	26.87	0.32
56.91	26.59	0.32
57.12	26.51	0.32
57.34	26.31	0.33
57.55	26.09	0.33
57.76	25.91	0.34
57.97	25.68	0.34
58.19	25.50	0.35
58.40	25.31	0.35
58.61	25.12	0.35
58.83	24.86	0.36
59.04	24.66	0.36
59.25	24.37	0.37
59.47	24.17	0.37
59.68	23.95	0.37
59.89	23.66	0.38
60.11	23.37	0.38
60.32	23.08	0.39
60.53	22.82	0.39
60.75	22.49	0.39
60.96	22.18	0.40
61.17	21.87	0.40
61.39	21.58	0.41
61.60	21.28	0.41
61.81	21.03	0.41
62.02	20.67	0.42
62.24	20.33	0.42
62.45	20.00	0.43
62.66	19.72	0.43
62.88	19.40	0.43
63.09	19.11	0.44
63.30	18.81	0.44
63.52	18.48	0.45
63.73	18.19	0.45
63.94	17.92	0.45
64.16	17.60	0.46
64.37	17.26	0.46
64.58	17.05	0.46
64.80	16.82	0.47
65.01	16.54	0.47
65.22	16.31	0.48
65.43	16.01	0.48
65.65	15.78	0.48
65.86	15.51	0.49
66.07	15.33	0.49
66.29	15.16	0.50
66.50	14.92	0.50
66.71	14.72	0.50
66.93	14.53	0.51
67.14	14.33	0.51
67.35	14.11	0.51
67.57	13.98	0.52
67.78	13.77	0.52
67.99	13.55	0.53
68.21	13.39	0.53
68.42	13.23	0.53
68.63	13.03	0.54
68.85	12.90	0.54
69.06	12.74	0.55
69.27	12.58	0.55
69.48	12.50	0.55
69.70	12.33	0.56
69.91	12.23	0.56
70.12	12.02	0.56
70.34	11.92	0.57
70.55	11.82	0.57
70.76	11.67	0.58
70.98	11.52	0.58
71.19	11.41	0.58
71.40	11.26	0.59
71.62	11.13	0.59
71.83	11.03	0.59
72.04	10.92	0.60
72.26	10.79	0.60
72.47	10.73	0.61
72.68	10.63	0.61
72.89	10.47	0.61
73.11	10.25	0.62
73.32	10.23	0.62
73.53	10.05	0.62
73.75	9.98	0.63
73.96	9.89	0.63
74.17	9.80	0.63
74.39	9.72	0.64
74.60	9.60	0.64
74.81	9.55	0.65
75.03	9.35	0.65
75.24	9.28	0.65
75.45	9.24	0.66
75.67	9.14	0.66
75.88	9.04	0.66
76.09	8.93	0.67
76.31	8.85	0.67
76.52	8.77	0.68
76.73	8.70	0.68
76.94	8.59	0.68
77.16	8.48	0.69
77.37	8.41	0.69
77.58	8.35	0.69
77.80	8.27	0.70
78.01	8.23	0.70
78.22	8.07	0.70
78.44	8.06	0.71
78.65	7.95	0.71
78.86	7.87	0.71
79.08	7.81	0.72
79.29	7.71	0.72
79.50	7.70	0.73
79.72	7.64	0.73
79.93	7.56	0.73
80.14	7.54	0.74
80.35	7.45	0.74
80.57	7.33	0.74
80.78	7.30	0.75
80.99	7.27	0.75
81.21	7.22	0.75
81.42	7.13	0.76
81.63	7.02	0.76
81.85	7.01	0.76
82.06	6.92	0.77
82.27	6.91	0.77
82.49	6.80	0.78
82.70	6.77	0.78
82.91	6.72	0.78
83.13	6.65	0.79
83.34	6.63	0.79
83.55	6.57	0.79
83.77	6.49	0.80
83.98	6.38	0.80
84.19	6.41	0.80
84.40	6.30	0.81
84.62	6.24	0.81
84.83	6.21	0.81
85.04	6.17	0.82
85.26	6.09	0.82
85.47	6.03	0.82
85.68	5.99	0.83
85.90	5.93	0.83
86.11	5.91	0.83
86.32	5.86	0.84
86.54	5.83	0.84
86.75	5.75	0.84
86.96	5.67	0.85
87.18	5.65	0.85
87.39	5.63	0.85
87.60	5.55	0.86
87.81	5.49	0.86
88.03	5.45	0.86
88.24	5.43	0.87
88.45	5.35	0.87
88.67	5.32	0.87
88.88	5.29	0.88
89.09	5.26	0.88
89.31	5.17	0.88
89.52	5.12	0.89
89.73	5.06	0.89
89.95	5.03	0.89
90.16	5.00	0.90
90.37	4.97	0.90
90.59	4.88	0.90
90.80	4.87	0.91
91.01	4.82	0.91
91.23	4.76	0.91
91.44	4.76	0.91
91.65	4.71	0.92
91.86	4.68	0.92
92.08	4.59	0.92
92.29	4.52	0.93
92.50	4.51	0.93
92.72	4.50	0.93
92.93	4.47	0.93
93.14	4.44	0.94
93.36	4.39	0.94
93.57	4.30	0.94
93.78	4.26	0.94
94.00	4.26	0.94
94.21	4.20	0.95
94.42	4.15	0.95
94.64	4.10	0.95
94.85	4.08	0.95
95.06	4.00	0.95
95.27	4.01	0.95
95.49	3.96	0.96
95.70	3.95	0.96
95.91	3.89	0.96
96.13	3.87	0.96
96.34	3.80	0.96
96.55	3.82	0.96
96.77	3.74	0.96
96.98	3.74	0.97
97.19	3.68	0.97
97.41	3.65	0.97
97.62	3.62	0.97
97.83	3.60	0.97
98.05	3.58	0.97
98.26	3.49	0.97
98.47	3.52	0.97
98.69	3.42	0.97
98.90	3.41	0.98
99.11	3.39	0.98
99.32	3.31	0.98
99.54	3.28	0.98
99.75	3.28	0.98
99.96	3.26	0.98
100.18	3.26	0.98
100.39	3.24	0.98
100.60	3.16	0.98
100.82	3.16	0.98
101.03	3.11	0.98
101.24	3.08	0.98
101.46	3.05	0.98
101.67	3.04	0.98
101.88	3.02	0.98
102.10	2.97	0.99
102.31	2.95	0.99
102.52	2.90	0.99
102.73	2.88	0.99
102.95	2.88	0.99
103.16	2.90	0.99
103.37	2.83	0.99
103.59	2.85	0.99
103.80	2.72	0.99
104.01	2.77	0.99
104.23	2.74	0.99
104.44	2.73	0.99
104.65	2.73	0.99
104.87	2.67	0.99
105.08	2.64	0.99
105.29	2.59	0.99
105.51	2.61	0.99
105.72	2.58	0.99
105.93	2.56	0.99
106.15	2.51	0.99
106.36	2.48	0.99
106.57	2.48	0.99
106.78	2.46	0.99
107.00	2.45	0.99
107.21	2.40	0.99
107.42	2.38	0.99
107.64	2.40	0.99
107.85	2.35	0.99
108.06	2.36	0.99
108.28	2.36	0.99
108.49	2.29	0.99
108.70	2.33	0.99
108.92	2.27	0.99
109.13	2.24	0.99
109.34	2.25	0.99
109.56	2.22	1.00
109.77	2.24	1.00
109.98	2.18	1.00
110.19	2.21	1.00
110.41	2.15	1.00
110.62	2.12	1.00
110.83	2.11	1.00
111.05	2.11	1.00
111.26	2.10	1.00
111.47	2.04	1.00
111.69	2.01	1.00
111.90	2.03	1.00
112.11	2.03	1.00
112.33	1.99	1.00
112.54	2.00	1.00
112.75	1.94	1.00
112.97	1.97	1.00
113.18	1.96	1.00
113.39	1.91	1.00
113.61	1.91	1.00
113.82	1.91	1.00
114.03	1.86	1.00
114.24	1.88	1.00
114.46	1.82	1.00
114.67	1.82	1.00
114.88	1.76	1.00
115.10	1.74	1.00
115.31	1.77	1.00
115.52	1.76	1.00
115.74	1.75	1.00
115.95	1.77	1.00
116.16	1.73	1.00
116.38	1.66	1.00
116.59	1.68	1.00
116.80	1.73	1.00
117.02	1.68	1.00
117.23	1.70	1.00
117.44	1.64	1.00
117.65	1.63	1.00
117.87	1.64	1.00
118.08	1.62	1.00
118.29	1.57	1.00
118.51	1.57	1.00
118.72	1.59	1.00
118.93	1.58	1.00
119.15	1.49	1.00
119.36	1.37	1.00
119.57	1.85	1.00
119.79	1.86	1.00
120.00	1.82	1.00
120.21	1.49	1.00
120.43	1.46	1.00
120.64	1.43	1.00
120.85	1.44	1.00
121.07	1.41	1.00
121.28	1.39	1.00
121.49	1.35	1.00
121.70	1.38	1.00
121.92	1.37	1.00
122.13	1.39	1.00
122.34	1.33	1.00
122.56	1.38	1.00
122.77	1.36	1.00
122.98	1.33	1.00
123.20	1.30	1.00
123.41	1.29	1.00
123.62	1.26	1.00
123.84	1.30	1.00
124.05	1.27	1.00
124.26	1.29	1.00
124.48	1.25	1.00
124.69	1.20	1.00
124.90	1.23	1.00
125.11	1.24	1.00
125.33	1.16	1.00
125.54	1.20	1.00
125.75	1.17	1.00
125.97	1.19	1.00
126.18	1.15	1.00
126.39	1.16	1.00
126.61	1.15	1.00
126.82	1.16	1.00
127.03	1.13	1.00
127.25	1.18	1.00
127.46	1.14	1.00
127.67	1.11	1.00
127.89	1.13	1.00
128.10	1.10	1.00
128.31	1.08	1.00
128.53	1.08	1.00
128.74	1.02	1.00
128.95	1.06	1.00
129.16	1.05	1.00
129.38	1.05	1.00
129.59	0.98	1.00
129.80	0.96	1.00
130.02	0.98	1.00
130.23	0.99	1.00
130.44	0.97	1.00
130.66	0.98	1.00
130.87	0.98	1.00
131.08	0.96	1.00
131.30	0.93	1.00
131.51	0.96	1.00
131.72	0.99	1.00
131.94	0.91	1.00
132.15	0.93	1.00
132.36	0.93	1.00
132.57	0.92	1.00
132.79	0.92	1.00
133.00	0.89	1.00
133.21	0.89	1.00
133.43	0.90	1.00
133.64	0.85	1.00
133.85	0.86	1.00
134.07	0.85	1.00
134.28	1.17	1.00
134.49	0.82	1.00
134.71	0.81	1.00
134.92	0.76	0.99
135.13	0.75	1.00
135.35	0.73	1.00
135.56	0.70	1.00
135.77	0.71	1.00
135.99	0.71	1.00
136.20	0.77	1.00
136.41	0.70	1.00
136.62	0.69	1.00
136.84	0.73	1.00
137.05	0.68	1.00
137.26	0.70	1.00
137.48	0.70	1.00
137.69	0.65	1.00
137.90	0.70	1.00
138.12	0.68	1.00
138.33	0.63	1.00
138.54	0.61	1.00
138.76	0.62	1.00
138.97	0.64	1.00
139.18	0.64	1.00
139.40	0.63	1.00
139.61	0.56	1.00
139.82	0.61	1.00
140.03	0.58	1.00
140.25	0.57	1.00
140.46	0.58	1.00
140.67	0.58	1.00
140.89	0.59	1.00
141.10	0.56	1.00
141.31	0.55	1.00
141.53	0.59	1.00
141.74	0.54	1.00
141.95	0.52	1.00
142.17	0.49	1.00
142.38	0.51	1.00
142.59	0.52	1.00
142.81	0.51	1.00
143.02	0.49	1.00
143.23	0.45	1.00
143.45	0.45	1.00
143.66	0.50	1.00
143.87	0.44	1.00
144.08	0.49	1.00
144.30	0.50	1.00
144.51	0.44	1.00
144.72	0.47	1.00
144.94	0.48	1.00
145.15	0.45	1.00
145.36	0.42	1.00
145.58	0.44	1.00
145.79	0.45	1.00
146.00	0.40	1.00
146.22	0.42	1.00
146.43	0.40	1.00
146.64	0.43	1.00
146.86	0.37	1.00
147.07	0.42	1.00
147.28	0.39	1.00
147.49	0.38	1.00
147.71	0.40	1.00
147.92	0.41	1.00
148.13	0.47	1.00
148.35	0.42	1.00
148.56	0.37	1.00
148.77	0.38	1.00
148.99	0.39	1.00
149.20	0.41	1.00
149.41	0.39	1.00
149.63	0.39	1.00
149.84	0.35	1.00
150.05	0.41	1.00
150.27	0.31	1.00
150.48	0.35	1.00
150.69	0.33	1.00
150.91	0.36	1.00
151.12	0.29	1.00
151.33	0.31	1.00
151.54	0.31	1.00
151.77	0.00	1.00
151.98	0.00	1.00
152.19	0.00	1.00
152.41	0.00	1.00
152.62	0.00	1.00
152.83	0.00	1.00
153.04	0.00	1.00