tpo	abs	sal
0.0000	0.1250	0.0141
0.0081	0.3407	0.0138
0.0162	0.5433	0.0138
0.0244	0.5595	0.0136
0.0325	0.5580	0.0136
0.0406	0.4773	0.0135
0.0487	0.2726	0.0134
0.0569	0.2555	0.0131
0.0650	0.3810	0.0130
0.0731	0.3449	0.0126
0.0812	0.3728	0.0124
0.0893	0.4327	0.0124
0.0975	0.2947	0.0123
0.1056	0.0614	0.0122
0.1137	0.0280	0.0121
0.1218	0.0585	0.0121
0.1300	0.0806	0.0119
0.1381	0.1136	0.0118
0.1462	0.1345	0.0117
0.1543	0.1154	0.0116
0.1624	0.0844	0.0115
0.1706	0.0542	0.0114
0.1787	0.0102	0.0113
0.1868	0.0000	0.0112
0.1949	0.0000	0.0111
0.2031	0.0022	0.0110
0.2112	0.0062	0.0110
0.2193	0.0120	0.0109
0.2274	0.0010	0.0109
0.2356	0.0000	0.0107
0.2437	0.0000	0.0106
0.2518	0.0000	0.0104
0.2599	0.0000	0.0103
0.2680	0.0000	0.0101
0.2762	0.0000	0.0099
0.2843	0.0000	0.0097
0.2924	0.0000	0.0095
0.3005	0.0000	0.0094
0.3087	0.0000	0.0092
0.3168	0.0000	0.0090
0.3249	0.0000	0.0088
0.3330	0.0000	0.0086
0.3411	0.0000	0.0085
0.3493	0.0239	0.0083
0.3574	0.0234	0.0081
0.3655	0.0254	0.0080
0.3736	0.0417	0.0079
0.3818	0.0443	0.0079
0.3899	0.0241	0.0078
0.3980	0.0115	0.0078
0.4061	0.0000	0.0079
0.4142	0.0000	0.0080
0.4224	0.0000	0.0081
0.4305	0.0000	0.0082
0.4386	0.0000	0.0084
0.4467	0.0000	0.0085
0.4549	0.0000	0.0085
0.4630	0.0000	0.0085
0.4711	0.0000	0.0085
0.4792	0.0057	0.0085
0.4873	0.0246	0.0084
0.4955	0.0272	0.0083
0.5036	0.0318	0.0082
0.5117	0.0380	0.0080
0.5198	0.0540	0.0079
0.5280	0.0707	0.0077
0.5361	0.0680	0.0076
0.5442	0.0586	0.0075
0.5523	0.0556	0.0074
0.5604	0.0486	0.0072
0.5686	0.0370	0.0071
0.5767	0.0425	0.0070
0.5848	0.0485	0.0069
0.5929	0.0528	0.0067
0.6011	0.0845	0.0067
0.6092	0.1177	0.0065
0.6173	0.1473	0.0064
0.6254	0.1845	0.0063
0.6336	0.2205	0.0062
0.6417	0.2328	0.0061
0.6498	0.2429	0.0060
0.6579	0.2528	0.0059
0.6660	0.2783	0.0058
0.6742	0.3107	0.0057
0.6823	0.3551	0.0056
0.6904	0.3970	0.0055
0.6985	0.4488	0.0054
0.7067	0.4852	0.0053
0.7148	0.5096	0.0053
0.7229	0.5204	0.0052
0.7310	0.5368	0.0051
0.7391	0.5537	0.0050
0.7473	0.5855	0.0050
0.7554	0.6187	0.0049
0.7635	0.6404	0.0048
0.7716	0.6439	0.0048
0.7798	0.6474	0.0047
0.7879	0.6313	0.0046
0.7960	0.6229	0.0045
0.8041	0.6330	0.0045
0.8122	0.6520	0.0044
0.8204	0.6807	0.0044
0.8285	0.7180	0.0043
0.8366	0.7371	0.0043
0.8447	0.7450	0.0042
0.8529	0.7314	0.0042
0.8610	0.7027	0.0042
0.8691	0.6922	0.0041
0.8772	0.6952	0.0041
0.8853	0.6977	0.0041
0.8935	0.7042	0.0041
0.9016	0.7210	0.0041
0.9097	0.7199	0.0040
0.9178	0.6749	0.0040
0.9260	0.6322	0.0040
0.9341	0.6163	0.0040
0.9422	0.6072	0.0040
0.9503	0.6020	0.0039
0.9585	0.6075	0.0039
0.9666	0.6180	0.0039
0.9747	0.6205	0.0038
0.9828	0.6116	0.0038
0.9909	0.5942	0.0038
0.9991	0.5821	0.0038
1.0072	0.5741	0.0037
1.0153	0.5645	0.0037
1.0234	0.5615	0.0036
1.0316	0.5600	0.0036
1.0397	0.5566	0.0036
1.0478	0.5342	0.0035
1.0559	0.5160	0.0035
1.0640	0.4976	0.0034
1.0722	0.4747	0.0034
1.0803	0.4565	0.0033
1.0884	0.4504	0.0033
1.0965	0.4263	0.0032
1.1047	0.4058	0.0032
1.1128	0.3824	0.0031
1.1209	0.3604	0.0031
1.1290	0.3259	0.0030
1.1371	0.3160	0.0030
1.1453	0.3280	0.0029
1.1534	0.3291	0.0029
1.1615	0.3143	0.0028
1.1696	0.3112	0.0028
1.1778	0.3162	0.0027
1.1859	0.3042	0.0027
1.1940	0.2938	0.0026
1.2021	0.3086	0.0026
1.2102	0.3175	0.0025
1.2184	0.3163	0.0025
1.2265	0.3103	0.0024
1.2346	0.2981	0.0024
1.2427	0.2740	0.0024
1.2509	0.2482	0.0023
1.2590	0.2314	0.0023
1.2671	0.2215	0.0022
1.2752	0.2080	0.0022
1.2833	0.2086	0.0022
1.2915	0.2130	0.0021
1.2996	0.2227	0.0021
1.3077	0.2456	0.0021
1.3158	0.2517	0.0020
1.3240	0.2388	0.0020
1.3321	0.2270	0.0020
1.3402	0.2117	0.0019
1.3483	0.1845	0.0019
1.3565	0.1718	0.0019
1.3646	0.1939	0.0019
1.3727	0.2180	0.0019
1.3808	0.2270	0.0018
1.3889	0.2259	0.0018
1.3971	0.2080	0.0018
1.4052	0.1880	0.0018
1.4133	0.1571	0.0018
1.4214	0.1276	0.0017
1.4296	0.1340	0.0017
1.4377	0.1510	0.0017
1.4458	0.1513	0.0017
1.4539	0.1513	0.0017
1.4620	0.1703	0.0016
1.4702	0.1764	0.0016
1.4783	0.1679	0.0016
1.4864	0.1731	0.0016
1.4945	0.1670	0.0016
1.5027	0.1500	0.0016
1.5108	0.1440	0.0015
1.5189	0.1404	0.0015
1.5270	0.1266	0.0015
1.5351	0.1270	0.0015
1.5433	0.1317	0.0015
1.5514	0.1253	0.0015
1.5595	0.1164	0.0014
1.5676	0.1091	0.0014
1.5758	0.0906	0.0014
1.5839	0.0811	0.0014
1.5920	0.0741	0.0013
1.6001	0.0620	0.0013
1.6082	0.0480	0.0013
1.6164	0.0529	0.0013
1.6245	0.0609	0.0012
1.6326	0.0620	0.0012
1.6407	0.0550	0.0012
1.6489	0.0538	0.0012
1.6570	0.0568	0.0011
1.6651	0.0580	0.0011
1.6732	0.0537	0.0011
1.6813	0.0577	0.0011
1.6895	0.0584	0.0011
1.6976	0.0586	0.0011
1.7057	0.0730	0.0010
1.7138	0.0839	0.0010
1.7220	0.0865	0.0010
1.7301	0.0895	0.0010
1.7382	0.0876	0.0010
1.7463	0.0716	0.0010
1.7545	0.0567	0.0010
1.7626	0.0453	0.0010
1.7707	0.0337	0.0009
1.7788	0.0370	0.0009
1.7869	0.0496	0.0009
1.7951	0.0534	0.0009
1.8032	0.0540	0.0009
1.8113	0.0651	0.0009
1.8194	0.0790	0.0008
1.8276	0.0730	0.0008
1.8357	0.0620	0.0008
1.8438	0.0650	0.0008
1.8519	0.0710	0.0008
1.8600	0.0620	0.0007
1.8682	0.0559	0.0007
1.8763	0.0602	0.0007
1.8844	0.0698	0.0007
1.8925	0.0635	0.0007
1.9007	0.0565	0.0007
1.9088	0.0506	0.0007
1.9169	0.0433	0.0006
1.9250	0.0390	0.0006
1.9331	0.0432	0.0006
1.9413	0.0471	0.0006
1.9494	0.0490	0.0006
1.9575	0.0400	0.0006
1.9656	0.0241	0.0006
1.9738	0.0312	0.0005
1.9819	0.0498	0.0005
1.9900	0.0540	0.0005
1.9981	0.0579	0.0005
2.0062	0.0670	0.0005
2.0144	0.0545	0.0005
2.0225	0.0412	0.0004
2.0306	0.0372	0.0004
2.0387	0.0543	0.0004
2.0469	0.0810	0.0004
2.0550	0.0808	0.0004
2.0631	0.0620	0.0004
2.0712	0.0520	0.0004
2.0793	0.0330	0.0004
2.0875	0.0070	0.0004
2.0956	0.0014	0.0004
2.1037	0.0245	0.0004
2.1118	0.0452	0.0004
2.1200	0.0269	0.0004
2.1281	0.0135	0.0004
2.1362	0.0253	0.0004
2.1443	0.0173	0.0004
2.1525	0.0000	0.0004
2.1606	0.0152	0.0004
2.1687	0.0286	0.0004
2.1768	0.0265	0.0004
2.1849	0.0250	0.0004
2.1931	0.0289	0.0004
2.2012	0.0371	0.0004
2.2093	0.0532	0.0004
2.2174	0.0764	0.0004
2.2256	0.0841	0.0004
2.2337	0.0553	0.0004
2.2418	0.0338	0.0004
2.2499	0.0366	0.0004
2.2580	0.0247	0.0003
2.2662	0.0144	0.0003
2.2743	0.0403	0.0003
2.2824	0.0639	0.0003
2.2905	0.0640	0.0003
2.2987	0.0690	0.0003
2.3068	0.0651	0.0002
2.3149	0.0392	0.0002
2.3230	0.0172	0.0002
2.3311	0.0000	0.0002
2.3393	0.0000	0.0002
2.3474	0.0000	0.0002
2.3555	0.0000	0.0001
2.3636	0.0306	0.0001
2.3718	0.0584	0.0001
2.3799	0.0806	0.0001
2.3880	0.0978	0.0000
2.3961	0.0987	0.0000
2.4042	0.0915	0.0000
2.4124	0.1065	0.0000
2.4205	0.1199	0.0002
2.4286	0.1323	0.0004
2.4367	0.1516	0.0011
2.4449	0.1541	0.0020
2.4530	0.1336	0.0036
2.4611	0.1169	0.0065
2.4692	0.1013	0.0098
2.4774	0.0677	0.0151
2.4855	0.0433	0.0195
2.4936	0.0189	0.0289
2.5017	0.0000	0.0342
2.5098	0.0000	0.0478
2.5180	0.0000	0.0581
2.5261	0.0000	0.0660
2.5342	0.0000	0.0714
2.5423	0.0000	0.0876
2.5505	0.0000	0.0910
2.5586	0.0000	0.1026
2.5667	0.0000	0.1160
2.5748	0.0000	0.1330
2.5829	0.0000	0.1375
2.5911	0.0000	0.1548
2.5992	0.0000	0.1574
2.6073	0.0000	0.1727
2.6154	0.0000	0.1763
2.6236	0.0000	0.1917
2.6317	0.0000	0.1939
2.6398	0.0000	0.2085
2.6479	0.0000	0.2117
2.6560	0.0000	0.2290
2.6642	0.0000	0.2319
2.6723	0.0000	0.2497
2.6804	0.0000	0.2550
2.6885	0.0000	0.2742
2.6967	0.0000	0.2798
2.7048	0.0000	0.2978
2.7129	0.0000	0.3055
2.7210	0.0000	0.3247
2.7291	0.0000	0.3327
2.7373	0.0000	0.3512
2.7454	0.0000	0.3613
2.7535	0.0000	0.3823
2.7616	0.0000	0.3938
2.7698	0.0000	0.4147
2.7779	0.0000	0.4287
2.7860	0.0000	0.4499
2.7941	0.0000	0.4642
2.8022	0.0000	0.4830
2.8104	0.0000	0.4977
2.8185	0.0000	0.5161
2.8266	0.0000	0.5306
2.8347	0.0000	0.5471
2.8429	0.0000	0.5617
2.8510	0.0000	0.5772
2.8591	0.0000	0.5909
2.8672	0.0000	0.6044
2.8754	0.0000	0.6170
2.8835	0.0000	0.6295
2.8916	0.8961	0.6414
2.8997	2.1556	0.6531
2.9078	3.6432	0.6650
2.9160	5.7162	0.6768
2.9241	7.9203	0.6889
2.9322	11.0978	0.7006
2.9403	14.7620	0.7124
2.9485	20.2581	0.7238
2.9566	25.5473	0.7352
2.9647	33.1098	0.7466
2.9728	41.1584	0.7577
2.9809	53.3219	0.7687
2.9891	64.9125	0.7791
2.9972	80.8812	0.7900
3.0053	96.4746	0.7997
3.0134	120.2571	0.8102
3.0216	142.0393	0.8194
3.0297	173.2334	0.8302
3.0378	200.0820	0.8390
3.0459	235.3714	0.8495
3.0540	269.9313	0.8575
3.0622	317.3459	0.8685
3.0703	355.4989	0.8763
3.0784	410.5729	0.8872
3.0865	460.7481	0.8947
3.0947	530.4433	0.9071
3.1028	587.4069	0.9150
3.1109	661.1966	0.9282
3.1190	724.0660	0.9352
3.1271	797.9053	0.9499
3.1353	855.0906	0.9568
3.1434	920.1837	0.9713
3.1515	963.3618	0.9770
3.1596	1014.4547	0.9933
3.1678	1050.6726	0.9991
3.1759	1087.6511	1.0158
3.1840	1110.1850	1.0199
3.1921	1133.3782	1.0379
3.2002	1146.0395	1.0427
3.2084	1152.7261	1.0596
3.2165	1147.9546	1.0634
3.2246	1135.9705	1.0811
3.2327	1116.3928	1.0861
3.2409	1087.0379	1.1029
3.2490	1056.4520	1.1069
3.2571	1022.4044	1.1251
3.2652	990.6976	1.1308
3.2734	949.7583	1.1481
3.2815	915.0893	1.1526
3.2896	878.1954	1.1698
3.2977	848.8636	1.1751
3.3058	816.3710	1.1834
3.3140	791.4425	1.1938
3.3221	765.2792	1.2130
3.3302	746.7658	1.2200
3.3383	727.7768	1.2348
3.3465	712.6382	1.2493
3.3546	696.0107	1.2611
3.3627	682.0358	1.2654
3.3708	668.0696	1.2789
3.3789	654.8746	1.2875
3.3871	640.0544	1.3019
3.3952	625.6109	1.3110
3.4033	611.6759	1.3232
3.4114	596.6357	1.3332
3.4196	579.4796	1.3465
3.4277	557.3474	1.3572
3.4358	534.0988	1.3689
3.4439	505.8411	1.3807
3.4520	476.2556	1.3934
3.4602	437.7674	1.4060
3.4683	400.0663	1.4166
3.4764	358.7839	1.4292
3.4845	323.3881	1.4399
3.4927	287.8532	1.4522
3.5008	254.9178	1.4614
3.5089	224.1030	1.4740
3.5170	201.5272	1.4845
3.5251	180.5641	1.4988
3.5333	163.3876	1.5085
3.5414	147.5727	1.5232
3.5495	136.3707	1.5335
3.5576	125.7691	1.5478
3.5658	117.0604	1.5564
3.5739	108.0421	1.5694
3.5820	100.9930	1.5782
3.5901	93.4103	1.5910
3.5982	87.7157	1.5991
3.6064	80.8001	1.6123
3.6145	75.2598	1.6214
3.6226	69.2447	1.6355
3.6307	65.2135	1.6441
3.6389	60.5814	1.6571
3.6470	56.9602	1.6660
3.6551	52.9614	1.6778
3.6632	50.2507	1.6854
3.6714	47.3629	1.6935
3.6795	44.9893	1.6993
3.6876	42.0370	1.7036
3.6957	39.7702	1.7068
3.7038	37.3142	1.7104
3.7120	35.4559	1.7133
3.7201	33.1083	1.7196
3.7282	31.4501	1.7251
3.7363	29.6565	1.7340
3.7445	28.3899	1.7424
3.7526	26.9110	1.7516
3.7607	25.7767	1.7609
3.7688	24.4630	1.7691
3.7769	23.5132	1.7778
3.7851	22.3746	1.7851
3.7932	21.4945	1.7933
3.8013	20.4498	1.8002
3.8094	19.6276	1.8083
3.8176	18.7291	1.8147
3.8257	18.0027	1.8227
3.8338	17.0943	1.8292
3.8419	16.3517	1.8371
3.8500	15.5797	1.8435
3.8582	14.9741	1.8521
3.8663	14.2709	1.8591
3.8744	13.7049	1.8680
3.8825	13.1436	1.8749
3.8907	12.7272	1.8840
3.8988	12.2829	1.8911
3.9069	11.9181	1.8994
3.9150	11.5349	1.9055
3.9231	11.1882	1.9127
3.9313	10.8249	1.9185
3.9394	10.4722	1.9246
3.9475	10.1044	1.9295
3.9556	9.7327	1.9352
3.9638	1.2934	1.9403
3.9719	1.0033	1.9454
3.9800	0.7093	1.9499
3.9881	0.4080	1.9545
3.9963	0.1577	1.9594
4.0044	0.0000	1.9637
4.0125	0.0000	1.9682
4.0206	0.0000	1.9716
4.0287	0.0000	1.9759
4.0369	0.0000	1.9786
4.0450	0.0000	1.9821
4.0531	0.0000	1.9845
4.0612	0.0000	1.9885
4.0694	0.0000	1.9908
4.0775	0.0000	1.9945
4.0856	0.0000	1.9964
4.0937	0.0000	2.0000
4.1018	0.0000	2.0000
4.1100	0.0000	2.0000
4.1181	0.0000	2.0000
4.1262	0.0000	2.0000
4.1343	0.0000	2.0000
4.1425	0.0000	2.0000
4.1506	0.0000	2.0000
4.1587	0.0000	2.0000
4.1668	0.0000	2.0000
4.1749	0.0000	2.0000
4.1831	0.0000	2.0000
4.1912	0.0000	2.0000
4.1993	0.0000	2.0000
4.2074	0.0000	2.0000
4.2156	0.0000	2.0000
4.2237	0.0000	2.0000
4.2318	0.0000	2.0000
4.2399	0.0000	2.0000
4.2480	0.0000	2.0000
4.2562	0.0000	2.0000
4.2643	0.0000	2.0000
4.2724	0.0000	2.0000
4.2805	0.0000	2.0000
4.2887	0.0000	2.0000
4.2968	0.0000	2.0000
4.3049	0.0000	2.0000
4.3130	0.0000	2.0000
4.3211	0.0000	2.0000
4.3293	0.0000	2.0000
4.3374	0.0000	2.0000
4.3455	0.0000	2.0000
4.3536	0.0000	2.0000
4.3618	0.0000	2.0000
4.3699	0.0000	2.0000
4.3780	0.0000	2.0000
4.3861	0.0000	2.0000
4.3943	0.0000	2.0000
4.4024	0.0000	2.0000
4.4105	0.0000	2.0000
4.4186	0.0000	2.0000
4.4267	0.0000	2.0000
4.4349	0.0000	2.0000
4.4430	0.0000	2.0000
4.4511	0.0000	2.0000
4.4592	0.0000	2.0000
4.4674	0.0000	2.0000
4.4755	0.0000	2.0000
4.4836	0.0000	2.0000
4.4917	0.0000	2.0000
4.4998	0.0000	2.0000
4.5080	0.0000	2.0000
4.5161	0.0000	2.0000
