tpo	abs	sal
0.0000	0.0000	0.0113
0.0081	0.1115	0.0111
0.0162	0.2524	0.0110
0.0244	0.2018	0.0108
0.0325	0.1312	0.0107
0.0406	0.0471	0.0105
0.0487	0.0000	0.0102
0.0569	0.0000	0.0104
0.0650	0.1444	0.0107
0.0731	0.2127	0.0110
0.0812	0.2870	0.0113
0.0893	0.3756	0.0110
0.0975	0.2519	0.0105
0.1056	0.0241	0.0101
0.1137	0.0000	0.0097
0.1218	0.0148	0.0096
0.1300	0.0326	0.0095
0.1381	0.0514	0.0094
0.1462	0.0699	0.0094
0.1543	0.0711	0.0093
0.1624	0.0551	0.0092
0.1706	0.0341	0.0092
0.1787	0.0012	0.0091
0.1868	0.0000	0.0090
0.1949	0.0000	0.0090
0.2031	0.0000	0.0089
0.2112	0.0000	0.0089
0.2193	0.0000	0.0089
0.2274	0.0000	0.0090
0.2356	0.0000	0.0091
0.2437	0.0000	0.0092
0.2518	0.0000	0.0094
0.2599	0.0000	0.0094
0.2680	0.0000	0.0094
0.2762	0.0000	0.0094
0.2843	0.0000	0.0093
0.2924	0.0000	0.0091
0.3005	0.0000	0.0090
0.3087	0.0000	0.0088
0.3168	0.0000	0.0085
0.3249	0.0000	0.0083
0.3330	0.0000	0.0080
0.3411	0.0000	0.0077
0.3493	0.0000	0.0074
0.3574	0.0000	0.0072
0.3655	0.0493	0.0068
0.3736	0.1550	0.0067
0.3818	0.2864	0.0063
0.3899	0.4582	0.0062
0.3980	0.6447	0.0059
0.4061	0.8582	0.0058
0.4142	1.0593	0.0055
0.4224	1.2886	0.0054
0.4305	1.5074	0.0051
0.4386	1.7629	0.0050
0.4467	2.0314	0.0047
0.4549	2.3580	0.0046
0.4630	2.6203	0.0043
0.4711	2.9091	0.0043
0.4792	3.1863	0.0040
0.4873	3.5209	0.0040
0.4955	3.8050	0.0038
0.5036	4.0930	0.0037
0.5117	4.3468	0.0034
0.5198	4.6359	0.0034
0.5280	4.8615	0.0032
0.5361	5.0925	0.0030
0.5442	5.2695	0.0029
0.5523	5.4690	0.0029
0.5604	5.6288	0.0028
0.5686	5.8205	0.0028
0.5767	5.9494	0.0027
0.5848	6.0934	0.0027
0.5929	6.2232	0.0025
0.6011	6.3811	0.0025
0.6092	6.4839	0.0025
0.6173	6.5874	0.0024
0.6254	6.6763	0.0024
0.6336	6.7898	0.0024
0.6417	6.8714	0.0023
0.6498	6.9578	0.0023
0.6579	7.0278	0.0023
0.6660	7.1342	0.0023
0.6742	7.2219	0.0023
0.6823	7.3215	0.0023
0.6904	7.4021	0.0023
0.6985	7.4974	0.0023
0.7067	7.5607	0.0023
0.7148	7.6272	0.0023
0.7229	7.6618	0.0024
0.7310	7.6925	0.0024
0.7391	7.7040	0.0024
0.7473	7.7068	0.0024
0.7554	7.6802	0.0024
0.7635	7.6344	0.0024
0.7716	7.5839	0.0025
0.7798	7.5327	0.0025
0.7879	7.4716	0.0025
0.7960	7.4059	0.0025
0.8041	7.3589	0.0026
0.8122	7.2921	0.0026
0.8204	7.2046	0.0026
0.8285	7.1092	0.0026
0.8366	7.0149	0.0026
0.8447	6.9065	0.0026
0.8529	6.7992	0.0026
0.8610	6.6829	0.0027
0.8691	6.5916	0.0027
0.8772	6.5144	0.0027
0.8853	6.4498	0.0027
0.8935	6.3794	0.0027
0.9016	6.3180	0.0027
0.9097	6.2585	0.0026
0.9178	6.1832	0.0026
0.9260	6.1074	0.0026
0.9341	6.0476	0.0026
0.9422	6.0004	0.0025
0.9503	5.9559	0.0025
0.9585	5.9113	0.0024
0.9666	5.8783	0.0024
0.9747	5.8474	0.0024
0.9828	5.7938	0.0024
0.9909	5.7457	0.0023
0.9991	5.6963	0.0023
1.0072	5.6452	0.0023
1.0153	5.5915	0.0022
1.0234	5.5608	0.0022
1.0316	5.5316	0.0022
1.0397	5.5022	0.0022
1.0478	5.4487	0.0021
1.0559	5.3943	0.0021
1.0640	5.3139	0.0021
1.0722	5.2322	0.0021
1.0803	5.1386	0.0020
1.0884	5.0618	0.0020
1.0965	4.9742	0.0019
1.1047	4.9175	0.0019
1.1128	4.8392	0.0019
1.1209	4.7721	0.0018
1.1290	4.6616	0.0018
1.1371	4.5815	0.0018
1.1453	4.5161	0.0017
1.1534	4.4668	0.0017
1.1615	4.3802	0.0017
1.1696	4.3388	0.0017
1.1778	4.2977	0.0016
1.1859	4.2339	0.0016
1.1940	4.1564	0.0016
1.2021	4.1150	0.0016
1.2102	4.0563	0.0016
1.2184	4.0099	0.0016
1.2265	3.9586	0.0015
1.2346	3.8989	0.0015
1.2427	3.8137	0.0015
1.2509	3.7546	0.0015
1.2590	3.7101	0.0015
1.2671	3.6646	0.0015
1.2752	3.6189	0.0015
1.2833	3.6002	0.0015
1.2915	3.5577	0.0014
1.2996	3.5158	0.0014
1.3077	3.4966	0.0014
1.3158	3.4623	0.0014
1.3240	3.4068	0.0014
1.3321	3.3949	0.0014
1.3402	3.3755	0.0014
1.3483	3.3298	0.0013
1.3565	3.2990	0.0013
1.3646	3.3113	0.0013
1.3727	3.3160	0.0013
1.3808	3.2993	0.0013
1.3889	3.2682	0.0013
1.3971	3.2269	0.0013
1.4052	3.1857	0.0013
1.4133	3.1456	0.0013
1.4214	3.1098	0.0013
1.4296	3.1000	0.0013
1.4377	3.0991	0.0013
1.4458	3.0861	0.0013
1.4539	3.0700	0.0013
1.4620	3.0579	0.0013
1.4702	3.0421	0.0013
1.4783	3.0083	0.0013
1.4864	2.9774	0.0013
1.4945	2.9700	0.0013
1.5027	2.9670	0.0013
1.5108	2.9551	0.0013
1.5189	2.9468	0.0013
1.5270	2.9398	0.0013
1.5351	2.9243	0.0013
1.5433	2.8991	0.0013
1.5514	2.8803	0.0013
1.5595	2.8566	0.0013
1.5676	2.8323	0.0013
1.5758	2.7969	0.0013
1.5839	2.7666	0.0012
1.5920	2.7514	0.0012
1.6001	2.7409	0.0012
1.6082	2.7098	0.0012
1.6164	2.6918	0.0012
1.6245	2.6696	0.0012
1.6326	2.6366	0.0012
1.6407	2.5811	0.0012
1.6489	2.5509	0.0012
1.6570	2.5281	0.0012
1.6651	2.5084	0.0012
1.6732	2.4632	0.0012
1.6813	2.4376	0.0011
1.6895	2.4292	0.0011
1.6976	2.4202	0.0011
1.7057	2.3961	0.0011
1.7138	2.3904	0.0011
1.7220	2.3746	0.0011
1.7301	2.3361	0.0011
1.7382	2.2926	0.0011
1.7463	2.2495	0.0010
1.7545	2.1990	0.0010
1.7626	2.1596	0.0010
1.7707	2.1227	0.0010
1.7788	2.1012	0.0010
1.7869	2.0977	0.0010
1.7951	2.0926	0.0010
1.8032	2.0680	0.0009
1.8113	2.0580	0.0009
1.8194	2.0524	0.0009
1.8276	2.0087	0.0009
1.8357	1.9505	0.0009
1.8438	1.9288	0.0009
1.8519	1.9072	0.0009
1.8600	1.8664	0.0008
1.8682	1.8334	0.0008
1.8763	1.8365	0.0008
1.8844	1.8519	0.0008
1.8925	1.8373	0.0008
1.9007	1.8058	0.0008
1.9088	1.7950	0.0007
1.9169	1.7905	0.0007
1.9250	1.7567	0.0007
1.9331	1.7229	0.0007
1.9413	1.7201	0.0007
1.9494	1.7078	0.0007
1.9575	1.6781	0.0007
1.9656	1.6509	0.0006
1.9738	1.6434	0.0006
1.9819	1.6369	0.0006
1.9900	1.6207	0.0006
1.9981	1.6009	0.0006
2.0062	1.5831	0.0006
2.0144	1.5634	0.0005
2.0225	1.5329	0.0005
2.0306	1.5060	0.0005
2.0387	1.5106	0.0005
2.0469	1.5252	0.0005
2.0550	1.5120	0.0005
2.0631	1.5002	0.0005
2.0712	1.4883	0.0005
2.0793	1.4573	0.0005
2.0875	1.4177	0.0004
2.0956	1.3960	0.0004
2.1037	1.3890	0.0004
2.1118	1.3910	0.0004
2.1200	1.3773	0.0004
2.1281	1.3616	0.0004
2.1362	1.3634	0.0003
2.1443	1.3653	0.0003
2.1525	1.3500	0.0003
2.1606	1.3457	0.0003
2.1687	1.3399	0.0003
2.1768	1.3234	0.0003
2.1849	1.3011	0.0003
2.1931	1.2878	0.0003
2.2012	1.2753	0.0002
2.2093	1.2673	0.0002
2.2174	1.2740	0.0002
2.2256	1.2810	0.0002
2.2337	1.2717	0.0002
2.2418	1.2711	0.0002
2.2499	1.2870	0.0002
2.2580	1.2900	0.0002
2.2662	1.2870	0.0001
2.2743	1.2916	0.0001
2.2824	1.2905	0.0001
2.2905	1.2810	0.0001
2.2987	1.2830	0.0001
2.3068	1.2843	0.0001
2.3149	1.2820	0.0001
2.3230	1.2835	0.0001
2.3311	1.2810	0.0001
2.3393	1.2564	0.0001
2.3474	1.2248	0.0000
2.3555	1.2080	0.0000
2.3636	1.2032	0.0000
2.3718	1.1971	0.0000
2.3799	1.1830	0.0000
2.3880	1.1870	0.0000
2.3961	1.1910	0.0000
2.4042	1.1830	0.0001
2.4124	1.1781	0.0006
2.4205	1.1877	0.0008
2.4286	1.1990	0.0030
2.4367	1.2024	0.0042
2.4449	1.2039	0.0090
2.4530	1.2421	0.0105
2.4611	1.2974	0.0187
2.4692	1.4051	0.0222
2.4774	1.5688	0.0325
2.4855	1.8687	0.0417
2.4936	2.2412	0.0490
2.5017	2.7514	0.0520
2.5098	3.3212	0.0626
2.5180	4.3402	0.0681
2.5261	5.5563	0.0733
2.5342	8.1179	0.0819
2.5423	10.8821	0.0957
2.5505	16.9877	0.1030
2.5586	24.7844	0.1130
2.5667	40.5792	0.1271
2.5748	55.6250	0.1377
2.5829	78.5865	0.1428
2.5911	104.7763	0.1528
2.5992	139.1739	0.1646
2.6073	169.1781	0.1761
2.6154	202.7761	0.1893
2.6236	231.7342	0.1981
2.6317	259.4526	0.2116
2.6398	280.8037	0.2216
2.6479	296.2402	0.2359
2.6560	303.2422	0.2433
2.6642	304.2286	0.2572
2.6723	301.6843	0.2658
2.6804	293.5090	0.2806
2.6885	285.8471	0.2869
2.6967	274.3755	0.3014
2.7048	264.1184	0.3092
2.7129	250.3570	0.3252
2.7210	240.2032	0.3308
2.7291	228.5211	0.3459
2.7373	219.1354	0.3531
2.7454	208.3207	0.3692
2.7535	200.6296	0.3741
2.7616	192.9072	0.3887
2.7698	187.9742	0.3951
2.7779	182.0194	0.4109
2.7860	177.5796	0.4154
2.7941	172.4572	0.4296
2.8022	168.9873	0.4357
2.8104	164.5834	0.4515
2.8185	161.2840	0.4560
2.8266	157.3072	0.4704
2.8347	154.0986	0.4773
2.8429	150.2924	0.4933
2.8510	146.5780	0.4995
2.8591	140.9500	0.5134
2.8672	135.2286	0.5219
2.8754	129.3477	0.5350
2.8835	122.9869	0.5443
2.8916	115.5037	0.5571
2.8997	109.5386	0.5664
2.9078	103.3851	0.5782
2.9160	98.2953	0.5879
2.9241	92.5938	0.5996
2.9322	87.8625	0.6094
2.9403	82.9513	0.6207
2.9485	78.9942	0.6309
2.9566	74.5202	0.6421
2.9647	70.8132	0.6525
2.9728	66.9886	0.6632
2.9809	63.9472	0.6737
2.9891	60.7278	0.6842
2.9972	57.7418	0.6946
3.0053	54.7317	0.7051
3.0134	52.1535	0.7159
3.0216	49.6180	0.7265
3.0297	47.3096	0.7375
3.0378	44.9952	0.7484
3.0459	42.9198	0.7598
3.0540	41.0239	0.7711
3.0622	39.2181	0.7827
3.0703	37.4622	0.7943
3.0784	35.6028	0.8056
3.0865	34.0052	0.8169
3.0947	32.3720	0.8277
3.1028	30.7963	0.8392
3.1109	29.1090	0.8497
3.1190	27.6995	0.8612
3.1271	26.2914	0.8718
3.1353	25.1070	0.8844
3.1434	23.8991	0.8951
3.1515	22.8489	0.9077
3.1596	21.7166	0.9175
3.1678	20.9168	0.9307
3.1759	20.0030	0.9402
3.1840	19.2470	0.9532
3.1921	18.3812	0.9622
3.2002	17.7833	0.9765
3.2084	17.0509	0.9854
3.2165	16.4060	0.9997
3.2246	15.6586	1.0073
3.2327	15.0875	1.0225
3.2409	14.4022	1.0296
3.2490	13.9135	1.0440
3.2571	13.3422	1.0498
3.2652	12.8736	1.0654
3.2734	12.2956	1.0715
3.2815	11.9014	1.0877
3.2896	11.4174	1.0924
3.2977	11.0382	1.1103
3.3058	10.5905	1.1160
3.3140	10.3306	1.1332
3.3221	9.9875	1.1381
3.3302	9.7078	1.1562
3.3383	9.3534	1.1624
3.3465	9.0885	1.1793
3.3546	8.7944	1.1844
3.3627	8.5583	1.2009
3.3708	8.2579	1.2072
3.3789	8.0159	1.2217
3.3871	7.7404	1.2268
3.3952	7.5272	1.2409
3.4033	7.2747	1.2472
3.4114	7.1037	1.2598
3.4196	6.9424	1.2651
3.4277	6.8464	1.2780
3.4358	6.7169	1.2851
3.4439	6.6233	1.2978
3.4520	6.5204	1.3044
3.4602	6.4015	1.3172
3.4683	6.2750	1.3252
3.4764	6.1702	1.3313
3.4845	6.0333	1.3407
3.4927	5.8963	1.3554
3.5008	5.7566	1.3645
3.5089	5.6525	1.3742
3.5170	5.5609	1.3882
3.5251	5.5173	1.3990
3.5333	5.4970	1.4048
3.5414	5.4984	1.4136
3.5495	5.5030	1.4245
3.5576	5.5380	1.4296
3.5658	5.5856	1.4395
3.5739	5.6232	1.4527
3.5820	5.6796	1.4646
3.5901	5.7274	1.4729
3.5982	5.7365	1.4861
3.6064	5.6738	1.4928
3.6145	5.6185	1.5065
3.6226	5.5103	1.5143
3.6307	5.4002	1.5292
3.6389	5.2940	1.5355
3.6470	5.2136	1.5505
3.6551	5.1143	1.5577
3.6632	5.0258	1.5740
3.6714	4.9413	1.5797
3.6795	4.8626	1.5956
3.6876	4.7817	1.6022
3.6957	4.7438	1.6190
3.7038	4.6852	1.6241
3.7120	4.6337	1.6396
3.7201	4.5457	1.6454
3.7282	4.4624	1.6609
3.7363	4.3191	1.6654
3.7445	4.1911	1.6798
3.7526	4.0295	1.6849
3.7607	3.9033	1.6995
3.7688	3.7633	1.7041
3.7769	3.6455	1.7170
3.7851	3.4929	1.7227
3.7932	3.3900	1.7352
3.8013	3.2694	1.7406
3.8094	3.1671	1.7516
3.8176	3.0447	1.7577
3.8257	2.9593	1.7680
3.8338	2.8645	1.7738
3.8419	2.8003	1.7828
3.8500	2.7692	1.7889
3.8582	2.7623	1.7975
3.8663	2.7573	1.8034
3.8744	2.7645	1.8108
3.8825	2.7370	1.8166
3.8907	2.6705	1.8231
3.8988	2.5798	1.8281
3.9069	2.4960	1.8332
3.9150	2.4021	1.8375
3.9231	2.3257	1.8422
3.9313	2.2197	1.8463
3.9394	2.1431	1.8508
3.9475	2.0686	1.8552
3.9556	2.0054	1.8600
3.9638	0.0000	1.8649
3.9719	0.0000	1.8699
3.9800	0.0000	1.8751
3.9881	0.0000	1.8800
3.9963	0.0000	1.8848
4.0044	0.0000	1.8889
4.0125	0.0000	1.8926
4.0206	0.0000	1.8958
4.0287	0.0000	1.8985
4.0369	0.0000	1.9010
4.0450	0.0000	1.9033
4.0531	0.0000	1.9056
4.0612	0.0000	1.9079
4.0694	0.0000	1.9103
4.0775	0.0000	1.9126
4.0856	0.0000	1.9151
4.0937	0.0000	1.9173
4.1018	0.0000	1.9198
4.1100	0.0000	1.9219
4.1181	0.0000	1.9243
4.1262	0.0000	1.9263
4.1343	0.0000	1.9287
4.1425	0.0000	1.9304
4.1506	0.0000	1.9327
4.1587	0.0000	1.9343
4.1668	0.0000	1.9366
4.1749	0.0000	1.9380
4.1831	0.0000	1.9402
4.1912	0.0000	1.9413
4.1993	0.0000	1.9434
4.2074	0.0000	1.9444
4.2156	0.0000	1.9462
4.2237	0.0000	1.9469
4.2318	0.0000	1.9488
4.2399	0.0000	1.9495
4.2480	0.0000	1.9513
4.2562	0.0000	1.9519
4.2643	0.0000	1.9535
4.2724	0.0000	1.9541
4.2805	0.0000	1.9553
4.2887	0.0000	1.9557
4.2968	0.0000	1.9567
4.3049	0.0000	1.9572
4.3130	0.0000	1.9582
4.3211	0.0000	1.9587
4.3293	0.0000	1.9597
4.3374	0.0000	1.9602
4.3455	0.0000	1.9612
4.3536	0.0000	1.9616
4.3618	0.0000	1.9625
4.3699	0.0000	1.9629
4.3780	0.0000	1.9637
4.3861	0.0000	1.9641
4.3943	0.0000	1.9647
4.4024	0.0000	1.9651
4.4105	0.0000	1.9656
4.4186	0.0000	1.9659
4.4267	0.0000	1.9664
4.4349	0.0000	1.9668
4.4430	0.0000	1.9674
4.4511	0.0000	1.9679
4.4592	0.0000	1.9685
4.4674	0.0000	1.9691
4.4755	0.0000	1.9694
4.4836	0.0000	1.9699
4.4917	0.0000	1.9707
4.4998	0.0000	1.9713
4.5080	0.0000	1.9716
4.5161	0.0000	1.9722
4.5242	0.0000	1.9726
4.5323	0.0000	1.9728
4.5405	0.0000	1.9730
4.5486	0.0000	1.9734
4.5567	0.0000	1.9735
4.5648	0.0000	1.9737
4.5729	0.0000	1.9740
4.5811	0.0000	1.9744
4.5892	0.0000	1.9746
4.5973	0.0000	1.9751
4.6054	0.0000	1.9752
4.6136	0.0000	1.9759
4.6217	0.0000	1.9762
4.6298	0.0000	1.9770
4.6379	0.0000	1.9771
4.6460	0.0000	1.9779
4.6542	0.0000	1.9781
4.6623	0.0000	1.9787
4.6704	0.0000	1.9788
4.6785	0.0000	1.9793
4.6867	0.0000	1.9794
4.6948	0.0000	1.9800
4.7029	0.0000	1.9801
4.7110	0.0000	1.9807
4.7191	0.0000	1.9808
4.7273	0.0000	1.9812
4.7354	0.0000	1.9813
4.7435	0.0000	1.9817
4.7516	0.0000	1.9818
4.7598	0.0000	1.9822
4.7679	0.0000	1.9823
4.7760	0.0000	1.9825
4.7841	0.0000	1.9827
4.7923	0.0000	1.9829
4.8004	0.0000	1.9831
4.8085	0.0000	1.9836
4.8166	0.0000	1.9839
4.8247	0.0000	1.9844
4.8329	0.0000	1.9847
4.8410	0.0000	1.9850
4.8491	0.0000	1.9852
4.8572	0.0000	1.9855
4.8654	0.0000	1.9857
4.8735	0.0000	1.9859
4.8816	0.0000	1.9862
4.8897	0.0000	1.9865
4.8978	0.0000	1.9867
4.9060	0.0000	1.9869
4.9141	0.0000	1.9870
4.9222	0.0000	1.9870
4.9303	0.0000	1.9870
4.9385	0.0000	1.9869
4.9466	0.0000	1.9867
4.9547	0.0000	1.9867
4.9628	0.0000	1.9867
4.9709	0.0000	1.9868
4.9791	0.0000	1.9870
4.9872	0.0000	1.9873
4.9953	0.0000	1.9876
5.0034	0.0000	1.9878
5.0116	0.0000	1.9880
5.0197	0.0000	1.9881
5.0278	0.0000	1.9882
5.0359	0.0000	1.9883
5.0440	0.0000	1.9883
5.0522	0.0000	1.9883
5.0603	0.0000	1.9882
5.0684	0.0000	1.9882
5.0765	0.0000	1.9882
5.0847	0.0000	1.9883
5.0928	0.0000	1.9884
5.1009	0.0000	1.9886
5.1090	0.0000	1.9889
5.1171	0.0000	1.9892
5.1253	0.0000	1.9894
5.1334	0.0000	1.9896
5.1415	0.0000	1.9897
5.1496	0.0000	1.9897
5.1578	0.0000	1.9897
5.1659	0.0000	1.9897
5.1740	0.0000	1.9897
5.1821	0.0000	1.9898
5.1903	0.0000	1.9899
5.1984	0.0000	1.9900
5.2065	0.0000	1.9902
5.2146	0.0000	1.9904
5.2227	0.0000	1.9906
5.2309	0.0000	1.9910
5.2390	0.0000	1.9912
5.2471	0.0000	1.9915
5.2552	0.0000	1.9917
5.2634	0.0000	1.9919
5.2715	0.0000	1.9920
5.2796	0.0000	1.9922
5.2877	0.0000	1.9923
5.2958	0.0000	1.9926
5.3040	0.0000	1.9928
5.3121	0.0000	1.9931
5.3202	0.0000	1.9933
5.3283	0.0000	1.9936
5.3365	0.0000	1.9937
5.3446	0.0000	1.9938
5.3527	0.0000	1.9938
5.3608	0.0000	1.9939
5.3689	0.0000	1.9940
5.3771	0.0000	1.9943
5.3852	0.0000	1.9945
5.3933	0.0000	1.9948
5.4014	0.0000	1.9952
5.4096	0.0000	1.9956
5.4177	0.0000	1.9959
5.4258	0.0000	1.9962
5.4339	0.0000	1.9966
5.4420	0.0000	1.9969
5.4502	0.0000	1.9971
5.4583	0.0000	1.9973
5.4664	0.0000	1.9976
5.4745	0.0000	1.9977
5.4827	0.0000	1.9979
5.4908	0.0000	1.9979
5.4989	0.0000	1.9980
5.5070	0.0000	1.9981
5.5152	0.0000	1.9983
5.5233	0.0000	1.9986
5.5314	0.0000	1.9991
5.5395	0.0000	1.9992
5.5476	0.0000	1.9997
5.5558	0.0000	2.0000
